normal_rasters/0772100000302916.ascii
ncols 55 
nrows 63 
xllcorner 159173.093994
yllcorner 384401.840027
cellsize 0.25
nodata_value -9999 
[rows 0 to 35 of 63, columns 0 to 54 of 55]
43.8969 43.8831 42.8908 42.8927 42.8951 42.8982 42.9019 42.9065 42.9119 43.2168 43.5995 43.6224 43.6475 44.7786 44.8003 44.8262 45.4061 45.7311 45.7736 45.8962 45.9184 45.9822 45.9767 46.4446 46.4714 46.4994 46.9243 47.5837 47.583 47.5803 46.8225 47.3102 47.2899 47.2736 47.2609 46.8552 46.5 46.3869 46.1168 46.1051 45.1241 45.1069 45.0914 45.0775 45.0651 45.0541 45.0443 45.0356 45.0278 45.0209 44.3285 42.7759 42.749 42.725 42.7035
43.6948 43.886 43.8698 42.8888 42.8911 42.894 42.8978 42.9026 42.9083 42.9153 43.5881 43.614 43.6429 44.0723 44.783 44.8119 44.8466 45.7152 45.7662 45.8992 45.9266 45.991 45.9847 46.4401 46.4726 46.5068 46.9328 47.5846 47.5833 47.5791 47.3221 47.2944 47.272 47.2548 46.8528 46.8485 46.3913 46.3834 46.1108 45.1399 45.1193 45.101 45.0848 45.0705 45.0579 45.0468 45.0371 45.0285 44.341 42.8004 42.7677 42.7387 42.713 42.6903 42.6702
43.7136 43.8621 43.8729 43.8538 42.8864 42.8892 42.8929 42.8977 42.9038 42.9114 42.9206 43.6022 43.6358 44.0651 44.7608 44.7927 44.8324 45.405 45.7544 45.902 45.9365 46.002 45.9949 46.4341 46.4741 46.517 47.2243 47.5872 47.5844 47.3443 47.3054 47.2737 47.2493 46.8505 46.8446 46.397 46.3872 46.1177 45.1589 45.1339 45.112 45.0929 45.0762 45.0618 45.0492 45.0382 45.0287 44.3387 42.7917 42.7562 42.725 42.6977 42.6738 42.6528 42.6344
44.8953 43.6991 43.878 43.8571 43.834 42.8835 42.887 42.8918 42.8981 42.9063 42.9165 43.5859 43.625 43.6728 44.0961 44.7668 44.812 45.385 45.7354 45.9042 45.9488 46.016 46.0082 46.4258 46.4762 46.5314 47.24 47.5927 47.5865 47.3289 47.2824 47.2464 46.8488 46.8402 46.504 46.392 46.1264 45.1823 45.1515 45.1248 45.1019 45.0822 45.0654 45.051 45.0387 44.3547 44.3346 42.7789 42.7404 42.7069 42.678 42.653 42.6313 39.3573 39.3332
44.9338 44.8772 43.8656 43.8629 43.8374 43.8092 42.88 42.8845 42.8908 42.8994 42.9108 42.9252 43.6085 43.6654 44.0895 44.7319 44.7824 45.3543 45.4263 45.9048 45.9642 46.0342 46.026 46.4145 46.4793 46.5529 47.2666 47.6031 47.5896 47.3058 47.25 46.8489 46.8358 46.5099 46.3985 46.1375 45.2118 45.1728 45.1396 45.1117 45.0882 45.0686 45.0521 45.0382 44.3501 42.8094 42.7605 42.7187 42.6831 42.6526 39.3851 39.3522 39.3239 39.2997 39.2788
44.9813 44.923 44.854 43.8469 43.8442 43.8125 43.7772 42.8756 42.8815 42.8902 42.9025 42.9192 43.2943 43.6517 44.0781 44.44 44.7402 45.3061 45.3981 45.8038 45.9842 46.0581 46.0509 46.3993 46.4844 46.5869 47.6209 47.622 47.362 47.2704 47.2041 46.8324 46.5188 46.4075 46.1523 45.2501 45.1991 45.1569 45.1222 45.0938 45.0706 45.0516 44.371 44.342 42.7879 42.7343 42.6893 42.6515 39.384 39.3444 39.3109 39.2826 37.7093 37.6955 37.6838
46.0405 44.9808 44.9095 44.8238 43.8554 43.8204 43.78 43.7348 42.87 42.8781 42.8909 42.9096 42.9355 43.628 43.7133 44.4233 44.6859 44.7669 45.3454 45.5146 46.012 46.0902 46.0868 46.2199 46.494 46.8717 47.6998 47.6543 47.3345 47.2148 46.8333 46.8088 46.421 46.3951 45.3015 45.2324 45.1769 45.1328 45.0981 45.0705 45.0487 44.3607 44.3285 42.7554 42.6969 42.6489 39.3808 39.3322 39.292 37.7124 37.6933 37.6776 37.6645 37.6537 29.3922
46.1075 46.0503 44.9813 44.8922 44.9902 43.8346 43.7891 43.7361 43.6766 42.8626 42.8746 42.8947 42.9257 43.3022 43.6962 44.397 44.3225 44.7022 45.2451 45.494 46.1397 46.1374 46.1347 46.2953 46.514 47.3759 47.906 47.7317 47.282 46.8494 46.8015 46.5201 46.4037 45.5985 45.275 45.1993 45.1421 45.0989 45.0663 44.387 44.3421 44.307 42.7067 42.6437 39.3739 39.313 37.7217 37.6937 37.6713 37.6532 37.6386 37.6269 29.3994 29.3382 21.949
47.3022 47.2702 46.0654 44.9835 44.8693 44.9513 43.8076 43.7463 43.6739 43.5933 42.8526 42.872 42.9072 42.9647 43.6581 44.3521 44.3977 44.373 45.0583 45.4208 45.9468 46.2547 46.1329 46.5652 46.6482 47.6243 48.0935 47.729 46.9147 46.8138 46.549 46.4181 45.6745 45.3299 45.2221 45.1459 45.0922 45.0539 44.3597 44.3101 42.7193 41.1492 41.0852 37.7447 37.7006 37.6663 37.6397 37.619 37.6029 35.7216 29.4081 22.0335 21.956 21.8892 21.8316
48.5105 47.3269 47.2898 46.0893 44.9892 44.8383 44.9 43.7716 43.6846 43.5808 42.7239 42.8392 42.8745 42.9466 43.3436 44.0259 44.3374 44.3789 44.6201 45.2504 46.08 46.5143 45.7059 45.8552 46.695 48.5467 48.3955 47.7193 46.8992 46.6667 46.1949 45.7857 45.3959 45.2355 45.1333 45.068 44.382 44.3075 44.2555 41.141 37.8027 37.7249 37.6672 37.6244 37.5927 35.7182 35.7081 35.7007 29.4191 22.0595 21.964 21.8831 17.5385 17.4928 17.4535
48.5041 48.5066 48.5106 47.3202 47.2554 45.0017 44.9842 44.8162 43.721 43.5889 43.4316 42.7199 42.8232 42.8999 43.34 43.9008 44.1584 44.416 44.4319 44.9624 46.0003 46.4678 45.4388 44.942 47.2577 48.7749 48.21 47.6184 46.7783 46.4509 45.8899 45.4377 45.2017 45.0729 45.0035 44.2842 44.2091 41.1174 37.8018 37.6892 37.6109 35.7324 35.7079 35.6908 35.6789 35.671 29.433 22.0936 21.9733 17.6098 17.5441 17.4887 17.4419 17.4023 17.3688
48.1745 48.4982 48.5013 48.5065 48.5148 47.289 46.189 44.9766 44.7436 43.6458 43.425 42.7071 42.7178 42.8224 43.0178 43.7499 43.7915 44.3266 44.4574 44.6176 45.0456 45.5998 45.5258 46.0796 46.8584 47.5596 46.8054 46.2381 45.443 45.4782 45.2165 44.9678 44.0662 43.3562 43.253 40.2051 37.7975 37.6207 35.7559 35.7029 35.6689 35.6473 35.634 35.6263 29.4515 22.1403 21.984 17.6319 17.5489 17.4805 17.4239 17.3771 17.3382 17.306 16.4944
48.1678 48.1726 48.1793 48.4936 48.5009 48.5135 48.5332 46.3937 45.0007 44.6693 43.5277 43.1118 42.6922 42.7624 42.974 43.6549 44.42 44.7386 44.3846 44.2135 44.6027 44.2324 43.6262 42.3923 43.3767 45.3151 44.747 43.7696 44.0936 43.1539 43.2065 42.5432 41.758 39.6962 37.2528 35.897 35.7377 35.6482 35.5986 35.5721 35.5593 35.5547 30.7364 22.2073 17.7948 17.6595 17.5515 17.465 17.3955 17.3395 17.2943 16.1064 16.4437 16.4133 16.3885
48.1598 48.1635 48.1691 48.1774 48.4816 48.4926 48.514 48.5494 47.7092 46.3501 44.7223 43.3459 42.5409 42.78 43.0261 43.6592 44.2851 44.5367 44.4221 44.1557 43.9805 43.5471 42.5076 41.8931 41.8434 42.8845 43.3501 42.707 42.7368 42.2667 42.3767 41.7185 40.4715 37.1603 35.7078 35.5264 35.4508 35.4245 35.4216 35.4297 30.7267 18.133 17.8847 17.6947 17.5488 17.4363 17.3492 17.2816 17.229 16.0372 16.3717 12.5896 12.5762 12.5659 12.5581
48.1506 48.1527 48.1563 48.1623 48.1724 48.1896 48.4797 48.5227 48.5954 48.0422 47.5842 46.7151 45.2692 42.8325 43.3113 43.5863 43.7875 44.1964 44.289 43.9053 43.4616 43.1474 42.7976 42.0674 41.9752 42.5197 42.783 42.6847 42.4072 41.9436 40.892 38.7536 35.7387 35.1762 35.0589 35.0757 35.1274 30.8625 30.6969 18.4177 18.0247 17.7402 17.5332 17.3818 17.2705 17.1886 15.9815 15.9326 12.5367 12.5205 9.7955 9.8023 9.8085 9.8143 11.705
48.1406 48.1405 48.1413 48.1435 48.1486 48.1596 48.1834 48.4595 48.5712 48.8267 48.7908 48.174 47.6316 43.1704 43.1833 43.588 43.6781 43.6728 43.8425 43.7896 43.6089 43.2257 43.0173 43.0341 42.7418 43.129 42.7804 42.0853 41.2004 40.7704 37.8581 34.9965 33.7706 34.0059 32.235 32.2084 28.3695 21.1559 18.2645 17.7984 17.4848 17.2726 17.1284 17.0305 13.2537 13.2217 9.748 9.7594 9.7698 9.7793 9.7879 9.7958 11.6789 11.7414 11.7953
48.1303 48.1277 48.125 48.1225 48.1205 48.1203 48.1256 48.1517 48.449 48.7406 48.8018 47.9335 46.7225 44.4125 43.3621 43.4451 43.5997 43.6743 43.6907 43.7959 43.7349 43.3332 43.0692 43.2089 42.8577 42.2477 41.0825 40.4241 37.1779 34.9428 33.9296 31.0803 30.9655 31.5844 25.8057 25.0165 20.9291 17.8616 17.3437 17.0338 13.1797 13.1018 10.2562 9.6812 9.7007 9.7183 9.734 9.7481 9.7605 8.0437 11.645 11.7232 11.7898 15.0155 15.1027
48.1201 48.1151 48.109 48.1013 48.0918 48.0797 48.0653 48.0518 48.0333 48.3372 47.5149 46.1881 45.2775 43.8428 43.4156 43.464 43.4499 43.4383 43.5517 43.4418 43.3585 43.2919 42.8017 43.3987 40.4371 38.6297 38.592 36.891 34.3063 32.8472 30.9723 29.1281 27.0367 25.2163 24.3517 20.1365 10.4578 10.2796 10.195 10.1598 10.1504 9.5917 9.6262 9.6562 9.6819 9.7039 8.0238 8.0384 8.0502 11.0855 11.1692 14.9992 15.1062 15.1963 15.2721
46.9904 47.0172 47.0526 47.1012 47.6701 47.6971 47.745 47.823 47.6058 47.0579 46.4467 45.4434 44.9772 44.2648 43.6703 43.5691 43.5325 43.4269 43.3819 43.0735 42.2601 42.5872 39.5755 38.4676 37.5239 36.2108 34.7687 33.6826 32.7752 30.2906 26.203 24.2052 18.463 17.4232 10.988 10.2859 10.0246 9.949 9.946 9.4253 9.4961 9.5539 7.9523 7.9871 8.0134 8.0334 8.0488 11.0566 11.1654 14.3272 15.115 15.2256 19.352 19.4209 19.4778
46.9531 46.97 46.9911 47.0178 47.0518 47.0931 47.1303 47.0993 46.999 46.1363 45.7696 45.1339 44.6053 44.5391 44.2292 43.7944 43.5925 43.3604 41.9014 40.4428 39.6927 38.349 36.0328 35.2524 35.0442 33.9068 32.1482 30.031 27.1784 26.6534 23.6047 19.1431 16.3691 11.5059 9.6632 9.362 9.4311 9.5567 9.2293 7.8186 7.904 7.9622 8.0025 8.031 8.0516 11.0166 11.1629 14.341 14.4652 19.2876 19.3901 19.4726 23.5669 23.592 23.7443
46.9119 46.9172 46.9214 46.922 46.9137 46.8824 46.7925 46.2463 45.5633 45.1337 45.1278 45.1189 45.1153 44.8107 44.7219 43.9187 42.1259 42.0756 39.0146 37.3127 36.0509 35.6768 33.944 32.4332 32.3205 31.4116 27.8753 26.9545 24.885 21.6516 18.9259 14.9186 11.1161 6.8514 7.2724 8.2353 7.2824 7.625 7.8194 7.9316 7.9986 9.0001 9.0717 9.122 11.164 14.3756 14.5358 18.6372 23.4942 23.5431 23.5817 23.6121 23.7672 23.7885 25.9438
46.7299 46.7238 46.7112 46.6865 46.6392 46.5482 45.9832 45.3717 45.0674 44.9569 45.2326 45.4068 45.6092 44.6199 43.4658 42.2509 39.6874 37.7769 36.0553 34.9424 33.8602 32.1219 30.644 29.2955 27.5742 25.0253 23.4062 20.2625 18.7172 15.3814 9.4391 4.5792 6.0055 3.8621 5.652 7.0522 7.6751 7.9353 8.9426 9.0834 9.1665 9.2172 12.807 14.4542 18.5617 18.729 23.4906 23.5559 23.6052 23.6426 23.6711 25.9494 25.9483 25.4627 25.4519
46.6696 46.6498 46.6189 46.1173 46.0568 45.5412 45.1906 45.1904 45.2083 45.2936 45.5102 45.2559 44.5945 42.5207 39.5085 39.3892 37.1901 34.081 32.6693 31.8355 31.4063 29.6307 25.8029 27.3879 24.4231 19.4408 19.2705 15.0899 9.1276 5.6643 3.7475 2.6974 4.2407 6.7112 7.3276 9.2356 9.4369 9.487 9.4938 9.4848 13.2919 16.6188 20.7209 22.6582 23.4892 23.5801 23.6449 23.6913 26.2061 25.9558 26.331 26.3281 25.4603 25.4484 25.4383
46.6153 46.1487 46.1155 45.7549 44.2761 44.2966 44.3244 44.3664 44.4466 44.1478 43.66 42.5547 39.2521 38.5314 37.6909 35.7551 34.0781 32.7135 31.6039 30.4945 27.6878 24.4218 21.794 19.4226 16.4085 12.6653 9.0545 6.8604 5.9413 4.4493 5.1535 5.3932 6.92 9.1476 12.526 12.2473 12.5793 12.6227 16.0426 20.2648 20.6394 22.6442 22.791 23.6291 26.1982 26.2059 26.2111 25.965 26.3358 26.3319 25.4718 25.4561 25.443 25.4321 24.3654
44.7348 44.6998 44.1813 44.1745 44.1616 44.1367 43.2797 43.1744 43.009 41.4359 40.188 39.8462 37.7288 37.317 35.1289 34.0632 31.697 30.4409 28.9904 26.3886 22.1355 19.8522 15.31 12.4324 8.0903 5.8577 4.7757 2.5878 6.9637 6.8156 10.9664 10.5675 12.7098 14.3012 14.2593 14.6635 17.0592 18.9292 20.4702 22.6524 22.8954 25.4586 26.1953 26.2092 26.218 26.2233 26.3432 26.3375 25.4888 25.4671 25.4494 25.435 24.3714 24.3544 24.3404
44.1423 44.1309 43.2571 43.2349 43.197 43.1309 41.049 40.9111 39.292 38.0239 38.3273 36.7573 35.8562 33.9067 32.8317 29.7641 29.781 26.8458 21.6607 19.9876 15.8266 11.2328 9.8111 7.6313 7.4783 4.6949 6.3099 10.122 12.6548 14.9372 14.2405 15.8592 17.1649 17.3396 17.7608 18.8701 19.7096 21.9248 25.3959 25.4574 26.1804 26.2103 26.2274 26.2367 26.3553 26.3462 25.5155 25.4835 25.4585 25.4388 24.3787 24.3567 24.339 24.3247 24.3131
43.2234 43.2052 43.1783 40.7649 40.8323 39.1552 39.0447 38.8389 37.2379 36.9645 35.9614 33.0263 31.2509 29.9407 28.1839 26.3496 21.7722 19.377 16.3413 12.0347 9.2127 5.6096 7.0303 7.6317 9.0384 10.1363 11.6455 15.7747 17.9062 19.0473 19.5097 19.9796 19.9003 20.5878 21.49 23.1858 24.0386 25.3639 25.5012 26.1977 26.24 26.2597 26.378 26.3617 26.3493 25.5104 25.4723 24.4264 24.3877 24.358 24.335 24.3171 24.3032 22.555 22.5362
40.7301 40.6864 40.6236 39.0536 38.9823 38.8687 38.6873 37.0445 34.367 34.0286 32.2127 30.187 26.6242 26.1615 22.4511 18.4152 15.1701 13.8748 7.4508 3.9555 4.8078 7.4375 10.9858 12.4901 14.2628 16.1824 20.8222 21.5775 21.3609 22.3753 22.0299 22.7861 23.954 24.0428 24.6489 24.045 25.1648 25.6459 26.2516 26.3065 26.3221 26.395 26.3694 25.5596 25.4953 24.4568 24.3988 24.3566 24.3258 24.303 22.5776 22.5475 22.5239 20.1875 20.1635
40.6035 39.0121 38.9641 38.8951 38.7954 35.0684 34.943 31.6759 31.3732 30.7748 28.7961 26.5368 23.1364 20.5979 16.953 12.0114 5.6466 6.2343 5.7845 4.6508 14.8991 13.9182 16.9611 18.0968 19.3227 21.1132 23.4085 24.8941 24.4807 25.6328 26.2115 26.4871 26.3327 26.1154 26.4905 25.2221 26.0678 26.4667 26.4731 26.4929 26.4215 25.6656 25.5401 24.5072 24.4113 24.3475 24.3046 24.2755 22.5737 22.5336 22.5036 20.9151 20.1586 18.5995 18.5838
38.9587 38.9129 38.8512 34.9889 34.9098 31.488 31.3317 25.3146 24.3485 20.0362 19.3529 18.005 15.2518 11.696 9.23 3.425 4.0213 8.7504 14.7139 16.7574 17.0665 22.332 21.767 25.051 26.1121 26.5644 28.7819 27.6843 29.2213 29.6575 30.1481 29.7302 29.3507 29.0918 28.3912 27.3219 26.5921 27.0661 26.7686 26.5631 25.7615 24.604 24.4209 24.315 24.2534 22.9291 22.5619 20.9546 20.9254 20.9043 19.1419 18.5999 18.5791 17.449 17.4347
38.8836 28.3215 28.2431 28.1235 25.2619 25.0216 24.6518 19.3971 18.9921 18.2187 15.2574 13.2369 7.7711 8.1649 9.0085 6.1772 13.8378 18.5882 21.4978 23.1716 26.4577 26.3919 29.6007 29.0896 31.6372 31.6334 31.3654 31.8041 31.8226 31.9888 31.7845 31.8255 31.019 29.5587 29.2193 28.0568 26.9831 27.2383 26.2522 25.282 24.09 23.3153 23.1879 22.8808 22.8224 20.9574 20.9134 20.884 19.1507 18.6005 18.5716 17.4434 17.425 17.411 16.6408
28.0472 27.9436 25.1005 24.9284 24.6851 24.3394 20.8245 20.4649 17.3654 16.877 13.7582 13.9184 13.391 16.6728 15.8846 17.0372 18.7167 24.8935 26.2859 29.3261 30.1391 32.39 31.9075 32.9396 33.2556 34.3377 33.7572 34.3948 34.5841 34.2169 33.1561 32.8516 30.8285 29.4969 28.0468 26.9776 25.5147 24.8053 24.4463 23.4003 22.9726 21.6341 21.5557 20.9566 20.8847 20.8422 19.1671 18.6015 18.559 17.4333 17.409 16.6433 16.639 16.6358 16.6334
25.0254 24.8992 24.7313 21.0587 20.9175 20.7189 17.7097 16.9975 16.936 16.8927 16.9347 17.2858 18.4813 20.2887 21.3379 24.6154 28.4131 28.2544 31.2939 32.8802 33.5991 33.72 34.7784 34.8238 35.8896 36.1638 36.834 35.5365 35.6761 34.2749 32.3659 30.6398 29.4364 27.4169 26.2816 25.0371 23.7887 22.8533 21.8807 21.8097 21.4437 20.9364 20.8087 20.7452 19.3847 19.1144 18.3291 17.0381 16.6516 16.6427 16.6364 16.632 16.629 16.6269 17.0101
24.7712 21.077 20.9822 20.5961 17.2932 17.2816 17.2781 17.292 17.3423 17.4687 17.7507 18.3199 21.4361 21.6083 25.1627 30.4431 32.4473 33.4235 34.6913 34.6232 34.7673 35.1365 36.0654 36.8753 37.5908 37.8272 37.7248 36.1408 35.3704 32.0336 30.0171 29.0843 28.0507 25.5756 25.2815 24.2429 22.0155 20.9402 20.8024 20.8078 20.2712 19.7582 19.6575 19.2879 18.1293 16.6819 16.6576 16.6421 16.6322 16.6259 16.6219 16.6194 16.9967 17.0113 17.0232
20.7649 19.321 17.4121 17.4133 17.4207 17.4387 17.4743 17.5392 17.6535 17.8491 23.2037 23.3443 26.0719 29.596 33.1157 33.5839 34.5495 35.3959 36.2579 35.3381 36.3598 37.2111 39.6319 40.251 38.8948 37.7577 36.3735 34.8808 33.6529 31.8342 29.242 28.2372 26.0972 24.881 24.0288 22.7328 20.8022 20.7995 19.7815 19.665 19.4162 18.8515 17.6151 17.5213 16.6748 16.6423 16.6244 16.6146 16.6094 16.6068 16.975 16.9969 17.0144 17.3198 17.339
17.4807 17.4854 17.4945 17.51 17.5352 17.5747 17.6354 17.728 23.4454 23.5574 26.739 28.8911 32.3041 34.587 35.0493 35.5758 36.7483 37.3393 37.2341 38.1819 40.5243 40.3438 40.4883 40.9109 39.3943 37.0962 35.5891 34.5453 32.4012 31.2902 29.3032 27.1951 25.9288 24.019 22.2204 21.2902 20.2674 19.7998 18.819 18.3387 18.1031 17.3737 16.7447 16.6472 16.6064 16.5898 16.5839 16.5829 16.5842 16.9724 17.0001 17.3142 17.3409 17.361 17.3763
