normal_rasters/0772100001000734.ascii
ncols 167 
nrows 183 
xllcorner 158677.485001
yllcorner 383630.904999
cellsize 0.25
nodata_value -9999 
[rows 0 to 31 of 183, columns 72 to 143 of 167]
15.4878 16.1243 16.1356 16.4083 16.346 16.0499 16.061 16.0733 15.9609 15.2964 15.9099 15.8827 15.6386 15.025 15.0048 14.8238 14.8405 14.6716 15.4295 15.4296 15.4571 15.4892 15.525 15.5714 15.5862 15.5449 15.536 15.5212 15.2055 15.1671 15.1298 15.0953 15.0649 15.0389 13.8223 13.7892 13.7615 13.7386 13.7196 13.7041 13.6914 13.6811 13.6727 13.6658 14.2663 14.2723 12.9881 12.9898 12.9914 12.9928 12.9841 12.988 13.2378 12.0512 12.9284 12.4782 12.4744 12.471 12.468 12.4653 12.4629 12.4607 12.4588 12.9045 12.9057 11.2372 11.2373 11.2374 11.2375 11.8323 11.8324 11.8325
16.6157 15.487 16.1265 16.1399 16.4149 16.3518 16.0566 16.0698 16.0845 15.6723 15.559 15.9107 15.8765 15.6236 15.0165 14.991 14.8259 14.8477 14.6847 15.4454 15.4465 15.4845 15.5287 15.5768 15.6106 15.5738 15.5625 15.5425 15.2239 15.1752 15.1291 15.0882 15.0535 13.8465 13.8039 13.7689 13.7405 13.7177 13.6994 13.6849 13.6733 13.6642 13.6569 14.2577 12.9845 12.9868 12.9888 12.9906 12.9821 12.9868 13.2346 13.2416 12.9334 12.9262 12.4771 12.4731 12.4694 12.4662 12.4633 12.4608 12.4585 12.9014 12.9028 11.2372 11.2373 11.2374 11.2375 11.8318 11.8319 11.8319 11.832 11.832
16.6217 15.4893 16.1161 16.1296 16.1457 16.0901 16.0507 16.0649 16.0809 15.9746 15.3229 15.567 15.9096 15.8655 15.0326 15.003 14.8068 14.8295 14.6738 15.417 15.4295 15.4742 15.5293 15.5921 15.6421 15.6124 15.5976 15.5694 15.2437 15.1804 15.1231 15.0748 15.0359 13.8234 13.7778 13.7419 13.7139 13.6923 13.6755 13.6627 13.6529 13.6454 14.2471 12.9825 12.9852 12.9877 12.9793 12.9853 12.9903 13.2389 12.9404 12.9315 12.4809 12.4759 12.4714 12.4675 12.464 12.461 12.4583 12.4559 12.8994 12.9009 11.2373 11.2374 11.2374 11.8312 11.8313 11.8313 11.8314 11.8315 11.8315 11.8316
16.6291 16.6108 15.4882 16.1175 16.1339 16.4087 16.3505 16.0582 16.0755 16.0951 15.9889 15.3395 15.5635 15.9048 15.6407 15.0207 14.9816 14.8049 14.8361 14.6914 15.4031 15.4546 15.5233 15.6073 15.6838 15.6664 15.6461 15.3511 15.2632 15.1792 15.108 15.052 13.8504 13.7889 13.7422 13.7072 13.6812 13.662 13.6478 13.6375 13.6301 12.9761 12.9801 12.9835 12.9753 12.9831 12.9895 12.9948 13.2443 12.9389 12.9291 12.4798 12.4742 12.4694 12.4652 12.4615 12.4582 12.4554 12.4529 12.8971 11.2373 11.2374 11.2375 11.8306 11.8306 11.8307 11.8307 11.8308 11.8309 11.831 11.8311 11.8312
17.5252 16.6183 15.4912 15.4866 16.1198 16.1398 16.0833 16.0492 16.0678 16.0893 15.9924 15.3607 15.359 15.5706 15.8934 14.8466 14.9997 14.342 14.8033 14.6695 14.7203 15.4194 15.5039 15.6187 15.7407 15.7464 15.7174 15.4064 15.2777 15.1645 15.0775 13.89 13.8028 13.7398 13.695 13.6636 13.6418 13.6267 13.6164 13.8567 13.7334 12.9772 12.9816 12.9798 12.9882 12.9951 13.2413 12.9497 12.9371 12.4853 12.4783 12.4722 12.4669 12.4624 12.4584 12.455 12.452 12.8924 12.8945 11.2374 11.2375 11.2376 11.8299 11.83 11.83 11.8301 11.8302 11.8303 11.8304 11.8305 12.0256 11.9552
17.5331 16.6279 16.6041 15.4899 15.4842 16.1232 15.6668 15.6079 16.057 16.0804 16.1078 16.0125 15.3862 15.617 16.12 15.5452 14.8292 14.9623 14.3466 14.803 14.6914 14.7717 15.4579 15.6163 15.8197 15.8744 15.8317 15.4735 15.274 15.1224 13.952 13.8201 13.7313 13.6728 13.635 13.6109 13.5958 13.5868 13.6943 13.7306 12.9739 12.9747 12.9862 12.9953 13.0024 13.2494 12.949 12.9346 12.4842 12.4764 12.4697 12.4639 12.4589 12.4547 12.4511 12.448 12.8892 11.2374 11.2375 11.2376 11.8292 11.8292 11.8293 11.8293 11.8294 11.8295 11.8297 11.8298 12.0231 12.028 12.3033 12.018
17.5433 17.519 16.6138 15.4938 15.4876 15.4805 15.9689 15.5968 15.6174 16.0673 16.0976 16.0165 16.0394 15.4177 15.63 16.1113 14.7586 14.7912 14.3207 14.3551 14.8076 14.7338 15.3614 15.573 15.9128 16.097 16.044 15.5373 15.2153 14.0571 13.8408 13.7084 13.6304 13.586 13.5617 13.5494 13.7833 13.6831 13.7288 12.966 12.9828 12.9954 13.005 12.8515 13.6801 12.9478 12.493 12.4827 12.4739 12.4665 12.4601 12.4548 12.4502 12.4464 12.4432 12.8855 11.2377 11.2378 11.8283 11.8283 11.8284 11.8285 11.8286 11.8287 11.8288 11.8289 11.8291 12.0257 13.3099 12.0178 12.018 11.6949
17.5563 17.5298 16.6266 16.5946 15.492 15.484 15.4749 15.4138 15.6035 16.0487 16.0815 16.1222 16.0463 15.4616 15.457 15.6378 15.5974 14.7319 14.71 14.3108 14.2562 14.6597 14.8177 15.4132 16.0344 16.4552 16.4673 15.4613 14.2435 13.8599 13.6493 13.5448 13.4979 13.4804 13.4773 12.6823 13.6702 12.9499 12.9764 12.9953 13.0088 12.8615 12.8657 13.6773 12.9459 12.4925 12.4806 12.4707 12.4623 12.4554 12.4496 12.4448 12.4408 12.4376 11.2378 11.2379 11.8274 11.8274 11.8275 11.8275 11.8276 11.8278 11.8279 11.828 11.8282 12.0229 12.0288 13.3101 12.0179 12.0181 11.695 11.6954
17.5728 17.544 17.5109 16.6077 15.4977 15.4887 15.4782 15.9426 15.4462 15.6126 16.0571 16.102 16.1591 16.0894 15.5196 15.7166 15.6292 14.84 14.6519 14.1206 14.2812 14.3131 14.7523 15.0393 15.938 16.1786 15.7616 14.8278 13.8727 13.4986 13.358 13.3285 12.4302 12.6217 12.6503 13.6561 12.9627 12.9941 13.0148 12.6693 12.8822 13.6778 13.6735 12.5079 12.4913 12.4776 12.4663 12.457 12.4494 12.4431 12.4381 12.434 12.872 11.2382 11.2383 11.8264 11.8264 11.8265 11.8266 11.8267 11.8268 11.827 11.8272 11.7307 12.0262 13.3057 13.3775 12.018 12.0183 11.6951 11.6955 11.6959
17.5936 17.5628 17.5262 17.4839 15.505 15.4951 15.483 15.469 15.3911 14.8145 15.2731 16.0689 16.1341 16.0987 16.156 15.599 15.7356 15.2784 14.7847 14.452 14.0398 14.1403 14.4845 14.7558 13.6388 12.272 13.3434 14.2521 13.1561 12.9 12.2044 12.3125 12.537 12.5992 13.0016 12.9889 12.6628 12.6905 12.7065 12.9109 13.673 13.6681 12.5092 12.4894 12.4733 12.4604 12.4499 12.4416 12.435 12.4297 12.4256 11.2386 11.2386 11.8252 11.8252 11.8253 11.8254 11.8255 11.8257 11.8258 11.826 11.8262 12.023 13.0849 13.3058 13.3782 12.0182 12.0185 11.6952 11.6957 11.624 13.1106
18.8556 17.5874 17.5474 17.4996 16.5986 15.5037 15.4898 15.473 14.5649 14.7479 14.8164 15.2883 15.3621 16.1894 16.1784 15.7318 15.7085 15.7237 14.6481 14.5434 13.69 13.5709 13.6047 12.7204 9.8377 8.6323 12.0697 13.0736 11.2303 11.423 11.6545 12.3813 12.5211 13.0124 12.6726 12.7251 12.7505 12.9642 13.3178 13.6657 13.6602 12.5101 12.4861 12.4671 12.4522 12.4406 12.4315 12.4246 12.4192 12.4152 11.2392 11.8238 11.8239 11.824 11.8241 11.8242 11.8243 11.8245 11.8247 11.8249 11.7322 12.0275 13.0844 13.3656 13.3792 12.0185 12.0188 11.6954 11.6959 13.1095 13.1102 13.1109
18.8887 17.6196 17.5766 17.523 17.4589 15.5155 15.4996 15.4794 15.4556 13.718 14.7521 14.4634 15.3072 15.4344 16.1942 16.3284 15.9328 16.0545 15.282 14.3416 13.8017 13.9303 12.6732 11.3487 9.3596 8.7224 9.9778 10.6752 10.5589 10.8238 11.5732 11.8322 13.0601 12.7845 12.8345 13.2011 13.3589 13.3191 13.6541 13.6483 12.5102 12.4807 12.458 12.4409 12.4279 12.4182 12.4111 12.4059 12.059 11.8222 11.8223 11.8224 11.8225 11.8227 11.8228 11.823 11.8232 11.8235 11.7304 11.7364 13.0795 13.3001 13.3663 13.3806 12.0189 11.6952 11.6957 11.6247 13.1091 13.1098 13.1106 13.5562
18.934 18.8549 17.6165 17.5574 17.483 16.5835 15.5142 15.4898 15.4593 13.7741 13.6903 14.7017 14.4565 15.3251 15.5898 16.4396 16.3276 16.3372 16.4076 13.6954 14.0485 11.7407 10.2058 9.7139 9.5306 9.4731 9.7164 10.1546 10.1716 10.9308 11.3317 13.0061 13.0085 13.2779 13.266 13.3748 13.3175 13.2801 12.5579 12.5085 12.4716 12.4444 12.4246 12.4104 12.4003 12.3934 12.3887 12.3121 11.8205 11.8206 11.8208 11.8209 11.8211 11.8213 11.8216 11.8218 11.728 11.7352 13.0733 13.0787 13.36 13.2636 13.3823 12.0194 11.6954 11.696 13.0231 13.1086 13.1094 13.1102 13.5562 13.5584
18.9954 18.9092 18.8035 17.6076 17.5222 17.4144 15.5361 15.5071 15.4672 14.5744 13.7615 12.9117 13.2216 14.3969 15.2871 16.0342 17.8033 15.7359 12.7707 11.8352 10.8909 9.6866 9.4401 8.9629 8.6279 8.9379 8.9955 8.7648 10.7201 11.2099 12.9109 13.5337 13.4782 13.4889 13.3686 13.3075 13.2572 12.5686 12.5032 12.4563 12.4234 12.4008 12.3856 12.3758 12.3697 11.8627 11.818 11.8184 11.8187 11.8189 11.8192 11.8194 11.8196 11.8199 11.3552 11.7337 13.0655 13.072 13.0779 13.3608 13.2652 12.0199 12.0201 11.6958 13.0242 13.0219 13.1081 13.109 13.5535 13.5561 13.5585 13.5607
23.2151 18.9865 18.8691 17.6806 17.5854 17.4544 17.2917 15.5365 15.4839 14.625 13.7245 13.2189 12.8535 13.1963 14.1536 14.7271 15.0847 13.0416 11.6265 9.8975 9.3555 8.5115 8.1842 8.2911 8.0862 8.0017 8.2867 8.2898 9.224 12.1291 14.2853 13.6868 13.7087 13.3969 13.2695 13.2047 13.1955 12.49 12.4298 12.39 12.3649 12.3498 12.3414 11.8456 11.8636 11.8154 11.8161 11.8166 11.8169 11.8172 11.8175 11.8177 11.3564 11.3614 12.3999 13.0634 13.0708 13.3522 13.3621 13.2673 12.0208 12.0209 11.7867 13.0231 13.1064 13.1075 13.1085 13.5533 13.5561 13.5587 13.561 13.5632
25.9715 19.095 18.9689 18.8045 17.6867 17.5301 17.3151 15.5874 15.5194 15.417 13.8398 13.9109 13.055 11.6996 13.0802 13.6002 13.2336 10.7682 10.3195 9.6827 8.6039 7.3865 7.6087 7.5069 7.7586 7.7625 7.4326 8.27 10.9252 10.8616 13.3327 14.9978 13.5195 13.0941 13.0611 13.1278 12.4602 12.3833 12.3357 12.3092 12.2965 11.6795 11.8438 12.6753 11.8124 11.8136 11.8142 11.8147 11.815 11.8153 11.8156 11.3644 12.3948 12.3971 13.0613 13.0696 13.3531 13.364 13.2702 12.022 11.7854 13.0248 13.0218 13.1057 13.1069 13.108 13.5531 13.5562 13.5589 13.5615 13.5637 13.5658
26.2111 23.6238 19.1165 18.9383 17.1867 17.1123 17.3818 17.0204 15.5976 15.4329 14.0241 14.0778 13.278 11.4036 11.9679 11.2068 10.2409 9.3944 9.2457 8.7595 8.245 7.4396 7.0491 6.973 6.9897 7.2858 6.7661 7.4886 8.7234 9.9659 11.6324 13.4746 11.3926 12.1695 12.9654 12.4033 12.3049 12.2458 12.2202 11.0774 11.6747 12.2135 12.6584 11.8089 11.8109 11.8119 11.8123 11.8126 11.8129 11.3689 11.3748 12.391 13.0484 13.0592 13.3409 13.3548 13.3668 13.274 12.0235 11.7911 13.0235 13.0202 13.1049 13.1062 13.1075 13.553 13.5563 13.5593 13.562 13.5645 13.5667 14.1597
26.4723 26.0538 23.3167 19.3387 17.3718 17.3297 17.092 16.9569 15.338 14.9405 14.304 14.813 12.3937 10.8337 9.59 9.7691 8.6105 8.6253 8.037 7.9114 7.5988 7.2498 7.0334 6.7522 6.5646 6.5653 7.1635 7.5127 7.9269 8.5729 7.7913 12.263 11.8711 12.7007 11.8807 11.1899 11.0441 11.1346 11.0736 11.3939 12.1842 12.6373 11.8055 11.8086 11.8098 11.8101 11.2814 11.3762 11.3833 12.3826 12.3864 13.0447 13.0573 13.342 13.3576 13.2676 13.2792 11.7905 13.0263 13.0221 13.0184 13.104 13.1055 13.5488 13.5528 13.5565 13.5598 13.5627 13.5654 14.1559 11.9634 11.9606
25.4375 25.6138 23.5969 19.737 18.5559 17.7528 17.5503 16.6707 15.9143 14.9715 14.4824 13.6692 11.2049 8.9246 9.2053 8.1217 7.7954 7.2074 6.9128 7.1375 6.9176 6.782 6.9274 6.6399 6.3741 6.3292 6.7753 7.2967 8.0346 7.8941 8.0359 8.8649 12.1211 11.7936 11.7024 11.2014 11.112 11.0257 11.253 12.0464 12.6119 11.8036 11.8082 11.809 11.5206 11.3041 11.9326 12.3706 12.3759 12.3808 13.0409 13.3233 13.3444 13.3619 13.2735 13.2861 11.7992 13.0251 13.0203 13.1012 13.103 13.1047 13.5483 13.5528 13.5568 13.5604 13.5636 13.5664 14.1583 11.964 11.961 11.9582
25.4982 26.6924 25.2498 19.7747 19.6821 18.4653 18.9227 17.4661 15.1061 12.5031 12.4938 10.6788 8.7827 8.1289 7.3395 7.2806 7.1032 6.7058 6.2824 5.8401 5.9012 6.0363 6.1637 6.039 6.0857 6.4267 6.8088 6.92 7.6567 7.4236 7.0075 7.752 10.0305 11.9877 12.4197 10.7525 10.7798 11.1673 11.9886 12.5861 11.4986 11.5322 11.5466 11.3325 11.9338 11.9263 12.3601 12.3673 12.3739 12.7274 13.3244 13.3487 13.3685 13.2817 13.1736 13.2663 13.0236 13.0182 13.0998 13.1019 13.1038 13.5479 13.5528 13.5573 13.5612 13.5647 13.5678 11.9683 11.9647 11.9614 11.9583 11.9556
25.5396 27.008 25.5664 22.548 19.5307 18.4925 19.8461 17.1365 11.8528 10.8367 8.2843 8.483 8.3745 7.3251 6.7111 6.4908 6.4857 6.2675 5.6196 5.2318 5.1368 5.4684 5.4768 5.2532 5.3147 5.2446 5.9697 5.8902 6.0769 6.211 6.1653 7.5435 9.3298 9.7603 9.4602 10.3167 10.9875 11.9303 12.1294 11.5991 11.6144 12.1006 11.9407 11.9255 11.9165 12.3459 12.3562 12.7005 12.7282 13.3279 13.356 13.3784 13.2934 13.2811 13.0292 13.0217 13.0155 13.0982 13.1006 13.1027 13.5474 13.553 13.558 13.5623 13.5661 14.1563 11.9695 11.9655 11.9618 11.9584 11.9554 11.9526
25.4031 26.6121 26.67 23.8063 17.9755 15.5926 15.8888 11.8275 8.1023 8.4152 7.7217 7.9265 7.5057 6.6995 6.2977 5.9403 6.0856 5.4753 5.3208 5.0268 4.9025 4.5904 4.7005 4.7308 4.6463 4.6124 4.7392 5.185 5.3935 5.7499 5.961 6.7752 8.5417 9.6702 10.3988 10.8762 11.7324 11.9035 12.3414 12.1743 12.0952 11.9316 11.9105 11.9001 12.3257 12.3412 12.6975 12.7318 13.3356 13.3681 13.2898 13.1899 13.2802 13.0281 13.0193 13.0122 13.0963 13.0991 13.1016 13.5471 13.5534 13.5589 13.5637 13.5678 14.16 11.9708 11.9662 11.9621 11.9584 11.955 13.1469 11.8223
25.4163 27.4124 29.2671 22.2681 19.0174 16.711 10.8741 8.207 7.0543 6.7972 6.7192 6.9577 6.8222 6.3424 5.7157 5.5635 5.3167 4.8627 4.7905 4.7323 4.4496 3.7324 3.7793 4.1034 4.3094 3.881 4.1281 4.597 5.0257 5.3206 5.7189 6.3642 7.2699 10.5932 11.7273 12.4922 12.5495 13.0027 12.1175 11.969 11.9108 11.8808 12.2656 12.2958 12.6389 12.6976 12.7407 13.3504 13.388 13.3123 14.4246 13.2788 13.0266 13.0162 13.0079 13.0941 13.0974 13.5386 13.5469 13.5541 13.5602 13.5655 13.5701 11.9778 11.9721 11.967 11.9624 11.9583 13.1476 13.1418 11.3721 11.3656
17.2593 26.4169 34.9975 20.9627 16.5705 11.0994 8.9 6.6919 6.6401 6.7754 6.3491 6.4573 6.4687 5.7957 5.2263 5.2703 4.9909 4.7036 4.2959 4.0141 3.4878 3.4891 3.0289 3.0355 3.5228 3.7318 4.1257 4.5143 4.8896 5.6084 5.8004 6.3806 6.8348 7.7783 11.6175 12.0816 13.1939 12.4643 12.0387 11.8549 11.8128 12.1898 12.2494 12.6255 12.7057 13.3168 13.3782 13.4208 14.4275 14.4239 13.0484 13.0246 13.012 13.087 13.0914 13.0954 13.5373 13.5469 13.5551 13.5621 13.568 14.1578 11.9801 11.9737 11.9679 11.9627 13.149 13.1418 11.8226 11.3687 11.3618 11.3558
14.7209 24.7144 19.7542 17.9955 11.2442 8.7683 6.4482 6.2181 6.1183 6.2041 6.2162 6.0343 5.948 5.7461 5.1087 5.0706 4.9022 4.2526 3.9167 3.3918 2.6564 2.2139 2.4297 2.5814 2.8656 3.578 3.9293 4.2523 4.6182 4.7228 5.2835 6.1124 6.8351 7.1494 8.9766 11.841 12.6515 12.43 11.7214 11.6164 11.771 12.4405 12.6217 12.7344 13.3583 13.4301 13.2565 14.431 14.4227 13.0508 13.0217 13.0064 13.0827 13.0882 13.093 13.536 13.5473 13.5567 13.5646 13.5712 11.9912 11.9828 11.9754 11.9687 11.9628 13.1426 13.1349 11.3729 11.3646 11.3573 11.3509 11.3452
10.5196 16.0734 14.0033 14.7502 11.616 7.5321 6.0455 5.731 6.1176 5.7781 5.9646 6.1198 5.7998 5.5941 5.3374 5.0196 4.5068 3.9983 3.3813 2.9721 2.2383 1.63 1.1556 2.0434 2.7297 3.1375 3.4721 3.7779 4.113 4.4275 5.2261 5.4471 6.407 7.409 7.3429 8.4736 11.674 11.3147 10.6404 11.5814 12.3741 12.6669 12.8203 13.4528 13.3826 14.4526 14.4418 14.4203 13.0544 13.0176 12.9983 13.0772 13.0841 13.0901 13.5347 13.5482 13.5592 13.5682 13.5756 11.9958 11.9859 11.9772 11.9694 13.1443 13.1346 13.1264 11.3685 11.3596 11.3518 11.345 11.3392 11.3341
8.1836 10.6072 12.9167 13.26 13.2804 7.3969 5.6133 5.3653 5.5297 5.4112 5.7871 6.0396 5.8649 5.5309 5.2741 4.445 4.1391 3.5228 2.8702 1.8992 1.0699 1.0076 0.8332 1.0368 2.0975 2.7394 3.1959 3.4582 3.7958 4.1561 4.76 5.2549 5.5517 6.8318 7.183 7.3093 8.9769 11.9504 11.5492 12.608 12.9235 12.8254 14.3428 14.5461 14.3783 14.4031 14.4157 13.0598 13.0113 12.8386 13.0698 13.0788 13.5137 13.5338 13.55 13.563 13.5733 14.1628 12.0014 11.9895 11.9791 13.1477 13.1351 13.1247 12.6785 11.363 11.3534 11.3451 11.338 11.3319 11.0363 11.0371
7.1455 8.5129 9.3518 9.9151 10.936 9.7752 9.0788 5.3044 5.2739 5.5305 5.8567 5.8307 5.7617 5.5267 4.5854 3.7727 2.7902 2.3319 1.4445 1.0176 0.8942 0.7755 0.7697 0.8244 1.3777 2.2644 2.9395 3.3612 3.8034 3.7963 4.4116 4.9282 5.585 5.7921 6.6092 6.9428 7.0236 9.2834 12.9713 13.2846 13.4905 14.4071 14.4012 14.4578 14.4056 14.4065 13.069 12.851 12.8291 13.0594 13.0718 13.5079 13.5335 13.5534 13.5688 13.5807 12.0249 12.0081 11.9936 13.1541 13.1373 13.1235 13.1123 11.3682 11.356 11.3457 11.3369 11.3296 11.0338 11.0348 11.0357 11.0365
6.1176 7.1481 7.6394 7.6833 8.7696 11.6105 18.9406 7.8299 5.4758 5.9647 5.9691 5.7224 5.235 5.7267 4.3625 2.9532 1.733 1.654 1.1038 0.8848 0.8091 0.7527 0.7311 0.7521 1.116 1.9382 2.4528 3.1117 3.4946 3.4621 3.7015 4.5481 4.9849 5.2085 5.6602 6.1592 7.0551 7.9105 11.0775 13.9225 14.6951 14.5211 14.5011 14.4066 14.3869 13.0859 12.8468 12.814 13.0441 13.0621 13.5011 13.5345 13.5595 13.5779 13.5915 12.0376 12.0163 13.1659 13.1423 13.1235 13.1085 12.6658 11.3604 11.3472 11.3361 11.327 11.031 11.0321 11.0331 11.0341 11.035 11.8385
5.3528 5.6209 6.5585 6.778 6.9109 7.1251 12.617 8.7148 5.772 6.1078 5.9824 5.7445 4.8607 3.9338 2.7699 1.947 1.4407 1.0822 0.9143 0.829 0.8016 0.7258 0.6955 0.6765 0.6597 1.3253 2.2289 2.7057 3.0517 3.4357 3.4754 3.9955 4.6089 4.7184 5.011 5.492 6.0057 7.2656 11.9625 14.0535 14.3617 14.5951 14.4121 14.117 13.1222 12.842 12.7873 13.0191 13.0478 13.4933 13.5385 13.5705 13.5927 14.2284 12.0542 13.1879 13.1531 13.126 13.105 13.0889 12.6536 11.3501 11.3358 11.3242 11.0277 11.0289 11.0301 11.0313 11.0324 11.0334 11.8432 11.7107
4.7873 4.8021 5.7925 6.9797 7.0222 6.0642 5.9562 5.7684 6.3399 6.1258 5.6306 4.7127 3.0967 2.5752 1.8465 1.2115 1.0979 0.9846 0.8967 0.7408 0.7409 0.6524 0.6537 0.624 0.5469 0.3996 1.1004 2.6028 3.039 3.4045 3.9564 4.2327 4.261 4.5045 4.7262 4.989 6.0182 6.6813 8.0472 12.5212 14.1125 14.6359 14.1045 13.2197 12.8413 12.7327 12.9727 13.025 13.4851 13.5495 13.5911 13.6174 12.1221 13.2308 13.1759 13.1343 13.1031 13.0799 12.6438 11.3555 11.3365 11.3212 11.0237 11.0252 11.0267 11.028 11.0293 11.0305 11.8247 11.8494 11.7305 11.7637
3.7436 4.2023 4.4619 5.3888 6.4925 6.6278 5.3171 5.4972 6.726 5.3923 4.5076 3.2222 2.5138 1.6887 1.1761 1.1037 1.0 1.0526 0.9466 0.8406 0.8006 0.7888 0.7695 0.6971 0.4933 0.2907 0.3226 1.2819 3.0913 3.3861 3.5465 4.0564 4.0995 4.0466 4.475 5.2268 5.5448 6.647 7.0836 7.7754 11.7115 14.1012 13.4478 12.9053 12.5924 12.8638 13.3173 13.4814 13.5782 13.6322 13.788 13.3206 13.2257 13.1561 13.1058 13.07 13.0448 12.6221 11.3388 11.3182 11.019 11.0208 11.0225 11.0241 11.0256 11.027 11.0284 11.8302 11.7142 11.7549 14.341 14.7144
