normal_rasters/0772100001002376.ascii
ncols 66 
nrows 84 
xllcorner 158330.541992
yllcorner 383898.761993
cellsize 0.25
nodata_value -9999 
[rows 0 to 31 of 84, columns 0 to 65 of 66]
14.3631 14.356 14.3478 14.3384 13.557 13.537 12.2798 12.2331 12.0046 12.0 12.2038 12.9447 11.9198 13.1922 13.1993 13.2081 13.2187 13.2308 13.244 13.2576 13.1967 12.654 12.5905 11.3433 11.2997 11.3426 11.3023 11.269 11.2427 10.8184 10.0814 10.0853 10.0465 10.0497 9.828 9.8287 10.0841 10.0823 10.0808 9.5641 9.5613 9.7434 9.8433 9.8433 13.0818 13.1142 18.7976 28.8112 30.1929 35.638 35.6561 37.5256 37.5265 37.5273 37.8456 35.6198 35.5941 32.9629 32.9289 32.8975 30.6232 29.5156 27.1286 27.1102 26.8333 24.2403
16.4781 14.364 14.3558 14.3463 14.3352 13.5546 13.5346 12.282 12.1301 12.0076 12.002 12.2036 12.9415 13.1845 13.1918 13.2014 13.2134 13.2278 13.244 13.261 13.2089 12.6735 12.5943 11.3548 11.3857 11.3287 11.281 11.2436 11.2159 10.0778 10.083 10.0453 10.0494 9.829 9.8298 10.0843 10.0821 10.0803 9.5646 9.5613 9.7427 9.8426 9.8344 13.0818 13.1184 18.8042 28.811 30.1958 35.6381 35.6584 37.5259 37.5269 37.5278 37.8454 35.6271 35.5988 32.971 32.9336 32.8991 30.6249 29.5163 27.129 27.1091 26.831 24.2404 24.239
16.5516 16.4779 14.3651 14.3556 14.3443 14.331 13.5513 13.5501 12.2849 12.1338 12.0116 12.0046 12.2032 12.9368 13.1819 13.1919 13.2054 13.2225 13.2427 13.2646 13.2859 12.9663 12.5991 11.3672 11.3775 11.3059 11.2496 11.2088 10.0725 10.0796 10.0436 10.049 9.8304 9.8313 10.0843 10.0817 10.0797 9.5651 9.5612 9.8416 9.8416 9.8341 13.0824 13.1241 18.8131 28.8108 30.1994 34.2448 35.6609 37.5261 37.5272 37.5282 37.8451 37.8448 35.6042 32.9802 32.9389 32.901 30.6268 29.5169 27.1295 27.1078 26.8283 24.2405 24.239 24.2375
16.7163 16.5518 16.4777 14.3665 14.3552 14.3416 14.3255 13.5466 13.5449 12.2885 12.1385 12.0169 12.008 12.2021 11.9036 13.1787 13.1932 13.2133 13.2388 13.2678 13.2966 12.9871 11.4828 11.3794 11.3589 11.2681 11.2034 10.8064 10.0744 10.0412 10.0485 9.8324 9.8335 10.0844 10.0812 9.944 9.5657 9.7444 9.8403 9.8339 9.8338 13.0839 17.2157 22.9848 28.8109 28.8772 34.2468 36.4945 37.5264 37.5276 37.5288 37.8447 37.8444 35.6105 32.9909 32.9451 30.6658 30.6288 29.5176 27.13 27.1063 26.8253 24.2407 24.239 24.2374 24.236
16.7186 16.7169 16.552 16.4774 14.3683 14.3547 14.3381 14.1868 13.54 12.4389 12.2934 12.1449 12.0243 12.0127 12.1999 11.8998 13.1748 13.1976 13.2298 13.2696 13.3103 13.018 11.5427 11.3875 11.3192 11.2052 10.7885 10.0659 10.0784 10.0479 9.8353 9.8365 10.0842 10.0802 9.9442 9.5664 9.7434 9.8317 9.8329 9.8333 13.0868 17.2224 22.9916 28.8111 28.8874 34.2491 36.4958 37.5266 37.5281 37.5294 37.8443 37.844 35.618 33.0034 32.9522 30.6721 30.6311 30.5942 27.1304 27.1044 24.3899 24.2408 24.239 24.2373 24.2357 22.3742
15.9188 16.7197 16.7177 16.5521 16.4771 14.3706 14.354 14.3332 12.8568 13.5301 12.4381 12.3002 12.1539 12.0354 12.0194 13.0672 11.8926 13.1703 13.2101 13.2666 13.3283 13.0675 11.633 11.3784 11.2354 11.1005 10.0501 10.0712 10.047 10.0575 9.8411 10.1071 9.9445 9.9445 9.5671 9.742 9.8301 9.8303 9.8328 13.1022 17.2328 23.0014 28.8117 28.9004 34.2517 37.525 37.5269 37.5286 37.8443 37.8438 37.8435 35.6268 33.0181 32.9606 30.6793 30.6337 30.5927 27.1309 27.1022 24.3903 24.241 24.239 24.2371 24.2355 22.3744 22.365
15.9214 15.9216 16.721 16.7185 16.5522 16.5375 14.3737 14.3529 14.1956 12.8565 13.5149 12.4362 12.2168 12.1674 12.1672 12.0298 13.0392 12.4018 13.167 13.2488 13.3516 13.1545 11.7777 11.3073 11.0583 10.6344 10.0568 10.0458 10.062 9.8487 10.1057 9.9448 9.9667 9.5678 9.7398 9.8279 9.829 9.8323 13.1051 17.2491 23.0158 28.8128 33.9348 34.2547 37.5249 37.5272 37.5292 37.8438 37.8433 37.8429 35.6373 33.0355 32.9706 30.6878 30.6366 30.5909 27.1313 27.0996 24.3907 24.2412 24.239 24.2369 24.2351 22.3746 22.3644 21.843
15.9241 15.9246 15.9248 16.7225 16.7195 16.5521 16.5335 14.44 14.3512 14.1844 12.8549 13.4904 12.432 12.3764 12.1473 12.1915 12.048 12.98 12.3895 13.1785 13.3769 13.2879 11.9945 11.011 10.4568 10.0192 10.0449 10.0725 10.1676 10.1027 9.945 9.9673 9.7487 9.7363 9.8247 9.8273 9.8316 13.1107 19.4512 23.0371 28.8147 33.9354 34.2581 37.5248 37.5275 37.5298 37.8432 37.8426 37.8421 35.6499 33.0564 32.9825 30.6976 30.6398 30.5886 27.1316 27.0964 24.3913 24.2415 24.239 24.2367 24.2347 22.3748 22.3637 21.8424 21.837
15.927 15.9279 15.9285 15.9289 15.9288 16.7207 16.5518 16.5276 14.4441 14.3486 14.1664 12.7117 12.645 12.4228 12.3887 12.1835 12.241 12.0862 12.815 12.3633 13.4055 12.9214 11.7316 9.9863 9.8462 10.0525 10.1021 10.1667 10.095 9.9451 9.9683 9.7476 9.7303 9.8198 9.825 9.8308 13.1212 19.4638 25.5656 28.6352 33.9361 34.2621 37.5246 37.5278 37.5305 37.8424 37.8417 37.8413 35.6654 33.0817 32.9968 30.7093 30.6436 30.5857 27.1319 27.0925 24.392 24.2418 24.239 24.2365 24.2343 22.375 22.0872 21.8418 21.8359 19.68
15.9301 15.9314 15.9326 15.9335 15.9341 15.934 16.7222 16.5509 16.5181 14.45 14.2126 14.1355 12.6998 11.5987 12.4013 12.3195 12.2592 12.2471 12.1884 11.5317 11.6499 11.4889 10.2415 9.2638 10.3898 10.2137 10.1583 10.0732 9.9441 9.9701 9.5715 9.7158 9.8104 9.8215 12.9599 15.2927 19.4867 25.5593 28.6553 33.9368 36.1345 36.1583 37.5281 37.8423 37.8414 37.8407 37.3305 37.3277 34.9592 33.0144 30.7233 30.6478 30.582 27.132 27.0877 24.3928 24.2421 24.239 24.2362 24.2337 22.3752 22.0869 21.841 21.8345 19.679 19.6707
15.9332 15.935 15.9369 15.9385 15.94 15.9409 15.9409 16.724 16.5489 16.5021 14.4594 14.2008 13.0041 12.668 11.601 11.472 12.3083 12.3801 13.0459 11.1608 10.9598 11.0404 10.5565 10.3347 10.4195 10.1471 9.9696 9.9377 9.9752 9.5867 9.7037 9.7971 9.816 12.9259 15.303 21.7252 25.5519 28.6873 33.9374 33.9989 36.1652 37.5283 37.8412 37.8401 37.8393 37.3315 37.3284 34.9779 33.0361 30.7403 30.6528 30.5772 27.1319 27.0817 24.3937 24.2426 24.239 24.2359 24.2331 24.2307 22.0865 21.8401 21.8329 19.6779 19.6687 20.2942
15.9363 15.9387 15.9413 15.9439 15.9464 15.9487 15.9502 15.9504 15.9483 16.5446 16.473 14.4759 14.1758 12.9994 12.5769 11.6001 11.4567 12.0953 11.7759 11.5298 10.7294 10.6713 10.4991 10.3923 10.1404 9.2782 9.9227 9.7913 9.6276 9.6724 9.7685 9.9725 11.8698 15.3308 21.7107 25.5436 28.7403 33.9379 34.0182 36.1743 37.5284 37.8397 37.8384 37.8376 37.3325 37.329 35.0017 33.0636 30.7613 30.6586 30.5711 27.1314 27.0742 24.5059 24.2431 24.239 24.2355 24.2324 24.2297 22.0861 21.839 21.8311 19.6765 19.6664 20.2913 18.273
15.9393 15.9424 15.9458 15.9494 15.9533 15.9572 15.9609 15.9637 15.9644 15.9607 16.5342 16.4131 14.5109 13.1142 12.9356 11.6661 11.5602 11.4056 11.2942 10.9163 10.7489 11.0316 11.1 10.868 9.9567 9.7742 10.1193 9.872 9.54 9.6991 9.965 13.5816 17.542 21.6937 21.9413 28.8321 33.9381 34.047 36.1867 37.5282 37.8375 37.8361 37.8353 37.3333 36.7275 35.0323 33.0988 30.7875 30.6656 27.2089 27.1306 27.0646 24.5072 24.3896 24.239 24.235 24.2315 24.2285 22.0856 21.8377 21.8289 19.6749 19.6637 20.288 18.2711 18.2643
15.942 15.9458 15.95 15.9548 15.9602 15.9662 15.9728 15.9795 15.9852 15.9873 15.9799 16.5055 14.611 14.4683 13.2927 12.396 11.7724 11.4314 11.6845 11.3847 11.3877 11.5457 11.4755 10.922 10.539 10.1361 10.1278 8.483 9.486 11.0806 13.4905 17.5135 21.6794 22.0744 33.264 33.9379 34.0928 36.2046 37.5012 37.8344 37.8327 37.8321 37.3339 36.7368 36.7307 33.1449 30.8211 30.674 27.2215 27.129 24.5175 24.5089 24.3903 24.239 24.2344 24.2304 24.227 22.085 21.8361 21.8263 19.6729 19.6605 20.2841 18.269 18.2616 18.3699
15.9444 15.9487 15.9537 15.9596 15.9665 15.9748 15.9847 15.9966 16.0103 16.0244 16.0323 16.013 15.7352 14.6785 15.008 13.6719 12.1726 12.1795 12.048 11.7978 11.4469 11.6524 11.3901 10.7632 11.8175 12.7096 11.8852 10.3249 10.3385 13.1986 17.4446 21.7107 22.3999 33.1902 33.4583 34.1727 37.5013 37.5038 37.8295 37.8278 37.3398 37.1948 36.7485 36.7408 35.0322 30.8651 30.6845 27.2372 27.1264 24.5214 24.511 24.3913 24.239 24.2336 24.229 22.1031 22.0842 21.8342 21.8231 19.6705 19.6567 18.2759 18.2666 18.2399 18.3687 18.3867
15.2075 15.2157 15.2252 15.9634 15.9717 15.982 15.9951 16.0123 16.0356 16.068 16.1129 16.162 16.0848 15.4285 12.5697 12.9646 12.616 12.0945 11.7808 11.9361 11.8485 13.3872 13.4463 11.7678 12.2598 14.7219 14.5091 11.3311 12.6375 17.8346 22.108 26.5691 33.0034 33.5513 35.6403 37.5055 37.5077 37.8212 37.8199 37.2025 36.774 36.7637 36.7537 35.071 30.9244 30.6977 27.2569 27.1222 24.5266 24.5139 24.3925 24.239 24.2326 24.2273 22.1051 21.8464 21.8318 19.6857 19.6677 20.2842 18.2742 18.2637 18.2376 18.3674 18.3874 17.9945
15.2116 15.2205 15.2311 15.2438 15.2595 15.2793 15.305 15.3396 15.3888 15.4641 15.5937 15.8649 16.7171 14.6798 14.4336 13.025 12.1415 11.8325 12.2055 12.9663 13.7049 14.2931 13.7397 12.4579 12.6474 16.176 16.0825 12.8832 16.3645 21.5412 26.9287 32.3918 33.8316 35.7691 37.6222 37.5141 37.8056 37.8063 37.211 36.7981 36.7842 36.7707 35.1273 31.0069 30.715 27.2822 27.1153 24.5338 24.5179 24.5045 24.2391 24.2314 24.2252 22.1075 21.8457 21.8288 19.6847 19.6641 20.2789 18.2721 18.2603 18.235 18.3659 18.3883 17.9961 17.7559
15.2143 15.2237 15.2348 15.2482 15.2647 15.2855 15.3126 15.3489 15.4003 15.4776 15.6041 15.8335 16.2077 15.1603 13.964 13.756 12.3098 12.6055 13.2328 13.3201 13.9889 14.3471 13.8995 12.1846 16.5114 19.7496 17.3216 17.2246 20.8527 27.5239 31.2975 34.6181 36.4017 37.6622 37.845 37.8165 37.212 37.2219 36.8334 36.8138 36.7944 34.8631 32.9283 30.7386 27.3153 27.1043 24.5438 24.5234 24.5065 24.2391 24.2297 24.2224 22.1106 21.8448 21.8249 19.6835 19.6597 20.2725 18.2697 18.2563 18.232 18.3643 18.3895 17.9982 17.7571 17.7566
15.2157 15.2251 15.2362 15.2495 15.2656 15.2857 15.3111 15.3441 15.3877 15.4462 15.5222 15.5647 15.4133 13.9039 14.3172 17.65 14.5948 13.3715 12.9396 13.1802 14.0475 14.2763 14.2723 16.9621 20.9753 22.8422 18.2413 18.1438 23.9733 27.4519 34.5998 37.1921 37.9504 37.5945 37.7224 37.2079 36.9503 36.8898 36.8605 36.8302 36.4197 33.0506 30.7722 27.3592 27.086 24.5586 24.5315 24.5095 24.2391 24.2275 24.2186 22.1145 21.8435 21.82 19.6819 19.654 20.2646 18.2667 18.2514 18.2285 18.3624 17.9334 17.7589 17.7584 17.3652 17.3578
15.2158 15.2248 15.2354 15.2479 15.2627 15.2806 15.3023 15.3287 15.3656 15.3753 15.3631 15.2897 15.6963 15.0732 16.3037 17.1646 15.6404 13.4522 12.4146 13.3836 13.4872 13.9381 14.7346 20.3167 22.9351 23.3559 21.0833 23.0796 25.3365 30.5007 33.0244 37.4092 37.844 37.2049 36.9664 37.0222 36.9933 36.9477 36.5512 36.4784 34.7435 30.8233 27.4175 27.0552 24.5812 24.5439 24.514 24.2392 24.2243 24.2134 22.1197 21.8418 21.8134 19.6797 20.2751 20.2547 18.2631 18.2454 18.2244 18.3603 17.9339 17.7607 17.76 17.3662 17.3578 17.3505
15.2146 15.223 15.2327 15.2439 15.2568 15.2855 15.2926 15.2969 15.2949 15.2791 15.2355 15.7525 15.1229 16.3972 17.7219 19.2834 20.9127 17.3248 12.6354 13.4313 14.4557 18.194 21.5298 21.7177 23.7924 24.0857 22.2783 24.0341 25.4629 32.0085 33.0714 35.4009 36.9617 36.2589 37.5684 37.0711 36.937 36.7261 36.9146 35.3967 30.525 30.2162 27.0017 24.618 24.564 24.5214 24.2392 24.2197 24.2059 23.7037 21.8393 22.376 19.6766 20.2659 20.0102 18.2585 18.2379 18.2195 18.3579 17.9344 17.7628 17.762 17.3673 17.3578 17.3495 14.9865
15.2124 15.22 15.2285 15.2494 15.2531 15.2554 15.2551 15.2498 15.2359 15.2074 15.7758 16.6288 16.442 17.6725 19.4543 19.6675 20.5986 19.449 17.8032 14.0234 20.662 20.4879 22.2027 26.3429 32.6671 29.3705 24.2522 25.0611 26.6773 31.8589 33.632 34.9247 35.3997 35.5811 36.2509 37.6937 37.2409 36.9987 36.8911 32.8581 30.1587 27.6577 24.6823 24.5992 24.5344 24.2394 24.2124 24.1948 23.6994 21.8356 22.3706 19.6722 20.2538 20.0009 18.2527 18.2284 18.2137 18.3551 17.9352 17.7654 17.7644 17.3685 17.3576 17.3482 14.9883 14.9816
15.2235 15.2263 15.2285 15.2299 15.2299 15.2277 15.2219 15.2105 15.1904 15.5152 16.7035 16.4631 18.1691 19.4227 19.1999 20.3567 20.7114 20.8472 19.9219 18.798 25.9066 25.5286 25.6781 30.7398 31.7805 29.5939 26.4314 25.7756 27.8798 30.4601 32.2932 33.7302 34.7753 34.5871 35.0636 35.8098 36.6775 36.9242 35.2183 30.1246 27.1283 24.804 24.6673 24.5595 24.2397 24.2001 23.0789 24.5462 22.4001 21.4375 20.289 20.0539 19.989 18.2452 18.1343 18.1402 18.2143 17.9362 17.7686 17.7674 17.3699 17.3573 17.3465 14.9902 14.9825 14.9758
15.2118 15.2127 15.2128 15.2117 15.2088 15.2033 15.194 15.1792 15.5148 16.741 18.0636 18.1573 19.1647 21.6997 21.77 20.8134 21.9639 20.6089 22.5091 27.5067 26.9768 29.5144 29.8297 28.8009 28.7291 27.1374 26.9966 27.976 28.398 29.9023 31.5159 32.433 33.1424 34.3298 35.1411 35.7314 36.6403 37.3163 32.4836 28.7344 25.0516 24.8179 24.6156 24.4822 24.1773 23.0777 24.5332 22.4078 21.432 20.2793 19.9932 19.9734 18.235 18.1267 18.1338 18.2156 17.9376 17.7728 17.7711 17.3715 17.3568 17.3443 14.9922 14.9835 14.9759 14.6095
15.2004 15.1999 15.1983 15.1952 15.1902 15.1825 15.1712 15.5134 16.7618 18.0882 18.1524 20.217 21.6892 21.7371 20.6475 21.9323 22.1013 23.7024 24.2222 25.3273 27.9632 30.1277 31.0818 29.6022 29.0757 28.7692 28.1809 28.2762 28.6173 29.0071 30.783 31.4233 32.0688 33.8967 35.3289 36.6904 37.6258 38.155 31.994 28.125 25.1995 24.7696 24.4793 23.0986 23.0707 24.514 22.4263 22.9642 20.2646 19.9782 19.9521 18.2208 18.1174 18.1262 17.8464 17.9395 17.7506 17.6157 17.3733 17.3558 17.3414 14.9945 14.9844 14.9757 14.6066 14.5927
15.1898 15.188 15.185 15.1806 15.1742 15.5221 15.5119 16.7743 18.1035 19.4785 20.1897 21.6773 21.711 23.0438 23.5535 22.0027 23.7642 23.9626 26.272 28.6292 28.3371 32.2943 31.6798 32.1434 31.6418 31.2921 28.8264 28.4036 28.7046 29.5022 30.0836 30.8752 31.9006 33.2496 34.8784 37.1816 37.814 37.9311 32.1843 26.4148 25.2491 24.5017 23.0832 23.0429 24.1517 23.9923 22.9345 21.7154 19.9574 19.8433 18.0151 18.1056 18.1169 17.8439 17.9422 17.754 17.6201 17.3754 17.3544 17.3373 14.997 14.9851 14.6211 14.6026 14.587 14.4139
15.18 15.1772 15.1733 15.1679 15.5183 15.5103 16.7822 18.1138 19.4854 21.6753 21.6661 21.6908 23.051 23.5327 24.537 22.3112 25.7562 26.0959 27.1833 29.4743 30.2236 31.2804 31.6263 30.4224 29.5081 31.2715 31.6668 29.5044 29.1172 29.4406 30.0386 30.9151 32.277 33.8682 34.9231 37.1833 37.3849 36.7709 36.441 26.5825 24.9721 22.8413 22.9246 24.1508 24.0487 22.884 21.6572 19.9265 19.7999 17.3587 18.0905 18.1491 17.8413 17.7318 17.7583 17.6257 17.3779 17.3521 15.2161 14.9997 14.9856 14.6182 14.597 14.5794 14.4018 12.0426
15.171 15.1675 15.1629 15.5153 15.5089 16.7456 18.121 19.4902 21.6801 21.7795 22.9942 23.5068 23.5173 24.5618 24.5775 25.8468 26.0716 26.9643 29.6345 29.8223 30.5064 31.2604 27.3591 24.4326 18.0436 23.9536 31.9155 31.5189 29.0858 29.2781 29.8907 31.435 32.5013 33.9791 35.4588 36.3294 35.3388 35.3676 34.7771 32.9693 21.3244 23.1549 23.1368 23.4498 21.4515 21.5372 19.8752 19.6262 18.9326 18.07 17.774 17.8386 17.8114 17.7637 17.6333 17.3808 17.3485 15.2217 15.0025 14.9855 14.6137 14.5891 14.4152 14.3861 12.041 12.0376
15.1629 15.159 15.5129 15.5076 18.4072 18.7524 19.4935 21.6833 21.7616 23.0006 23.4975 23.5056 24.5728 25.7847 25.8906 26.0484 26.8342 29.6906 29.7919 30.4016 28.6772 25.3798 24.3317 21.4411 19.5198 23.9989 32.3121 31.9966 31.2645 30.3499 31.0986 31.9487 33.491 33.8707 35.4021 36.4621 35.007 34.532 33.6823 32.0415 30.1965 23.5433 23.557 21.6803 21.1843 19.7704 19.5413 18.8822 18.0404 16.328 17.8363 15.7087 17.7708 17.6439 17.3844 17.3427 15.2286 15.0054 14.8763 14.6065 14.5779 14.3979 14.3652 12.0387 12.035 14.1536
15.1557 15.5108 15.5064 17.1369 18.7593 19.4959 21.6855 21.7487 24.7 23.49 23.4963 24.5772 25.8288 25.912 26.0281 26.1878 29.7215 29.7839 29.8778 28.2607 25.0547 23.8947 21.0081 20.553 19.9974 24.1871 30.6783 31.9338 31.9698 32.5287 32.3893 33.1425 34.3708 34.8083 35.1202 34.7807 33.5615 33.2388 32.2438 30.8545 26.5979 23.4658 22.7708 18.9925 19.4098 18.8282 18.8561 18.6444 16.4271 17.8357 15.7285 17.7803 17.6598 17.3887 15.2562 15.237 15.008 14.8724 14.5951 14.5615 14.3739 11.8931 12.0356 12.0316 14.0676 14.4479
15.5091 15.5054 17.1402 18.7645 19.4977 21.6871 21.7391 24.7027 23.4839 23.4889 24.5784 25.8557 25.9225 26.0111 26.1275 26.8727 29.7837 27.7812 28.0734 24.8968 24.2338 21.8729 21.3208 21.0767 21.0775 20.3703 19.2472 28.1265 31.4181 33.4665 33.9 33.9149 34.3108 34.2652 34.6051 34.0331 32.9912 32.1552 30.522 29.6242 27.8337 24.1192 19.3313 22.2231 19.6095 18.9319 16.8216 16.4526 18.0997 17.6491 17.7938 17.6853 17.3942 15.275 15.2476 14.9013 14.8645 14.5768 14.5373 11.8979 11.8896 12.0313 11.5853 14.0572 14.4484 14.5065
15.5044 17.1427 18.7685 19.4991 21.6882 21.7317 24.7042 23.4787 25.8499 24.5779 25.8726 25.9271 25.9968 26.0853 26.9245 29.7863 27.6623 25.0745 24.8086 21.8618 22.2382 21.7438 21.4503 19.2739 19.1714 18.6056 18.6822 18.3773 23.0801 30.6569 34.0678 34.3627 34.1411 34.0773 33.6812 31.5166 31.6185 30.5284 29.9796 27.5801 26.598 24.9806 21.9586 17.2226 18.7429 17.2547 16.7398 17.9311 17.6344 17.7011 17.7306 17.4016 15.3031 15.2609 14.8963 14.6138 14.5466 14.5003 11.894 11.8844 11.5837 11.5853 14.0422 14.448 14.518 15.0558
