normal_rasters/0772100001002376.ascii
ncols 66 
nrows 84 
xllcorner 158330.541992
yllcorner 383898.761993
cellsize 0.25
nodata_value -9999 
[rows 32 to 63 of 84, columns 0 to 65 of 66]
17.1445 18.7716 19.5002 21.6891 24.6842 24.7051 23.4743 25.8487 23.6432 25.8835 25.9287 25.9849 26.0543 26.1391 27.6502 27.5913 27.5018 25.4727 21.8787 22.4327 22.0928 19.0517 19.0528 19.367 18.8958 18.092 16.5221 14.751 16.469 26.649 33.4788 33.6818 33.4384 32.7509 31.0286 30.7457 29.8318 28.6982 28.0956 25.735 24.5966 22.9795 20.8288 19.0626 17.0801 17.949 16.3533 17.5898 17.6671 17.8181 15.4656 15.3493 15.2766 14.8791 14.579 14.4947 11.9034 11.8873 11.8763 11.5831 11.5853 14.0206 14.4461 14.6758 15.0718 15.113
23.9807 22.6017 23.824 22.7652 23.5786 26.4524 30.2212 28.0926 28.0889 26.403 25.4832 29.4519 29.5197 29.6025 29.6079 29.1312 28.9677 24.2155 24.4653 25.1223 25.1549 25.0864 25.5798 21.5145 20.8408 20.235 21.6425 18.5256 20.4014 27.8321 32.8223 32.5839 31.6069 31.2926 30.0562 29.7177 28.393 27.2926 25.323 24.8502 22.2304 21.5652 19.4229 18.7627 15.8475 16.4965 14.5829 17.2132 17.8338 15.7586 15.4367 14.9889 14.8282 14.5045 12.0633 11.8953 11.8757 11.4346 11.5823 11.6959 13.9885 14.4415 14.6829 15.0914 15.1415 15.4219
23.964 23.98 28.431 28.4427 22.2461 25.6104 25.6303 25.6541 26.6959 26.6749 26.8581 26.8986 26.9521 27.0226 22.399 25.8903 30.4435 32.1422 31.9894 29.5264 32.3304 32.3683 31.3118 32.5245 32.8302 32.543 31.3172 32.1364 29.6035 28.1069 31.4439 30.5757 30.1915 29.9142 28.0386 26.1051 26.8236 25.5635 23.9326 23.3373 20.7278 20.0858 18.0 16.1437 15.26 14.7047 14.4691 14.134 17.9286 15.614 14.9048 14.6707 14.3342 12.0474 11.8776 11.4368 11.4339 11.5093 11.6956 11.8289 14.5714 14.6894 15.116 15.1782 15.4544 16.0372
23.1806 23.9607 23.9794 28.4287 28.4426 27.3729 25.6066 25.6303 25.6591 26.6965 26.6705 26.8378 26.8863 26.9537 22.3208 22.4875 24.301 30.4698 32.1205 28.4709 29.5306 29.593 32.3569 31.3637 32.5669 32.7255 32.0387 31.2401 29.1151 23.3677 25.9778 28.6903 27.8863 26.3094 25.9291 25.1693 23.7843 22.7675 21.8249 20.7817 19.8872 18.0212 17.1501 16.1509 14.8841 13.6433 13.2639 14.2707 12.7204 14.1383 12.4433 12.0848 11.8969 11.4549 11.4361 11.4323 11.5098 11.6955 11.7051 14.5351 14.6939 15.1475 15.4611 15.4963 16.0786 18.5254
17.5124 23.1713 23.957 23.9792 28.4262 28.4429 27.3702 25.6015 25.6301 25.6656 26.6973 26.6643 26.8076 26.8665 26.9539 22.386 22.6219 24.5487 30.5031 30.2681 28.4426 29.0909 29.6579 31.2287 31.6085 31.5819 31.9822 30.9623 27.4552 26.6215 26.6107 26.5971 26.2524 25.4 23.0525 23.5408 20.666 20.2814 19.8128 18.3546 17.1706 16.188 15.8928 14.309 13.7551 12.9702 12.3644 12.1715 12.4691 11.9851 11.834 11.4841 11.4523 11.4334 11.374 11.5087 11.6959 11.9778 14.4704 14.6926 15.332 15.5062 15.5521 16.1339 18.5516 18.5765
17.492 17.3938 23.1597 23.2699 23.9795 28.4234 28.4438 27.3665 25.5944 25.6295 25.6744 26.6983 26.655 22.1672 26.833 26.1558 22.4854 22.8439 25.7589 30.8094 30.1195 28.3509 28.5989 29.4194 30.0207 31.0623 29.9618 27.0825 26.3799 24.8033 24.6853 23.4895 22.0846 22.3448 20.8441 19.8216 19.5578 18.5765 16.8145 16.3734 15.7505 14.8088 14.3928 13.9894 13.1992 12.5507 11.7866 11.6485 11.5864 11.5639 11.446 11.4386 11.3812 11.3687 11.505 11.6977 11.9751 14.3511 14.6766 15.3647 15.5673 15.6297 18.5446 18.587 18.6159 18.9245
16.7209 17.4872 17.3912 23.1452 23.2623 23.9807 28.4202 28.4457 27.3616 26.9119 25.6284 25.6869 26.6996 26.0786 22.1875 26.7727 22.259 22.6523 23.3004 28.8251 29.7725 27.0244 26.329 28.393 30.0957 28.4197 25.8413 25.1568 24.7651 22.9632 21.4195 21.3873 20.7805 18.1874 18.848 18.0297 15.339 15.2762 14.8826 14.1075 14.1909 13.5627 13.5758 13.0205 12.6282 12.2987 11.7594 11.4854 11.2292 11.3371 11.4128 11.3949 11.3815 11.4919 11.6661 11.8858 12.2121 14.6217 15.4891 15.6537 15.7438 16.4301 18.6372 18.9697 18.9559 18.9427
22.8265 16.7173 17.4809 17.3875 23.1266 23.2524 23.9834 28.4167 28.4494 27.3546 26.89 25.6262 25.7054 26.7014 21.9428 22.2098 21.9801 22.2876 22.9749 28.3308 29.6089 30.0614 26.0512 24.4517 25.1087 29.6335 22.9076 22.0465 20.8182 19.8131 19.6205 18.5666 16.1261 16.5819 16.431 14.9917 14.4439 13.7133 12.9994 12.8231 12.7333 12.2452 12.4784 12.0513 11.7995 11.645 11.4359 11.2388 11.162 11.1335 11.2331 11.3382 11.4899 11.6731 11.9165 12.2219 14.5735 15.491 15.7818 15.9241 16.5681 18.7125 19.0179 18.9969 18.9779 18.9607
24.7054 22.8047 16.7124 16.1004 17.3824 17.407 23.239 23.9887 28.4128 28.4563 27.3443 26.8565 25.6218 25.7349 26.7044 22.0548 22.2275 21.8163 22.296 27.4892 29.809 31.4019 29.2408 23.6783 22.2714 20.3693 20.4383 19.5322 19.0764 18.278 16.9822 15.6847 15.0784 13.6145 12.6637 12.2184 11.8517 11.5553 11.3892 11.2351 11.6408 11.5815 11.282 11.5486 11.4594 11.1707 11.1597 11.224 11.062 10.949 11.0317 11.2884 11.7104 12.027 12.2931 12.4795 15.373 15.9737 16.3903 16.842 18.8348 19.0862 19.0519 19.0234 18.999 18.9445
24.7346 24.698 22.7748 16.0894 16.0984 17.375 17.4056 23.2203 23.9986 28.4087 28.4691 27.3279 26.8017 25.6128 25.7868 25.9427 22.2517 22.2037 20.6613 22.108 29.8157 37.8517 29.0676 32.4245 20.0553 18.9929 17.8925 16.9885 16.4407 14.8588 14.927 13.4481 12.7006 11.4039 11.1353 10.6674 10.2999 10.5028 9.7275 9.9384 10.2879 10.5826 10.8257 10.3096 10.5406 10.8569 10.6384 10.6579 10.8905 10.8238 11.0357 11.364 12.2396 12.2053 12.4786 14.4577 16.1388 16.882 16.896 19.2791 19.1889 19.1281 19.0834 19.0133 18.959 18.9177
24.7698 24.7326 24.687 22.7327 16.0845 16.0954 17.3642 17.4029 23.193 23.108 28.4053 27.4319 27.2994 26.7033 25.5926 25.891 25.8186 22.6624 21.8866 20.1799 23.9165 30.8551 20.2527 20.4499 16.6484 16.078 14.628 15.15 13.1644 12.8658 12.6437 11.7643 9.8064 9.5254 9.4963 8.0632 8.3936 8.0967 8.6241 8.9547 9.2049 9.1283 9.7154 9.9718 9.9396 10.2177 10.4172 10.3153 10.273 10.6883 10.9654 10.9191 11.9685 12.4895 12.8426 15.1007 17.987 18.0809 17.8528 19.353 19.2339 19.1276 19.0329 18.9673 18.9196 18.8837
29.7013 24.7752 24.7285 24.6701 16.1938 16.0776 16.0908 17.3473 17.3979 23.1504 23.1283 28.4049 27.4613 27.2424 26.5023 25.5407 26.2307 23.2304 23.6847 19.3873 16.2804 28.9587 20.4572 14.9971 14.5356 14.3636 12.491 12.3044 11.5501 10.7398 10.6416 10.0629 8.9259 8.3896 7.0221 7.2424 6.8933 6.842 7.4159 7.8735 8.1129 8.8498 8.7436 9.407 9.609 9.6089 9.8162 10.1471 10.1416 10.2138 10.7206 10.818 11.3857 12.493 12.731 15.8059 22.8007 19.3086 19.5965 19.3362 19.1449 19.0333 18.96 18.9089 18.8717 20.7078
29.7485 29.6998 24.7811 24.7207 29.4821 16.1896 16.0671 16.0834 17.3197 17.3881 23.0783 23.1654 24.0507 27.5287 27.0993 26.0184 25.381 25.1634 27.0213 22.161 15.2294 14.4032 13.2189 12.7409 12.4573 11.2607 11.0595 9.9418 9.9058 9.9509 9.2016 7.597 7.0592 6.2384 6.0265 5.7485 5.7791 6.1985 6.0231 6.9749 6.9483 8.0724 8.3391 8.2717 9.1846 9.4414 9.4648 9.5029 9.8284 9.9978 10.1136 10.5144 11.2528 11.2965 13.2098 13.647 17.6125 19.2448 19.1809 19.0844 18.9908 18.9821 18.9567 18.9345 18.9158 18.9002
29.3295 29.758 29.6956 24.7873 24.7063 28.4407 16.1828 16.0505 15.9589 17.2712 17.3673 22.9417 23.2404 24.302 27.7349 26.5717 22.5624 21.3333 14.8147 13.5724 12.7195 12.7208 12.2468 11.3303 10.8494 9.8932 9.1894 8.6926 7.725 7.5433 7.2696 6.2805 5.9058 5.8504 5.4351 5.0633 5.0738 4.897 5.2161 5.328 6.4616 6.3355 7.5071 7.7083 7.9885 9.0214 9.1867 9.6265 9.78 9.8248 9.9983 10.0873 10.6196 11.2748 12.0958 13.2859 15.1385 19.4708 19.5673 19.2954 19.1535 19.0695 19.0142 18.9751 18.9459 18.9233
29.3331 29.3536 29.7692 29.6864 24.7929 24.6791 27.9353 16.1712 15.3916 15.9358 15.8127 17.3175 22.6346 23.2647 28.5955 28.8963 23.552 20.5081 13.2661 12.4336 11.5404 10.4381 10.1674 9.6509 9.0679 8.7808 8.1166 7.5098 6.9639 6.8957 5.6586 5.2449 4.5968 4.3041 4.3666 4.3605 4.0341 4.1274 4.2903 4.7795 5.2389 6.191 6.417 7.4327 7.8839 8.2456 9.05 9.4088 9.8675 9.9399 9.9035 9.9344 9.9957 10.6595 11.3645 13.8096 17.3364 21.1847 19.9773 19.4693 19.2501 19.1309 19.0567 19.0062 18.9697 18.9421
29.3345 29.3584 29.3853 29.7822 29.6675 24.7961 28.4431 27.758 16.1501 15.3896 15.8574 15.7757 17.1713 17.4326 26.0088 33.3185 26.0737 13.19 12.1289 10.8323 10.3613 9.7502 9.4423 8.5528 8.2102 7.3786 7.0961 6.7684 5.7214 5.1381 4.9288 4.5445 4.2396 3.8762 2.8595 2.891 3.0513 3.2139 3.3074 3.9365 4.5977 4.9145 6.31 6.6435 7.6262 7.9999 8.5265 9.1024 9.3627 9.926 10.0046 9.8905 10.1412 10.2367 13.9581 19.6972 18.8184 19.3688 19.3711 19.1734 19.2626 19.1522 19.0772 19.0241 18.9849 18.955
29.3325 29.3599 29.392 29.4287 29.7969 24.9652 24.7908 28.3156 21.4644 15.4838 15.385 15.2583 15.6368 17.9264 19.3183 25.1497 23.6387 12.2734 10.7866 10.2335 9.4643 8.1993 7.6384 7.3632 7.2368 6.9416 6.0371 5.636 5.0152 4.3662 4.1248 2.9717 2.6997 2.5638 2.3383 2.1207 2.3487 2.733 3.0594 3.4902 4.3791 4.9186 5.5589 6.707 7.1255 7.8376 8.1306 8.777 9.0426 9.6846 10.126 10.37 10.6878 11.0521 10.8306 15.6499 18.0307 20.3407 20.6736 18.9993 18.9233 18.8495 19.0768 19.0286 18.9911 18.9617
29.131 29.2064 29.3932 29.4386 29.4917 29.812 29.8624 24.7568 28.029 21.2369 15.6504 15.375 15.2229 15.1997 16.7725 15.4532 13.0526 11.3678 10.1488 9.7198 8.7631 8.2647 6.9921 6.5243 6.1753 5.8704 4.9938 4.5682 4.165 3.6757 2.9331 2.6959 2.1961 1.9952 1.479 0.7518 0.9799 2.3381 2.8982 3.7406 4.2505 4.9015 5.3755 6.0202 6.7678 7.5872 7.9966 8.5983 9.1163 9.6274 10.0036 10.3789 10.8314 12.7226 11.6466 14.3231 16.437 17.7096 20.335 20.444 18.8325 18.7937 18.7535 18.717 18.9896 18.9626
22.7983 29.0972 29.1893 29.439 29.5075 29.5906 29.822 29.8526 28.3886 25.9571 19.7723 15.6751 15.4922 15.0315 14.1966 13.514 11.8097 11.0912 9.2954 8.5927 8.1271 7.3838 6.6486 6.3729 5.6514 5.1822 4.621 4.0332 3.421 2.5324 2.1644 2.1996 1.2446 1.0187 0.352 0.7632 1.3286 2.1501 3.2333 3.7194 4.53 4.978 5.4753 6.0426 6.747 7.3172 7.9056 8.4212 8.7682 9.5505 10.1619 10.4047 10.9409 12.0436 11.9203 14.184 14.6759 16.7061 17.6353 20.3234 20.388 21.1714 18.7149 18.6902 18.6666 18.645
21.6144 22.8402 22.9421 29.1404 29.3207 29.6191 29.7644 29.8087 29.8182 26.7565 20.555 17.1962 15.7926 14.4799 13.3947 12.2464 11.2384 10.4916 9.1024 8.2441 7.7853 6.933 6.4895 5.3836 5.1695 4.5446 4.0603 3.0481 2.7762 2.2854 1.7173 0.9194 0.7537 1.1638 0.9156 2.3028 2.2246 3.0265 3.6299 3.8589 4.6827 5.266 5.563 6.1847 6.8015 7.2673 7.6112 8.486 8.8984 9.3704 10.3766 10.4756 10.5864 11.4224 11.5772 11.5739 14.488 14.705 16.8105 17.5981 20.3132 20.3554 20.3806 21.1492 18.6457 18.6294
21.5764 21.6548 21.7635 21.9189 23.1467 29.2576 29.8301 30.1223 30.3127 32.4701 29.593 18.0006 15.3698 13.2361 12.8047 11.6101 10.8709 9.3741 8.5177 7.883 7.2529 6.7626 6.2763 5.1874 4.455 4.2588 3.9253 2.8663 2.2198 1.446 0.7561 0.5335 1.4394 1.9786 2.1414 2.9482 3.3869 4.0998 4.2011 4.7608 5.2645 5.6005 5.8502 6.6797 6.9954 7.4578 8.0228 8.2756 9.1366 10.7175 13.6488 11.9855 12.0098 11.1776 11.3877 11.4136 11.6039 14.5858 14.7002 17.5078 17.5751 20.3052 20.3348 20.3541 21.1595 21.1387
21.5184 21.5855 21.682 21.8287 22.0674 22.4869 24.0045 24.7841 30.3371 47.2056 30.662 23.4569 14.4136 12.5507 11.6335 10.9272 9.4584 9.1203 7.9008 7.5007 7.0235 6.1298 5.2783 4.9704 4.1323 3.517 2.8674 2.3895 1.3214 1.0078 1.002 1.282 2.6588 3.1208 3.6491 3.6706 4.7712 4.9616 5.3628 5.4761 5.6736 6.1383 6.6802 6.7997 7.0396 7.8554 8.2267 8.8067 9.5018 12.8137 15.6084 13.5408 12.7302 12.4862 11.224 11.3429 11.4696 14.3993 14.6223 14.6914 17.5143 17.5594 20.2989 20.3208 20.336 20.3462
21.4421 21.4873 21.5517 21.6504 21.8172 22.1437 22.9354 25.6343 32.2594 23.621 27.1159 15.343 13.7378 11.6593 10.4863 9.561 8.8861 8.219 7.4955 6.9152 6.3685 5.9415 5.1077 4.2007 3.4565 2.7329 2.3102 1.6608 0.9939 1.2956 2.0454 2.4642 3.1388 3.7471 4.6918 5.0789 5.5359 5.5847 6.1184 6.4855 6.8798 7.1003 7.4602 7.5045 8.1053 8.0982 8.9227 10.1544 12.1043 11.8018 13.3729 13.5941 12.9107 12.8185 13.1009 13.1547 11.3147 11.4355 14.6555 14.6373 14.683 17.5157 20.2716 20.294 20.3108 20.323
21.3538 21.3697 21.3878 21.4074 21.4246 21.4233 21.3338 20.8917 19.2156 15.4172 16.8921 13.9001 12.5334 11.0308 9.889 9.5574 8.5735 7.6345 7.4614 6.5279 6.2063 5.3564 4.3643 3.4905 3.2773 2.2596 1.5533 0.7529 0.8904 1.6201 2.2778 3.5699 4.0487 4.7762 5.1606 5.7029 5.9336 6.3231 6.7272 7.0089 7.4228 7.8188 7.991 9.0046 8.7826 11.0334 11.0862 15.6953 12.3353 11.4722 12.4784 12.9026 13.0701 13.1399 12.7621 13.2278 13.2354 11.2962 14.3951 14.6849 14.6435 14.6759 17.5152 20.2728 20.29 20.3033
21.2625 21.2484 21.2198 21.1612 21.0356 20.7414 19.6306 17.6202 15.4982 13.4686 13.3034 12.4695 11.7475 10.9846 9.5141 8.6738 8.3512 7.4027 6.6383 6.0271 5.3506 4.8526 3.9569 3.0189 2.4908 1.5497 0.7192 0.6134 1.8347 3.0668 3.8312 4.2219 4.7852 5.12 5.5501 6.2213 6.3448 6.7286 7.2423 7.7639 8.1039 9.2815 9.5011 9.5737 10.094 16.2516 27.107 20.4996 17.6585 12.2254 11.754 12.5448 12.7173 12.8744 13.0464 13.1949 13.2303 13.1773 11.4188 14.4429 14.7013 14.6459 17.3803 17.5139 20.2732 20.2868
20.5951 20.5449 20.463 20.3252 20.0852 19.6547 18.895 14.8714 13.8522 12.9683 11.9384 11.2635 9.8969 9.2718 8.7539 8.2525 7.662 6.8357 5.9497 5.7377 4.979 4.0633 2.898 2.6923 1.4614 0.9398 0.8809 1.8209 2.952 3.2791 4.1233 5.0255 5.6578 6.0503 6.568 6.7608 7.0982 7.336 8.2203 8.3514 8.7874 9.3752 10.4773 11.4263 11.9728 12.8056 24.2248 23.3791 21.3706 18.5456 12.0757 13.9191 12.5337 12.6251 12.7782 12.9932 13.1811 13.2277 13.1879 13.3605 14.6608 14.711 14.6464 17.3905 17.5122 20.273
20.4236 20.3353 20.2047 20.0071 19.7023 15.1543 14.5886 13.4237 12.9592 11.8978 10.4535 10.405 9.4954 9.1068 8.2048 7.7183 6.9325 5.9926 5.3914 4.9331 4.0363 3.3456 2.761 2.0117 1.4308 1.081 1.2833 2.2258 3.2296 4.6232 4.9563 5.711 5.9764 6.5174 6.8421 7.4367 7.7008 8.0278 8.6672 9.309 10.3387 10.9496 11.8785 14.2923 14.3659 13.0935 20.0843 21.3082 21.8532 21.3313 20.6282 17.6773 13.9783 13.9871 12.5709 12.7224 12.9592 13.1694 13.2239 13.193 13.3764 14.6779 14.7168 14.6459 17.3973 17.5105
20.2763 20.1631 20.0053 19.7824 14.0007 13.8895 12.6029 12.2893 11.0894 10.2685 9.7449 9.2901 8.8588 8.1234 7.8837 6.6802 6.1334 5.5866 4.863 4.0422 3.5831 2.497 2.0291 1.3575 1.3602 1.4955 2.0038 3.3422 4.0825 4.8472 5.475 6.3753 6.5356 7.122 7.5925 7.8657 8.3715 9.2507 9.5749 10.3902 10.6538 11.8337 15.7758 27.5677 20.2331 17.2441 19.2601 20.5407 21.7336 21.6834 21.4064 20.683 17.8678 14.0009 14.0019 14.0047 12.6865 12.9358 13.1597 13.2198 13.1953 13.3867 14.6894 14.7203 17.3634 17.4019
20.1571 20.0315 13.9417 13.8868 12.5131 12.3916 12.1694 11.387 9.9215 9.0315 8.91 8.1697 8.1397 7.4201 7.1375 6.1761 5.5768 4.7945 4.0209 3.6191 2.8058 1.8233 1.3662 1.2588 1.6768 2.0223 2.8846 3.9865 4.5738 5.2265 6.4591 6.9469 7.193 7.4686 8.0594 8.4428 9.0326 10.0153 10.4624 10.8982 12.7368 14.3646 17.1213 21.4572 22.672 18.7345 17.7842 19.9055 20.4216 21.4454 21.4337 21.2493 20.4593 20.0785 14.0099 14.0081 14.0078 12.6617 13.5074 13.4977 13.216 13.1961 13.3936 14.6973 14.7225 17.3731
18.8079 13.0928 12.4509 12.3923 12.2949 12.1385 10.9232 9.4441 9.2278 8.4953 8.253 7.5173 7.2557 6.7151 6.2122 5.4472 4.8178 4.538 3.6513 3.0544 2.0099 1.5699 1.1838 1.354 2.0204 2.9162 3.3802 4.2336 5.2529 6.2487 6.94 7.4592 7.8285 8.319 8.7563 9.5124 9.8398 10.5223 11.2635 12.4246 17.9653 39.6497 27.7862 21.9569 19.6058 23.2482 18.2146 22.9208 20.0496 21.2626 21.2993 21.2983 21.1562 20.4352 20.2885 14.0131 14.0105 14.0089 12.6435 13.4977 13.4903 13.2125 13.196 16.5387 14.7029 14.7238
13.0161 12.3779 12.3263 12.2493 11.0879 9.4541 9.3665 9.2251 8.1499 8.0319 7.4358 7.1973 6.5676 6.4339 5.5473 5.1391 4.3375 3.6932 3.0784 1.9567 1.5621 1.3625 1.2275 1.7442 2.1655 3.3428 4.0782 4.9852 6.0404 6.745 7.1843 8.2027 8.3637 9.1829 9.4485 10.3489 10.6118 11.7967 12.803 17.7217 36.2051 32.3972 32.9189 27.9551 21.5934 19.599 19.7351 18.007 23.1562 21.0899 21.1907 21.2124 21.2146 21.0958 22.6454 20.3106 14.0138 14.0109 14.0088 12.6297 13.4902 13.4844 13.2094 13.1956 16.5519 14.7069
12.3326 12.2886 11.1377 11.0403 9.3952 9.3302 9.2336 8.0797 8.0059 7.4 7.2735 6.8108 6.4031 5.9458 5.1031 4.3683 3.9758 3.0929 2.6232 1.7793 1.3189 1.1148 1.3385 2.293 3.4001 4.3392 4.7213 5.5749 6.0877 6.8952 8.335 8.5758 9.3565 9.6493 10.431 11.4336 12.122 13.2063 18.0299 16.1154 26.5607 32.1487 33.1957 34.0301 27.913 27.0997 25.0751 19.6584 18.1666 24.94 25.0491 21.1406 21.1551 21.1583 21.0541 22.6438 20.3249 20.1978 14.0104 14.0082 12.6189 13.4843 13.4795 13.2066 13.1948 16.5618
