normal_rasters/0772100001002376.ascii
ncols 66 
nrows 83 
xllcorner 158330.541992
yllcorner 383898.953003
cellsize 0.25
nodata_value -9999 
[rows 32 to 63 of 83, columns 0 to 65 of 66]
18.2705 18.2905 17.9367 17.1132 15.3937 6.8548 6.8426 4.7141 4.4246 3.8764 3.8538 2.7443 2.7533 3.007 3.3136 3.3474 3.392 6.1467 6.2695 6.4446 8.9022 11.5115 12.3237 13.157 17.714 18.2825 20.857 26.1538 41.0068 28.5068 34.7928 33.8424 26.1197 21.9434 18.456 18.4872 17.0809 17.4554 17.074 15.6804 15.7327 16.2943 17.1995 18.4918 22.0784 19.2208 24.0565 25.3422 25.1882 24.3887 24.1595 22.3088 22.1197 22.0026 19.7579 18.1436 17.7887 17.7135 15.4862 15.4055 15.112 15.3179 15.2823 15.4019 15.406 15.4094
22.8087 22.8228 22.8384 25.1997 25.1775 24.5772 24.5097 19.0632 16.8169 14.7308 12.1777 10.0285 9.8989 8.4049 8.1703 10.6294 8.8343 10.144 16.995 17.1734 17.4611 19.9176 21.241 21.0296 21.4648 25.1105 28.0775 30.0667 31.0482 25.9064 25.497 25.4702 20.5653 17.9171 15.85 15.8801 15.0329 14.4246 14.1814 14.549 14.2791 15.05 15.7271 16.8064 16.8862 20.8797 25.5914 25.2658 23.6025 24.0983 22.4227 22.0969 19.9621 19.732 18.1146 17.733 17.6442 15.4841 15.4026 15.113 15.3178 15.2818 15.4013 15.4063 15.4593 15.656
23.1809 22.8128 22.8294 22.8478 25.2014 25.1753 24.5691 24.4886 19.0697 19.0646 20.527 17.879 17.853 17.8209 17.7823 16.2555 15.7367 15.825 19.9208 20.1378 20.3126 20.6778 22.8149 23.1584 23.6157 26.3142 27.0337 27.7817 30.1252 24.7715 22.1681 19.0903 18.4738 16.3248 14.2793 11.2237 12.405 12.9401 12.7454 12.5695 12.9569 13.2259 13.6671 15.1958 16.955 17.9429 19.1378 26.7943 22.5577 22.5644 20.638 20.0218 18.2571 18.0302 17.6199 15.491 15.4801 15.3124 15.1141 15.282 15.1318 15.4004 15.4068 15.46 15.6563 20.5213
19.7686 22.8124 22.818 22.8378 22.8598 25.2034 25.1722 24.5583 19.0818 19.0772 19.0707 20.5099 17.8831 17.8492 17.8065 17.7548 16.2517 15.554 15.5772 15.8354 20.0024 20.2412 20.7502 22.9649 23.689 24.491 24.4178 23.2263 21.4022 19.9787 17.2691 15.8924 13.0925 11.5408 10.9645 8.6769 9.3389 11.0914 11.6407 11.5747 11.8724 12.5442 13.1597 14.2612 15.6196 15.5082 15.8035 19.2524 19.1284 22.1546 19.7851 17.842 17.5126 15.6192 15.4864 15.3182 15.1684 15.1151 15.1305 15.1334 15.3991 15.4074 15.2772 15.6567 20.5149 20.7054
20.1453 19.7657 19.8117 22.8619 22.8485 22.8753 25.2058 25.1679 24.5435 19.0921 19.0861 19.0775 17.4791 17.8871 17.8411 17.7822 16.0515 15.6078 15.5484 15.5805 15.8367 19.7118 20.0235 20.8334 23.473 25.4146 24.7214 22.389 18.1383 16.3667 15.1636 13.128 11.2633 10.6996 8.4092 8.3615 6.9481 8.062 9.2947 9.8362 10.5713 11.1689 12.162 13.2301 13.8725 14.7673 15.1455 16.6375 17.7527 16.3455 16.8781 15.6491 15.6086 15.3604 15.2473 15.1705 15.1155 15.1313 15.0775 15.397 15.2733 15.2808 15.6574 20.5081 20.7055 20.7812
20.0741 20.1368 19.7617 19.8159 22.865 22.8628 22.8959 25.2088 25.1617 24.5225 19.1046 19.0967 19.0849 17.501 17.8901 17.8244 17.7393 16.0431 15.4242 15.5349 15.5807 15.8327 15.8861 19.2736 20.4497 25.7872 16.2155 14.9603 14.7913 12.0829 11.5889 10.2442 9.6161 8.5238 7.0603 6.4551 6.3975 6.0158 6.5775 8.2614 9.1846 10.521 11.0571 12.0666 12.9158 13.4515 14.8086 14.638 15.1452 15.6769 15.584 15.5639 15.364 15.2446 15.1719 14.991 15.1316 15.0781 15.1482 15.276 15.286 15.6586 20.4059 20.7063 20.8015 20.8736
15.5062 20.0531 19.703 19.7561 19.8209 22.8688 22.882 22.9239 25.2127 25.1525 24.4919 19.1203 19.1093 19.9618 17.5314 17.8895 17.7899 16.0783 16.0223 15.4091 15.5024 15.5672 15.5743 15.9048 17.1807 17.8139 15.8164 12.5987 12.3777 10.5881 8.6508 8.3222 8.0741 6.038 5.7049 4.7349 3.1368 3.4589 3.7499 6.2802 7.304 8.2553 10.4345 10.9855 11.7747 12.8444 13.5604 14.0613 14.1791 15.1782 15.3962 15.3361 15.2146 15.1728 15.0057 15.0721 15.0763 14.954 15.2801 15.2914 15.6606 20.3687 20.7082 20.8315 20.8049 20.9529
17.1129 15.4994 14.4198 19.685 19.7481 19.8269 22.8734 22.909 23.4895 23.4697 25.138 24.4452 19.1404 19.1246 19.9287 17.9892 17.8785 17.7147 16.0713 15.9691 15.1611 15.0587 15.0917 15.4701 15.5435 14.3109 11.7029 10.9849 9.5891 8.9412 8.0191 7.067 5.9248 5.5988 4.7226 2.7792 2.513 2.3022 2.6736 3.7695 6.2654 6.8618 8.6998 9.831 10.495 11.2888 12.3309 13.0433 13.7565 14.1287 14.683 14.8091 15.1676 15.0293 15.0477 15.067 14.9694 15.2866 15.2992 15.3177 20.3448 20.712 20.7636 20.8539 21.0017 21.0206
17.3511 17.1019 15.4905 14.4157 19.6604 19.7366 19.8345 22.8794 22.9481 23.516 23.489 25.1139 19.1801 19.167 19.143 17.6442 18.0326 17.8349 17.5386 16.0335 15.3725 14.5336 14.5659 15.0808 14.5519 11.7052 11.7774 9.7665 8.984 7.5036 6.3194 5.5298 5.1681 3.6025 2.5921 2.1792 1.7296 1.4276 1.7045 2.2147 3.4229 6.5468 6.9152 8.1765 10.2042 10.591 11.4291 12.7268 13.1014 13.5538 14.2015 14.5941 14.9016 14.9323 14.8955 15.0218 15.2891 15.3121 15.3289 15.6487 20.7188 20.804 21.0309 21.0728 21.0922 24.6301
17.405 17.3505 17.087 13.866 14.4098 19.6257 19.7194 19.9481 20.0528 23.0078 23.5534 23.5144 25.0701 19.224 19.2029 19.1658 17.7783 18.095 17.6792 16.1688 15.8879 14.6633 14.2651 14.2475 13.1295 10.9114 9.602 8.2644 7.1835 6.3312 5.4002 4.3414 3.6064 2.6322 2.2006 1.7474 1.5421 1.108 0.9001 0.9935 1.3631 3.1923 6.3592 6.556 8.3772 10.002 10.6257 11.4261 12.4787 13.1485 13.3708 13.9781 14.4586 14.7674 15.1159 15.1577 15.1868 15.3493 15.6519 20.5535 20.8691 21.132 21.1831 24.6623 24.6774 24.6829
18.2346 17.8355 17.3493 17.0662 13.8582 14.401 19.575 19.6924 19.9531 20.0971 23.5858 23.6099 23.5482 23.6572 19.2898 19.2511 19.2037 17.4786 18.1333 17.1655 15.9801 15.2384 13.6256 12.8739 10.5679 9.1551 7.6487 7.5087 5.8932 5.3877 4.2026 3.7523 2.281 2.0992 1.9035 1.6033 1.1338 0.9053 0.9421 0.9299 0.9501 1.0891 2.7005 5.9784 6.353 7.8642 9.4045 10.5398 10.9911 12.3654 13.0761 13.2651 14.144 14.6933 15.4904 15.2121 15.4023 15.491 20.4011 20.9869 21.3124 24.7061 24.7414 24.7514 24.7491 24.7411
18.2506 18.2409 17.8399 17.3469 13.8943 13.8468 14.3874 19.4975 19.6481 19.9569 20.1671 23.7344 23.7038 23.5912 23.4501 18.6231 19.2974 17.2933 18.5495 17.7293 16.2004 14.4448 11.8426 9.9203 9.5827 8.3467 6.7852 5.8614 5.0158 4.3332 3.2589 2.6884 2.027 1.8578 1.6431 1.4568 0.9559 0.9073 0.9626 0.8952 0.9243 0.9916 1.01 3.0145 5.9539 6.3976 7.947 9.65 10.9736 11.2253 12.5798 13.2079 13.3011 14.4513 14.7082 15.6882 15.4148 19.8974 21.2283 24.7307 24.862 24.887 24.8752 24.8518 24.8262 24.8015
18.2691 18.2611 18.2488 17.8445 17.7652 13.8928 13.8296 14.3653 14.0014 19.57 19.956 20.29 23.9189 23.8846 23.6224 22.8838 18.8224 18.2108 21.8677 15.6841 13.5288 11.9388 10.5517 9.0335 7.8178 6.0176 5.8897 5.1199 4.7432 3.7557 2.8045 2.0994 1.72 1.6541 1.4127 0.968 0.9048 0.9301 0.972 0.9124 0.8903 0.9551 0.9649 0.7728 3.845 5.9376 6.7757 7.9586 9.6726 10.6072 11.2979 12.1377 12.7061 13.1306 14.7177 15.004 15.6755 21.2383 25.1106 25.275 25.1945 25.0988 25.0184 24.9539 24.902 24.8599
18.3157 18.2849 18.2752 18.2591 17.8491 17.7432 13.8899 13.8024 14.3271 13.9828 19.4184 19.9389 20.5418 24.3084 24.326 22.5493 19.372 17.7795 13.2295 11.7868 10.8488 10.9908 9.5467 9.0022 6.686 5.3537 5.2199 4.5093 3.4967 2.8608 2.3249 1.4445 1.3234 1.1875 1.0632 0.9522 0.9566 0.9397 0.9589 0.9697 0.8714 0.8163 0.6246 0.6226 1.3206 3.9179 5.0361 6.8663 8.173 8.8305 10.5942 11.3411 11.9722 13.0347 13.4333 14.9154 15.7221 29.4575 26.9203 25.9448 25.5253 25.2931 25.1456 25.0434 24.9684 24.911
18.3914 18.3298 18.3066 18.2948 18.2727 17.6729 17.7049 13.8841 12.8495 13.711 13.9368 19.0804 19.8586 21.1901 23.5853 24.5387 21.914 15.1234 11.2915 9.9694 8.7821 7.799 8.2343 7.3806 6.5514 5.0432 4.5062 4.2493 3.2253 2.4414 1.2165 1.1035 0.9804 0.9029 0.9078 0.954 0.9924 0.9258 0.9486 0.9672 0.6959 0.4739 0.1398 0.5433 0.7887 1.2985 3.5755 4.9263 7.0404 8.2079 8.8036 10.5642 11.0091 12.3599 14.025 17.6995 25.5756 28.3088 27.2736 26.213 25.6993 25.4116 25.2306 25.1071 25.0179 24.9504
17.6415 18.4025 18.3485 18.3382 18.3235 18.2911 17.6543 14.5761 13.8719 12.8499 12.1128 13.5558 13.7555 19.4722 23.1751 35.7576 16.2727 11.0815 10.2546 7.9554 7.6025 6.9424 6.3616 5.529 5.101 3.7972 3.2712 2.7474 1.8632 1.1655 1.1078 1.0044 0.9086 0.8693 0.8982 0.9464 0.9997 1.0135 1.0261 0.5962 0.233 0.1835 0.0938 0.1207 0.4321 0.7914 2.0045 3.6324 4.9927 7.4154 7.9852 9.5488 10.5005 11.4153 14.3023 23.4481 22.2728 27.1459 26.2513 25.9672 25.6775 25.4334 25.262 25.1384 25.0463 24.9756
17.6156 17.6481 18.4166 18.3745 18.3871 18.3686 17.8203 17.6039 14.2547 13.3448 12.8528 12.1619 12.0412 13.0056 15.1823 18.767 13.435 10.3936 7.78 7.092 6.4905 6.0359 5.8826 4.9868 4.3412 3.6005 2.702 2.1687 1.2818 1.02 0.9751 0.8746 0.8968 0.9049 0.9069 0.9549 1.015 0.9515 0.8668 0.4695 0.1984 0.1118 0.0792 0.156 0.2197 0.5783 0.9721 2.1317 3.7676 4.6636 6.8156 7.7177 8.8644 10.6612 12.8362 15.8939 19.4478 25.6496 26.6918 25.6028 25.4798 25.345 25.2474 25.1393 25.054 24.9861
17.3222 17.6116 17.6534 17.7124 18.4129 18.491 18.4459 17.8544 17.4647 14.2352 13.3427 13.0337 12.4467 11.7422 11.5342 13.0556 10.8871 9.6321 7.0492 5.8612 5.5562 5.2772 4.5934 4.5429 2.9656 2.9809 2.1007 1.4854 0.8733 0.8707 0.9114 0.903 0.9048 0.9272 0.9789 1.0072 0.9453 0.593 0.5684 0.3594 0.0901 0.1351 0.1219 0.1804 0.2722 0.9623 1.4613 1.5227 2.6678 3.7457 4.346 6.8566 7.658 12.1275 11.4598 15.0044 15.781 20.3801 25.8938 26.3965 27.1083 25.2275 25.1529 25.0825 25.0447 24.9838
17.2396 17.2861 17.5988 17.6536 17.7387 18.4756 18.6107 18.3586 18.1264 14.8011 14.1083 13.2929 12.6834 12.4182 9.9586 9.878 7.9771 7.2598 5.5451 4.4585 3.9364 3.676 3.5927 3.3332 2.3563 1.9861 1.665 1.2197 0.8576 0.8157 0.903 0.9049 0.9049 0.9693 1.0039 0.9526 0.8098 0.5837 0.4151 0.4169 0.4891 0.7161 1.1242 1.514 1.6969 1.9333 1.7925 2.1096 2.4766 3.1266 3.5845 4.7364 7.4702 9.3355 10.4163 11.6816 15.2454 15.5413 20.5008 25.9664 26.2526 26.4141 26.9666 25.0269 24.981 24.9383
17.1433 17.1708 17.2183 17.2996 17.6368 17.7671 18.5948 18.881 18.7345 17.8312 14.6285 13.4613 13.0912 11.1291 9.9025 8.246 7.2735 5.7176 5.2219 4.1275 3.7254 2.6871 2.5885 2.104 1.9088 1.3474 0.9822 0.8882 0.8584 0.8334 0.8885 0.9122 0.9143 1.0367 1.029 0.7454 0.6803 0.3026 0.2915 0.468 0.5883 1.1925 1.5394 1.6694 1.9294 2.154 2.6304 2.7093 3.23 3.7654 4.4936 4.2134 5.3419 7.8913 8.9904 10.5212 15.0048 15.2776 15.4308 20.5332 25.9893 26.1722 26.2877 26.8988 26.8792 24.9064
17.0372 17.0391 17.0522 17.0872 17.1662 17.5609 17.7676 18.3293 19.8195 18.7504 17.4723 13.3136 11.6374 9.6997 8.9016 7.9253 6.6627 4.8268 4.2011 3.1717 2.8351 2.5059 2.1643 1.8471 1.469 1.3515 0.8805 0.8006 0.867 0.9432 0.9462 0.9508 0.9358 0.9935 0.8977 0.716 0.2685 0.4037 0.5227 0.8824 1.3783 1.8648 1.9359 2.368 2.3837 2.2685 2.9523 3.4519 4.0754 8.8956 14.8331 8.6767 8.0935 6.4846 7.7743 9.3491 10.506 15.1314 15.2805 19.7241 20.5405 25.9957 26.1223 26.2085 26.851 26.8368
16.9276 16.9001 16.8711 16.8437 16.8269 16.8446 16.962 17.4481 19.3843 26.685 14.8655 12.3972 10.1137 9.1772 8.0606 7.3537 5.6794 5.4466 3.6332 2.8892 2.5357 2.0358 1.7605 1.6 1.1228 0.8439 0.7664 0.8865 0.8889 0.9514 0.9756 0.9681 0.8254 0.714 0.6265 0.6327 0.3613 0.4112 0.6659 0.9792 1.9281 2.3511 2.8842 2.9415 2.8125 3.3682 3.5052 4.2558 5.0438 10.9987 15.4349 11.8453 9.6625 9.4007 6.6428 7.682 10.4121 11.54 15.1853 15.2775 19.7701 20.5397 25.9962 26.0887 26.1554 26.2023
16.8227 16.7662 16.6947 16.6022 16.4797 16.3167 16.1119 15.8845 15.4488 15.3997 12.8407 11.5335 9.2087 8.0335 7.357 6.5618 5.0952 4.3982 3.6803 2.7818 2.1472 1.9204 1.6466 1.1361 0.9233 0.783 0.8051 0.865 0.9073 0.9468 0.9751 0.9291 0.894 0.6186 0.4657 0.4962 0.3965 0.698 1.218 1.5219 2.6893 3.0957 3.3424 3.483 3.8926 3.6755 4.2872 8.4638 7.6726 8.663 11.5182 11.966 10.8861 10.0928 10.4575 10.6149 7.6258 10.4313 14.0184 15.2114 15.2735 19.7942 20.5363 25.9943 26.0648 26.1178
13.5472 13.5709 13.602 13.6439 13.7017 13.7823 13.8828 13.9592 14.2558 12.0873 10.8064 9.4493 7.5852 6.8475 6.8527 5.9816 4.4179 3.7733 3.5343 1.9108 1.6739 1.3518 1.2045 0.8711 0.7054 0.8105 0.8643 0.9721 0.9525 0.9536 0.8882 0.5802 0.4609 0.4062 0.4506 0.7823 1.0305 1.8049 1.8684 2.5822 3.2146 3.5441 3.8668 4.8123 4.8394 10.947 12.3434 27.1669 12.9345 9.8778 10.0705 10.9571 10.9697 10.3793 9.9629 10.5393 10.7509 11.4403 10.4394 14.3073 15.2252 15.2697 19.8074 25.9212 25.9915 26.0471
13.4885 13.4971 13.5065 13.5159 13.5225 13.5177 13.4745 13.1485 12.2027 10.7513 10.472 8.8664 7.7137 6.0476 4.5446 4.1905 3.9355 3.2353 2.153 1.6154 1.4013 1.309 0.9875 0.6949 0.7995 0.8996 0.9045 0.9614 1.0144 0.9297 0.7139 0.4661 0.156 0.2946 1.016 1.5941 1.7152 2.5934 2.7996 3.7249 3.9995 4.4125 4.6825 5.108 6.3027 13.5643 27.1586 21.2128 19.6057 11.9366 10.7443 10.3201 10.6976 10.5776 10.1383 10.6712 11.4149 11.3114 11.5287 13.992 14.3355 15.2328 19.6958 19.8148 25.933 25.9886
13.4269 13.4192 13.4052 13.3797 13.3318 12.7701 12.6144 11.7684 10.0295 9.2655 8.6506 7.6296 5.8121 5.0847 4.6411 3.7461 3.275 2.804 1.8954 1.6262 1.2963 1.1803 0.8642 0.8418 0.882 0.9034 0.9047 0.9449 0.8638 0.9185 0.5364 0.2302 0.1335 0.5283 1.3073 1.7691 3.0515 3.025 3.4539 3.9672 5.2168 5.5189 6.8439 7.3216 7.042 9.2977 17.8844 20.8442 20.1795 19.2618 11.4694 14.775 14.9132 10.5581 10.3802 10.0012 10.6375 11.408 11.3299 11.5807 14.2753 14.3527 15.2373 19.7245 19.8189 25.9407
13.3666 13.3441 12.7568 12.715 12.6399 12.5011 10.5682 10.27 9.7184 8.3891 7.3658 7.1006 5.4608 4.6335 3.7198 3.4577 2.6738 1.9949 1.72 1.5277 1.2715 1.2512 1.0986 0.9729 0.9905 0.9313 0.8995 0.8724 0.7168 0.4926 0.3285 0.3308 0.4624 0.8007 1.5509 2.9108 3.2449 3.5188 3.7439 5.7589 6.9348 6.949 7.7152 12.2395 11.4962 11.3331 14.5447 19.2087 19.864 19.6048 19.141 11.249 15.1471 15.0484 10.4724 10.2644 9.9137 10.6094 11.3987 11.338 12.5003 14.3034 14.3636 15.2399 19.7445 19.8211
12.7299 12.7031 12.6621 11.3879 11.2907 9.54 9.3616 9.0174 7.4543 7.139 6.566 5.6261 4.7436 3.7666 3.3372 2.8031 2.4543 1.8604 1.7361 1.602 1.4904 1.4225 1.3557 1.1642 1.1096 1.0934 0.7997 0.5007 0.393 0.3782 0.6135 1.0506 1.0496 1.2385 2.7479 3.5134 3.395 4.0234 5.0256 6.3846 7.1447 9.0089 12.0797 31.7792 18.7652 14.0512 13.7239 14.9268 19.146 19.4918 19.6282 19.2978 15.0376 15.1921 15.1146 15.0691 10.1893 10.163 11.5113 11.3894 11.341 12.522 14.3227 14.3707 15.2414 19.7588
12.0826 12.0329 11.3025 9.4247 9.3486 9.2101 8.9735 6.717 6.534 5.6109 5.0725 4.0014 3.9541 3.3728 2.8986 2.5278 2.2879 1.9649 1.7624 1.7893 1.6553 1.6244 1.5035 1.3917 1.2004 1.1432 0.8089 0.3364 0.1016 0.3101 1.0762 1.2513 1.5538 1.8407 3.6588 4.5779 4.4767 6.3924 7.1402 7.867 9.634 10.1663 10.6684 17.5186 17.935 15.9555 14.0504 19.6932 14.6866 19.0976 19.2977 19.7764 19.2085 15.3037 15.2109 15.1498 15.1092 10.1372 10.1182 11.4893 11.3807 11.3412 12.5362 14.3362 14.3755 19.7076
10.3124 10.2487 9.3182 9.2506 9.1437 7.7592 6.0531 5.9253 5.6941 4.8746 4.3 3.6143 3.2282 2.9497 2.8183 2.3547 2.1719 2.1306 1.9667 1.8039 1.8211 1.7005 1.5617 1.4609 1.2683 0.9753 0.7542 0.6089 0.4264 1.1975 1.6415 1.8394 2.4236 3.2066 4.1775 5.6591 6.0435 7.5388 8.5279 10.6723 10.3847 10.1839 9.5472 14.9273 16.4802 15.757 14.8941 20.5135 20.0728 19.0392 19.0513 19.1791 19.613 18.9423 15.287 15.2183 15.1694 15.1343 10.0991 11.4866 11.4721 11.3728 11.3401 12.5458 14.3461 14.3786
10.1807 9.2556 9.1983 7.8164 7.6844 5.9398 5.845 5.6918 4.5452 4.3573 3.5555 3.0999 2.759 2.7406 2.4694 2.347 2.2261 2.1801 2.1284 1.9335 1.8496 1.811 1.6181 1.3582 1.3226 1.0205 1.216 1.0666 1.0723 1.3148 1.9846 3.0072 3.2129 4.2472 4.8348 6.4087 7.0612 9.2675 10.634 11.4315 13.2774 11.2207 10.4383 14.2965 15.3234 15.8611 14.8953 14.4637 20.7117 20.2202 19.099 19.0113 19.5693 19.5124 18.8829 15.2735 15.2206 15.1807 15.1505 10.0701 11.4698 11.4584 11.3657 11.3382 13.0699 14.3533
9.2175 7.8225 7.7478 7.644 5.8802 5.8091 5.704 4.4886 4.3759 3.5566 3.4312 3.0224 2.8082 2.5023 2.3519 2.2957 2.2657 2.2183 2.1715 2.0044 2.015 1.8792 1.7063 1.3879 1.238 1.1659 1.1833 1.1895 1.1606 1.7734 3.2024 3.549 4.5463 5.2221 5.7501 7.548 9.1339 9.1993 17.3263 12.4673 12.8524 11.6762 10.6498 10.4743 15.399 15.2878 15.5504 14.4985 14.2449 20.8005 20.2827 24.6005 18.9779 19.4862 19.4459 23.0828 22.863 15.2203 15.1872 15.1613 10.0474 11.4564 11.4472 11.3594 11.3359 13.0715
