normal_rasters/0772100001002375.ascii
ncols 66 
nrows 65 
xllcorner 158322.729004
yllcorner 383891.588013
cellsize 0.25
nodata_value -9999 
[rows 32 to 63 of 65, columns 0 to 65 of 66]
23.2683 23.3254 23.4162 23.5588 23.7798 24.1138 29.813 30.2147 29.8768 26.1122 24.3686 23.4346 22.7338 21.4392 23.1159 17.5551 14.7894 13.163 10.9444 10.145 9.0999 8.5032 7.6054 7.3012 5.0945 4.4844 3.8848 3.4993 2.9379 2.6547 2.4532 2.5051 2.5093 2.6122 2.6232 2.5771 2.2088 2.0322 1.7249 1.6242 0.8475 0.2452 0.6368 1.0192 2.2902 3.0121 3.9806 4.6537 4.9527 4.7227 5.219 6.6349 11.4699 11.5791 11.8315 12.9885 13.3819 13.1634 17.3572 17.7923 18.2607 18.2908 18.2767 18.2423 18.201 18.1594
23.1134 23.1397 23.1938 23.2964 23.4838 23.8176 24.3878 29.347 30.2912 29.5628 27.5677 26.0242 19.3214 16.94 13.5105 13.2278 13.3529 11.7023 10.1448 9.3304 8.2614 7.5438 7.0975 5.594 4.8088 3.9006 3.3601 2.5623 2.4697 2.3442 2.4301 2.5394 2.6425 2.7477 2.6541 2.4807 1.9363 1.6951 1.4567 0.8072 0.4764 0.5022 1.9726 3.0628 3.29 3.7833 4.1078 5.2743 5.6913 5.4797 6.3086 14.2323 16.5297 12.9545 12.1604 12.5544 12.944 12.9931 12.8874 17.97 17.72 18.1434 18.1566 18.1485 18.1287 18.1037
22.9435 22.928 22.9261 22.9545 23.049 23.2888 23.8427 25.012 26.3794 30.0928 26.2811 23.7264 18.0114 14.3416 12.1612 10.6003 10.2137 9.1688 7.9488 6.7557 7.2558 5.7818 5.3749 3.665 3.484 2.6932 2.7394 2.4542 2.4159 2.4433 2.5531 2.7222 2.7237 2.7515 2.6226 2.2848 1.8722 1.5136 1.3797 0.6229 0.8269 2.2261 2.6722 4.0725 4.2743 4.2385 4.1207 4.1941 6.2374 7.5639 11.3367 21.7476 17.0133 16.4499 15.3218 14.2788 14.4621 12.8419 12.8184 17.7105 17.9713 17.6537 18.063 18.0692 18.0636 18.0509
18.9176 22.7047 22.6324 22.5554 22.4883 22.4818 22.7095 23.7534 27.3243 30.6081 28.4271 15.3647 13.054 11.6491 10.5764 8.7046 8.0186 7.5821 7.0086 6.2131 4.8535 4.0331 3.3799 2.7143 2.4968 2.5181 2.3292 2.2897 2.436 2.5855 2.6777 2.7416 2.7518 2.7314 2.5233 1.8003 1.718 1.4666 1.2423 0.8242 1.9961 2.7873 3.4127 4.4288 5.2975 5.2774 4.629 5.245 8.0288 11.4138 22.7697 20.0084 19.3607 19.5408 16.0106 15.5043 14.5284 14.6114 12.7703 12.726 17.7801 17.9598 18.0908 18.0043 18.0073 18.0031
18.7336 18.7438 18.7594 18.7827 18.8163 18.8611 21.0156 20.5793 21.0314 28.0329 18.9813 12.55 11.7463 11.1432 8.4748 7.4696 7.2804 6.9932 5.7077 5.1555 4.6231 3.4432 2.6085 2.2414 2.1791 2.2257 2.1898 2.3043 2.4514 2.7109 2.8613 2.8189 2.7042 2.6289 1.9726 1.5938 1.4414 1.226 1.9458 1.9398 2.9388 3.2756 4.2333 4.6891 5.2014 4.1918 6.633 6.96 10.0491 17.2603 20.3979 20.9121 20.073 19.7719 19.7144 15.7142 15.5601 14.6295 14.6714 12.721 12.6695 17.8161 17.9458 18.0433 17.9596 17.961
18.5451 18.5102 18.463 18.396 18.2934 18.1192 17.7783 17.0772 16.397 16.3103 11.5913 11.2605 9.5077 8.1885 6.6011 6.4873 6.4165 6.2391 4.8972 3.9385 2.8073 2.2681 1.9757 2.0613 1.8733 2.1243 2.0861 2.4752 2.7371 2.8583 3.0045 2.8301 2.471 2.1033 1.9434 1.6137 1.3191 1.8689 2.3996 2.942 3.1798 3.9349 4.9862 5.1273 5.6873 6.6356 8.2901 9.9155 13.3896 14.5333 17.0788 19.0648 20.2162 19.8986 19.722 19.8045 15.5662 15.5748 17.1033 14.6975 14.9132 17.7121 17.835 17.9324 18.0076 17.9245
18.3632 18.2865 18.1828 18.038 17.8288 17.5192 13.9965 14.592 13.1486 10.3836 10.0366 10.2555 8.8928 8.0399 6.1291 5.2712 5.079 4.786 3.7345 2.1849 2.1035 1.8278 1.8579 1.8437 1.8287 1.9667 2.2049 2.6599 2.6991 2.8305 2.8009 2.4011 2.4617 1.9112 1.8663 1.2608 1.3797 1.9007 2.8064 4.6865 5.1578 5.4074 5.2684 5.1985 5.9112 8.2355 9.0401 10.6667 11.9149 14.4015 15.876 19.0048 18.3914 19.9347 19.7737 19.6652 19.8437 15.4791 17.2297 17.1585 14.7089 14.9116 17.7511 17.8448 17.9203 17.98
18.1977 18.0868 17.3097 17.1176 16.8436 13.1435 13.0858 11.9443 9.979 8.4289 9.2195 9.1193 7.1407 6.2869 5.5637 5.219 4.696 3.5927 2.8054 1.7299 1.5858 1.3999 1.4078 1.6374 1.8527 1.973 2.3564 2.5198 2.6198 2.6402 2.5184 2.2116 2.129 1.8803 1.7863 1.6474 2.2582 2.4998 3.9102 5.0733 5.7223 6.4352 6.2462 6.2937 10.6477 17.7811 12.7722 15.1157 11.3856 11.4305 15.635 16.0196 18.968 18.1211 19.7845 19.6885 19.6166 19.8592 15.4231 17.2462 17.191 17.1533 14.9094 17.7761 17.8495 17.9096
17.3746 17.2425 17.0672 11.9263 11.9212 11.8414 11.5762 10.0733 9.2221 8.1965 7.7705 7.3926 5.8785 5.3396 4.038 3.8178 3.1645 2.4453 1.9329 1.5091 1.4434 1.2672 1.285 1.5852 1.9795 2.135 2.4703 2.4355 2.4468 2.3229 2.1002 2.0465 1.9383 1.91 1.7906 1.7866 2.8612 3.3251 4.0267 4.7855 6.8543 7.2927 8.2347 9.1343 14.5834 25.1342 21.3897 17.3961 16.5575 15.9658 11.2177 15.897 18.6333 18.9419 19.1316 19.7155 19.6279 19.5772 19.6559 15.3846 17.2551 17.211 17.1789 14.907 17.7925 17.8513
11.7223 11.7247 11.3235 11.279 11.1778 10.9735 10.0503 9.5685 9.158 8.4732 8.0411 9.0659 7.4893 3.9926 3.4228 2.6943 2.8632 2.3963 1.5457 1.37 1.2679 1.2591 1.375 1.7358 2.0641 2.2325 2.3537 2.2782 2.2532 2.1171 1.9243 1.7686 1.8151 1.9596 2.0943 3.5044 3.7997 3.8565 4.2202 6.592 6.4119 9.3769 12.684 16.0273 16.2928 18.7595 19.5714 18.654 17.774 17.3882 16.2469 20.3651 16.2514 18.7235 18.9191 19.0412 19.6357 19.6325 19.5455 19.6424 15.3567 17.2597 17.2238 17.1964 19.3284 17.8033
11.1878 11.1576 11.1031 11.01 10.856 11.187 10.935 8.9971 9.0352 9.1958 9.711 14.6121 7.3417 4.339 2.8932 2.1184 1.832 1.4292 1.4411 0.8848 0.862 1.1699 1.4018 1.768 2.0593 2.1609 2.1971 2.2356 1.8339 1.9392 1.7911 1.8 2.2618 2.9785 2.6142 3.9515 4.2253 4.1028 4.4449 6.2582 8.7204 13.3528 21.6595 23.4712 18.4092 21.2685 18.2886 18.2245 17.9526 18.526 17.3079 16.36 20.7271 16.2696 18.7656 18.9295 18.9834 19.5825 19.5835 19.7462 19.6315 15.3357 17.262 17.2322 17.2086 19.3505
11.0548 11.0019 10.9221 10.804 11.316 11.1815 9.1306 9.1978 9.3469 8.9644 9.6105 10.0532 5.8112 1.9791 1.901 1.8241 1.1305 1.3138 1.1212 0.747 0.8519 0.9663 1.5701 1.7917 2.0502 2.0619 2.12 2.03 1.8371 1.743 1.8649 2.2754 2.6669 3.2573 3.7326 4.7977 5.4659 6.0972 6.1998 7.1065 13.1713 26.3224 27.7624 26.5249 23.9522 22.0643 22.2523 17.8367 17.7644 17.6441 18.3765 17.245 16.4071 20.9374 16.2735 19.1007 18.9029 18.9438 19.5449 19.5477 19.7157 19.6226 19.5448 17.2629 17.2378 17.2174
10.9406 10.8737 11.4658 11.4008 11.3228 9.1863 9.242 9.3395 8.5738 8.7204 8.7943 7.4393 4.91 1.7733 1.2872 1.2719 1.0973 0.8988 0.8031 0.7442 0.832 0.9919 1.3897 1.7132 1.8702 1.9371 1.897 1.7734 1.8171 1.8736 2.211 2.6828 3.3519 4.1022 4.7535 5.5196 6.0164 6.046 9.0919 10.4141 13.8396 33.5715 30.0768 27.3872 25.5876 24.2335 22.3596 22.1946 21.8429 17.5394 18.3869 18.2845 17.2 21.0274 21.0683 18.9183 19.0968 18.883 20.6752 19.5172 19.5206 19.6921 19.6153 21.5276 17.263 17.2415
11.5351 11.4999 11.4574 11.4086 9.2102 9.2527 9.3177 8.3698 8.412 8.4143 7.2489 5.8303 4.4435 5.2786 5.1779 2.3437 1.0295 1.0223 0.8737 0.8684 0.86 1.1305 1.292 1.5283 1.5694 1.8772 1.8142 1.7536 1.9878 2.0979 2.1814 3.2925 3.7164 4.1866 4.3621 5.6822 7.6731 9.7154 11.0657 14.2041 16.2172 21.8127 26.9151 27.1054 26.4019 26.1186 24.3951 28.4964 22.105 21.8474 21.6661 18.2912 17.9346 17.1672 21.1267 21.1547 18.9529 19.0931 18.8677 20.657 19.4959 19.4996 19.6736 19.6092 21.5338 17.2626
11.5256 11.4964 11.4638 9.2205 9.253 9.2986 8.2519 8.2641 8.2535 7.0859 10.166 10.236 7.6609 9.2752 13.1658 23.1065 8.8215 1.8836 0.9203 0.9278 0.9814 1.1074 1.1887 1.3719 1.612 1.8095 1.8997 2.1561 2.6056 2.4557 2.9627 3.4145 3.9554 4.5265 5.5939 6.59 7.5274 10.3163 17.4818 19.1978 15.4568 21.2133 23.0621 25.7931 26.3511 26.4726 25.859 28.8975 28.7648 22.035 21.8447 21.7047 18.2287 17.8714 17.1427 21.1946 21.2143 18.9769 19.0899 18.8555 20.6434 19.4793 19.4828 19.6587 19.6039 21.5387
11.524 11.5011 9.2246 9.2499 9.2834 8.1775 8.1793 8.1675 6.9833 10.77 11.0278 10.7796 13.4788 19.3569 22.5816 26.318 22.5491 13.1659 1.0082 0.9713 0.8521 0.7608 0.9872 1.276 1.7272 1.8904 2.5139 2.8891 3.0954 3.5196 4.2356 4.5791 4.1042 4.4144 5.7623 6.6717 13.8109 16.9992 17.437 20.0934 16.1917 20.3709 22.2241 22.9035 25.4681 25.8396 26.0859 25.6961 29.0149 28.5861 21.9834 21.8389 21.7285 18.1853 17.8278 17.7396 21.2427 21.2571 18.9943 19.0871 20.6009 20.6328 19.4658 19.4693 19.6465 19.5995
11.5274 9.2257 9.2458 9.2714 8.127 8.1251 8.1144 8.0888 11.0791 11.3403 11.051 13.7319 19.5001 21.2304 22.7538 26.2699 27.8931 25.8558 13.1226 1.5049 0.7021 0.6482 0.9927 1.4592 1.8877 2.2804 2.8331 3.6857 3.6547 4.012 4.5729 5.3717 4.2838 5.2401 6.3383 8.0677 12.1356 20.8655 19.2158 19.1462 20.036 15.5142 21.5001 22.4576 22.7876 25.3115 25.5643 25.8518 25.5854 29.074 28.6063 21.9447 21.832 21.7432 18.1535 17.7965 17.7265 21.2779 21.2887 19.0071 19.0847 20.5973 20.6244 20.6469 19.458 19.6365
9.2254 9.2417 9.2618 8.091 8.0877 8.0785 8.0602 11.239 11.4637 11.1052 18.7545 19.4752 20.6944 21.5959 25.4427 26.0168 26.2455 24.8386 21.3004 12.3671 3.235 0.3327 0.5158 1.3768 1.8978 3.1345 3.5907 4.3854 4.6799 5.2105 5.7333 6.527 7.1866 8.4931 10.0762 12.434 11.8479 16.5295 17.4216 19.2006 19.2181 20.081 20.0069 21.734 22.5183 22.7086 25.2158 25.3962 25.698 25.5056 29.104 28.6187 28.4069 21.825 22.5838 18.1293 17.7732 17.7164 21.3045 21.3126 19.0169 19.0826 20.5943 20.6177 20.6373 19.4487
9.2378 9.254 8.0642 8.0605 8.0527 12.3481 11.3222 11.5081 16.3822 18.8597 19.3845 20.1039 24.375 24.9104 25.2248 27.8855 24.3839 23.4276 17.284 20.7464 6.225 3.9141 1.384 2.5935 2.6407 3.8581 4.6728 5.3487 5.047 5.696 5.9657 7.1685 8.7769 11.6088 12.8892 13.2129 11.6692 14.8168 16.3444 16.7581 19.1682 19.1827 20.1026 20.1351 21.8328 22.53 22.6525 25.1501 25.2844 25.2413 29.2015 29.1187 28.627 28.4541 21.8183 22.5831 17.8096 17.7555 17.7084 21.3249 21.3312 19.0244 19.0808 20.5918 20.6121 20.6294
9.2475 8.0435 8.0399 8.0332 12.4143 11.3647 11.5178 16.4489 19.0589 19.2794 23.7855 24.1021 24.5729 27.9032 27.7897 27.5815 23.7131 21.7571 16.6713 14.1249 11.2258 12.5374 7.3738 3.9938 4.3434 5.1164 6.4144 6.8404 6.2201 6.959 6.8793 8.1109 9.9177 12.0213 17.6407 15.2991 14.3638 11.5301 17.095 16.9558 16.518 19.1369 19.1464 20.1128 21.5891 21.878 22.5259 26.1651 25.1016 25.2052 25.9395 29.1917 28.8084 28.6329 28.4894 21.8119 22.5826 17.7867 17.7416 21.3371 21.3409 21.3459 19.0303 19.0792 20.5896 20.6075
8.0272 8.0238 8.018 12.4565 11.385 11.5118 21.8372 19.0288 19.1788 23.6795 23.9118 24.3424 27.8178 27.7388 27.6091 23.2462 21.5754 16.347 15.3438 14.594 14.3757 10.5595 15.1304 7.8123 6.8687 7.0234 7.2255 7.8947 9.0023 8.5165 7.9875 9.0112 17.1388 15.3904 15.2376 14.9456 15.1051 14.3948 14.0907 17.3105 16.889 17.0092 19.1112 20.1938 20.1179 21.6883 21.8993 22.5166 26.1626 25.0644 25.1465 25.8729 29.1815 28.7825 28.6372 28.5164 22.6454 22.5823 17.7686 17.7305 21.3506 21.3537 21.3577 19.035 19.0778 20.5878
8.0108 8.0058 12.4836 12.6074 16.904 21.8487 18.9915 19.0884 23.5938 23.7713 27.8007 27.7645 27.7072 27.6203 22.9685 22.4563 20.9038 15.5805 15.1149 14.463 11.1189 14.9735 15.7999 14.6736 7.718 7.7994 7.8386 9.5999 9.8557 11.3194 15.3316 19.0917 24.198 18.6813 19.1266 14.875 15.0566 14.9255 14.39 14.2014 17.3942 16.8525 16.9348 19.0908 20.1769 20.1205 21.7493 21.9092 22.5059 26.1583 26.264 25.1014 24.868 29.7794 28.7626 28.6406 28.5375 22.6362 22.5822 17.7542 17.7215 21.3616 21.3641 21.3673 19.0389 19.0766
13.5308 12.5009 12.6067 16.9225 21.8512 21.9113 23.4347 23.5235 23.6634 27.7584 27.7291 27.6859 27.6242 22.7977 22.4501 21.0709 15.8367 15.2816 14.6117 14.6761 15.2217 16.0443 14.627 13.133 9.2902 9.1795 9.0868 10.5659 12.1509 13.2747 20.3542 19.5634 21.7601 19.5321 20.6404 20.814 19.3827 14.9047 14.8419 14.3789 19.7495 17.433 16.83 16.8898 19.6954 20.1653 20.122 21.7884 21.9133 26.0483 26.1532 26.2392 25.0657 24.823 29.768 28.7471 28.6432 28.5543 22.629 22.5821 17.7424 17.7141 21.3705 21.3726 21.3752 19.042
12.5118 16.7821 21.7009 21.8484 21.8845 23.3968 23.4647 23.5779 27.7283 27.7043 27.6707 27.6249 22.6863 22.4371 21.1536 15.8478 15.3576 14.6998 14.7325 15.2924 12.373 16.0499 14.5903 15.2201 21.0221 11.6675 9.7791 10.0923 16.2287 28.9691 23.6845 24.179 23.9255 21.3648 18.4218 20.3975 20.9135 19.6194 14.8316 14.7957 14.3683 19.8633 17.4531 16.8148 19.6433 19.6752 20.1569 20.1227 21.8143 21.9142 26.0624 26.148 26.2193 25.0368 24.7872 29.5976 28.7347 28.6452 28.5679 22.623 22.5821 17.7326 17.7079 21.3779 21.3796 21.3818
16.805 21.7164 21.8428 21.8595 23.3635 23.4151 27.7207 27.7061 27.6862 27.6594 27.6241 27.5785 22.4229 21.1964 20.9625 15.3998 14.7555 14.7742 15.3205 12.2071 16.1839 14.4859 14.6999 15.6345 15.9146 15.3513 12.0327 11.9767 15.7177 18.6625 21.6965 21.5846 24.5324 24.4336 21.1873 20.4242 20.2852 20.9441 19.7372 14.7899 14.767 14.3592 19.932 17.4643 16.804 19.6349 19.6609 20.1508 20.1231 21.8318 21.9134 26.0718 26.1429 26.2029 24.7586 24.7582 28.8136 28.7248 28.6469 28.579 22.6182 22.5821 17.7245 17.7027 21.3841 21.3856
21.7261 21.8357 21.8366 23.3343 23.4363 27.702 27.6893 27.6724 27.6506 27.6226 27.5874 22.4094 21.2196 21.05 15.4263 14.7935 14.8441 15.3352 12.1538 16.2165 14.3702 16.8428 15.0552 15.6843 15.9462 16.6908 14.2256 13.9882 16.3197 17.9874 21.0284 20.8695 20.6726 24.6613 24.5919 21.1776 20.2994 20.2223 20.9554 19.8011 14.7634 14.7476 14.3516 19.9763 17.4708 16.796 19.6288 19.6504 20.1461 20.1232 27.2881 21.9117 26.078 26.138 26.1892 24.7342 29.5673 28.7939 28.7166 28.6484 28.5883 22.6142 22.5821 17.7176 17.6983 21.3893
21.8278 26.3329 26.3868 23.3956 27.6873 27.6761 27.6618 27.6436 27.6209 27.593 22.3974 21.2323 21.1044 15.4444 15.368 14.878 14.6192 15.099 16.219 14.2914 16.9026 14.875 15.4533 15.5497 15.8492 14.5479 14.7462 14.7614 15.2072 17.8677 20.6547 21.238 21.5656 20.3434 24.7067 24.6557 21.0644 20.2312 20.1827 20.9599 19.8382 14.7452 14.7337 14.3453 20.0062 17.4747 16.7897 19.6243 19.6425 20.1424 20.1232 27.3067 21.9095 26.0821 26.1334 26.1777 24.7139 29.5574 28.7778 28.7099 28.6496 28.596 22.6108 22.5821 17.7117 17.6945
26.3215 26.368 23.3609 27.6755 27.6656 27.6533 27.638 27.6192 27.5965 22.3867 22.2695 21.1396 15.4575 15.3992 14.9014 14.6065 15.1133 13.807 16.5295 16.9151 14.7703 15.3196 15.3718 15.7248 13.9928 14.9883 14.8365 14.8448 14.8668 14.9934 18.1527 21.009 21.297 21.477 20.1901 24.7237 24.6853 20.9943 20.1888 20.1558 20.9616 20.3971 14.732 14.7232 14.34 20.0272 18.1982 16.7847 19.6209 19.6363 20.1394 20.1231 27.321 21.9071 26.0848 26.1291 26.1677 24.6968 29.5489 28.7644 28.7043 28.6506 28.6026 22.6079 22.5822 17.7067
26.3523 27.6729 27.6658 27.6571 27.6463 27.6333 27.6175 27.5987 22.3773 22.282 21.1633 16.5331 15.4214 14.9184 14.6005 15.1203 12.8361 16.5273 17.1504 17.0918 15.2363 15.2692 15.3006 15.5529 13.7338 14.9027 14.8573 14.8656 15.6124 14.8412 18.0456 20.9242 21.1513 21.3187 21.432 20.6139 24.7299 24.7002 20.9478 20.1603 20.1363 20.962 20.4068 14.722 14.7152 14.3571 20.0425 18.1994 16.7807 19.6181 19.6314 20.137 20.123 27.3323 21.9046 26.0865 26.1251 26.1591 24.6822 29.5416 28.7531 28.6996 28.6514 28.6082 22.6055 22.5822
27.6643 27.6579 27.65 27.6406 27.6293 27.6159 27.6001 22.3691 22.29 21.1796 16.5665 15.438 14.9313 14.3097 15.1236 12.8041 16.5215 17.1268 17.0831 15.1801 15.2027 15.224 15.1991 15.3755 14.8876 14.8721 14.8586 14.866 15.6346 14.7519 14.7984 18.1615 21.0765 21.2196 21.3279 21.4056 20.5607 24.7316 24.708 20.9151 20.1398 20.1216 20.9618 20.4137 14.7142 14.7087 14.3519 20.0538 18.2002 16.7773 19.6159 19.6275 20.1351 27.3115 27.3413 21.9022 26.0874 26.1214 26.1515 24.6696 29.5353 28.7435 28.6956 28.6522 28.613 22.6034
27.6512 27.6442 27.6358 27.626 27.6144 27.6009 22.3618 22.2952 21.1911 16.5902 15.1306 14.9415 14.3187 15.1249 16.4776 16.5144 17.1094 17.0757 14.6599 15.1563 15.1718 15.1548 15.4141 15.2844 14.862 14.8567 14.854 14.8602 15.6482 14.6972 14.7394 18.106 18.2177 21.1596 21.2567 21.3321 21.3887 20.5265 24.7313 24.7121 20.8912 20.1244 21.0046 20.9613 20.4188 14.708 14.7035 20.0302 20.0624 18.5546 16.7745 19.6141 19.6243 20.1334 27.3226 27.3485 21.8997 26.0878 26.118 26.1449 26.8823 29.5297 28.7354 28.6922 28.6529 28.6172
27.6392 27.6318 27.6231 27.613 27.6014 22.3553 22.2985 21.1994 16.6073 15.1431 14.9496 14.3254 11.5147 15.0287 16.5071 17.096 17.0693 17.0359 15.1221 15.134 15.1208 15.1051 15.3372 14.8468 14.8473 14.8467 14.8478 14.853 14.8623 14.6618 14.6979 14.722 18.1677 21.1244 21.209 21.2786 21.334 21.377 25.0579 24.73 24.7142 20.8731 22.9012 20.9966 20.9607 20.4226 14.7029 14.3588 20.0417 20.0691 18.554 19.6023 19.6126 19.6216 20.132 27.3317 27.3544 21.8974 26.0879 26.1148 26.1389 26.8732 29.5248 28.7283 28.6892 28.6534
