normal_rasters/0772100000302909.ascii
ncols 48 
nrows 67 
xllcorner 159136.747009
yllcorner 384384.81897
cellsize 0.25
nodata_value -9999 
[rows 0 to 41 of 67, columns 0 to 47 of 48]
45.7369 46.9693 47.8604 47.8742 47.8912 47.9115 47.9352 48.3908 48.4181 49.2367 49.2396 49.2431 49.3408 49.3462 49.3667 49.3691 49.3715 49.3737 48.8487 48.8289 48.8071 48.7898 49.1097 48.085 46.9015 45.0052 44.9472 44.8832 42.8696 42.815 42.7551 42.6939 42.6347 42.5795 42.5296 42.4855 42.447 42.4138 41.3526 41.2994 41.2542 41.2159 41.1837 38.5667 38.5449 38.526 38.5096 38.4954
45.7424 45.7532 46.9718 47.8561 47.8735 47.895 47.921 47.9514 48.4088 48.8718 49.2372 49.241 49.2456 49.3439 49.3664 49.3693 49.3723 49.3751 48.8629 48.8389 48.8119 48.5094 49.1076 48.096 46.9091 45.0536 44.9836 44.9048 42.932 42.8617 42.786 42.7104 42.6394 42.5752 42.5188 42.4703 42.4292 41.3708 41.3067 41.2531 41.2087 41.1719 38.5693 38.5447 38.5236 38.5056 38.4902 38.477
45.7476 45.7601 45.7728 46.9751 47.8519 47.8744 47.9024 47.9364 48.3957 48.8637 49.234 49.2381 49.2435 49.3405 49.3492 49.3693 49.3731 49.3768 48.8809 48.8512 48.8173 48.5158 48.4744 48.1094 46.3938 45.1172 45.0311 44.9319 43.0074 42.9145 42.8167 42.7226 42.6373 42.563 42.5001 42.4479 41.3925 41.3138 41.2495 41.1973 38.6039 38.5704 38.5424 38.519 38.4992 38.4826 35.4733 35.4273
45.7525 45.7669 45.7818 45.7968 46.9796 47.8485 47.8784 47.9159 47.9614 48.4241 48.8802 49.2342 49.2402 49.2479 49.3459 49.369 49.3741 49.3789 48.9045 48.867 48.8229 48.5215 48.4669 48.4903 46.4457 45.2036 45.0961 44.9671 43.0996 42.9725 42.8441 42.7261 42.6242 42.5396 42.471 41.4187 41.3199 41.2413 38.6555 38.6077 38.5688 38.5369 38.5108 38.4894 35.4994 35.4416 35.3928 35.3516
45.7567 45.7732 45.7906 45.8086 45.8265 46.9859 47.8471 47.8881 47.94 48.4063 48.8688 49.2287 49.2352 49.2443 49.3407 49.3682 49.3751 49.3818 48.9367 48.8882 48.1833 48.7039 48.4512 48.469 46.5204 45.3264 45.1907 45.0158 43.2128 43.0324 42.8612 42.7138 42.5941 42.5004 41.451 41.3235 41.2255 38.6657 38.608 38.5624 38.5263 38.4975 38.4745 35.4594 35.3976 35.3464 35.3041 35.2689
45.7597 45.7786 45.799 45.8205 45.8425 45.8639 46.9951 47.8502 47.9086 48.3787 48.4553 48.8966 49.2279 49.2383 49.2531 49.3661 49.3759 49.3856 48.9823 48.9183 48.2277 48.6939 48.347 48.4294 46.6289 45.6943 45.3412 43.6051 43.349 43.0837 42.8548 42.6741 42.5386 42.4399 41.321 38.7645 38.6715 38.6012 38.5479 38.5073 38.4762 35.482 35.4013 35.3363 35.2839 35.2416 35.2073 35.1797
46.6893 45.7826 45.8064 45.8322 45.8593 45.8865 46.9729 47.009 47.863 47.9502 48.4309 48.8802 49.2169 49.2282 49.2466 49.3436 49.376 49.3908 49.0504 48.9659 48.2775 48.6642 47.8274 48.3572 47.5214 45.9213 45.6174 43.954 43.497 43.1002 42.8015 42.5902 42.4473 38.9582 38.7873 38.6662 38.5803 38.5189 38.4747 35.5112 35.4018 35.3167 35.2506 35.199 35.1588 32.4232 29.8486 29.7691
46.6911 46.6941 45.8118 45.8426 45.8762 45.9112 45.9451 46.9806 47.7973 47.8975 48.3874 48.3442 48.9326 49.2114 49.2329 49.3269 49.3746 49.3978 49.1559 48.7029 48.3141 47.9147 47.7869 47.0107 47.0492 46.2686 46.2543 44.5133 43.5879 43.0301 42.6642 42.4402 39.0424 38.7932 38.6336 38.5307 38.4634 38.4187 35.3936 35.2784 35.1931 35.1298 32.3971 32.3501 26.1598 26.0825 26.0197 25.9685
46.6927 46.6961 46.7001 45.8504 45.892 45.9374 45.9834 46.0249 46.9941 47.8144 47.8444 48.3022 48.4646 48.8457 49.2058 49.2523 49.3698 49.411 49.292 49.1635 47.6408 47.5915 47.0471 46.0818 46.9934 46.5596 48.0361 45.2237 43.4944 42.7978 39.8071 39.1142 38.7358 38.5317 38.4199 38.3576 35.3611 35.1989 35.0871 32.3487 32.2788 28.6525 28.6192 22.2733 22.2263 22.1884 22.158 20.1373
46.0747 46.1541 46.7025 46.7079 45.904 45.9633 46.0274 46.0881 46.1339 47.0204 47.8775 47.9444 48.4383 48.8497 49.1583 49.1998 49.2663 49.2833 49.2344 48.8181 46.5445 46.1877 47.641 46.4362 46.876 45.474 46.5431 43.4589 43.168 40.259 38.9725 38.4391 38.2406 38.1718 35.2519 35.0174 32.2435 28.6316 28.564 28.5203 22.3544 22.2746 22.2126 22.1644 22.1269 20.1063 17.1257 17.0697
46.0704 46.0956 46.1854 46.2044 46.227 45.984 46.0755 46.1709 46.2427 46.2736 47.0864 47.7963 48.314 48.7761 49.062 49.094 49.0678 47.9208 47.2905 46.074 45.2109 46.1979 48.3782 46.3088 45.8049 41.1029 38.2976 37.8432 38.184 37.371 37.1608 37.3943 33.5156 28.6464 28.446 28.342 28.2913 28.2703 22.3861 22.2721 22.1872 22.1242 20.1014 20.0559 17.0995 17.032 13.0242 12.9921
46.0613 46.0868 46.1195 46.162 46.2571 46.2976 46.1167 46.2778 46.4222 46.4315 46.8065 47.1244 47.5607 48.6624 48.7629 48.9057 46.7147 45.3407 44.5946 44.0904 44.3604 45.9132 46.0296 42.0416 39.8962 39.5163 35.4565 34.2346 32.6795 30.7491 30.3599 27.158 27.157 27.01 26.9752 22.672 22.4305 22.2583 22.1371 20.0981 20.0231 19.9703 17.0527 16.9711 13.0276 12.9865 12.9536 10.7162
44.6614 44.7724 46.102 46.1441 46.2025 46.33 46.4061 46.542 46.713 46.7584 46.5846 47.3912 46.3658 46.2321 46.0696 44.9465 43.3424 42.4211 42.4618 41.2879 41.9134 41.9345 38.0245 36.9253 36.4258 35.0188 32.0302 29.4128 28.2174 27.1081 25.7862 25.1997 25.0736 23.1252 22.9172 22.2098 22.029 19.9633 19.8726 19.8164 16.9669 13.1007 13.0305 12.9764 12.9345 10.6988 13.8388 12.3877
44.4807 44.5621 44.6832 44.8638 46.1609 46.2373 46.3553 46.5411 46.8384 46.0296 45.003 45.3477 45.7533 44.7528 41.9026 40.7583 40.1532 40.3023 40.5522 38.2519 36.8203 35.235 36.1247 32.4178 32.1854 29.2433 28.0122 26.626 24.8831 24.5117 23.4117 22.9713 22.5521 19.3365 18.9628 18.75 18.6353 18.5775 18.5522 13.1311 13.0314 12.9576 12.9031 10.6669 10.6299 12.3607 13.6805 13.724
41.2112 41.2775 44.3609 44.4691 44.6581 44.9808 46.2256 46.3447 45.9792 43.6107 43.1409 42.6185 43.3997 40.672 40.641 38.4579 38.868 36.4163 35.6859 35.5861 34.7473 32.5317 32.4314 29.6672 28.3519 26.5261 25.3328 24.1201 22.9284 21.446 20.4003 20.3019 18.896 17.4614 17.2644 17.1954 13.6008 11.9015 13.0247 12.9209 10.666 10.6074 9.1709 9.1792 12.3623 13.693 13.7423 13.983
41.3443 41.3353 41.3406 41.3773 41.4836 41.7472 42.3652 44.5385 46.3328 48.5254 40.6568 39.7559 37.0542 35.7141 35.2769 36.4828 35.0328 34.678 32.4444 31.5964 32.2544 30.2698 27.0921 26.9793 24.3807 23.1795 21.9948 20.0583 19.9127 18.3315 17.4304 16.9604 16.5395 14.7314 13.9946 11.3399 11.6838 9.6048 9.5324 9.4856 9.1032 9.1736 12.3142 12.367 13.7133 13.9636 14.0006 14.03
37.5977 38.0381 38.0207 38.0116 38.0264 38.1117 38.43 39.929 42.7298 42.3941 40.2969 36.1903 32.9499 30.7269 32.306 33.1209 30.2024 30.362 28.55 27.7074 25.7511 25.6359 23.9403 23.314 22.5088 21.2411 19.7179 18.6119 17.8807 16.2076 14.2694 14.0106 13.6631 11.2584 10.8802 8.9617 9.528 7.9959 7.2843 9.1003 9.1766 12.3118 13.8595 13.9302 13.9845 14.0263 14.0584 14.083
37.8317 37.7525 37.6488 37.5081 37.3085 37.011 36.5508 35.9565 36.1677 36.4802 34.7516 33.8552 31.5246 29.186 28.8419 27.7498 27.7619 26.5683 26.2226 25.2901 24.7655 22.7529 22.346 21.1039 20.4619 18.2306 17.0987 16.3975 15.4636 13.5018 12.7611 11.443 10.6258 8.1417 8.0921 8.0147 7.3238 9.0746 9.0942 10.9355 13.7504 13.8676 13.9542 14.0178 14.0645 14.0987 16.2949 16.3173
33.8272 33.8309 33.8341 33.8362 33.8368 33.8385 33.8681 34.0857 33.1893 30.0954 30.7271 29.1346 28.5818 26.4735 27.3536 26.0587 24.3135 24.1526 23.1536 22.4263 22.5038 21.3908 19.3716 18.6345 17.3114 16.3956 14.8261 14.2741 12.7027 11.8439 8.781 9.1553 6.8502 6.4191 7.2104 7.2955 9.0445 9.288 12.2935 13.7361 13.8908 13.9979 14.0717 14.1224 16.3108 16.3406 16.3618 16.3769
29.6661 29.7506 29.8609 30.0091 30.2147 30.5045 30.8816 31.057 29.8792 27.0099 26.3401 25.1532 26.6768 24.606 21.8223 20.7245 21.0875 20.5457 19.5462 19.0686 18.7942 18.8712 17.8582 16.143 15.0473 14.1701 13.5703 10.4849 8.0217 7.3068 7.971 4.791 3.6094 5.492 6.0559 7.7091 9.3915 12.2303 13.7368 13.9469 14.079 14.1613 16.3382 16.3794 16.4062 16.4234 19.5426 19.5713
29.4826 29.5144 29.5463 29.5718 29.5724 29.4943 29.1793 28.2199 24.2953 23.9926 22.5958 21.0754 19.4516 19.9874 19.8432 18.9083 18.0033 18.0157 17.7194 17.306 17.4639 16.0441 14.0731 14.2102 11.7696 9.3333 7.9305 7.6155 6.3733 4.0708 3.9538 2.0847 4.8392 8.335 9.4498 11.052 11.2779 13.7891 14.0791 14.2347 16.3918 16.4508 17.3328 17.3396 19.542 19.5817 19.6114 19.6335
29.2923 29.2704 29.2241 26.5765 26.3477 25.8763 24.2544 19.7168 19.717 19.4692 19.2996 18.6208 17.2953 17.1117 16.8939 15.6739 15.0553 14.934 14.5206 15.1962 13.8431 13.6269 11.5507 8.6699 8.9724 6.9921 3.9981 3.1668 2.6346 1.7687 2.8069 3.1888 9.6469 9.7873 10.9101 11.3385 14.7914 15.1047 17.3173 17.3729 17.396 17.4029 19.5408 19.5988 19.6398 21.7839 21.8115 23.338
27.1144 26.3172 26.1571 25.8958 25.4636 21.6374 17.8133 17.0122 17.0471 16.2657 15.558 15.0653 15.5276 14.1945 13.0039 12.473 12.4861 12.6084 12.5704 12.8347 11.5226 9.9464 7.3797 5.6994 3.2831 3.2062 1.2566 1.9888 4.6512 5.0063 6.8831 11.2514 12.3052 12.3911 11.988 15.2587 17.334 17.496 17.5343 17.5314 17.5147 19.6295 21.715 21.7702 21.8096 21.8383 23.3995 23.4759
26.1168 25.9565 22.5639 14.4761 14.512 14.5424 14.542 14.4294 13.9753 12.1009 11.6285 12.4387 10.5523 11.9479 11.393 10.3454 11.041 10.8004 10.6385 8.8766 7.1378 5.7398 3.4704 1.6606 1.2933 3.3719 3.8583 6.1177 7.5147 7.6691 9.1477 11.9669 11.9933 13.4736 16.2909 17.9658 17.9795 17.8746 17.7764 21.5157 21.663 21.7567 21.8171 21.8567 23.39 23.4971 25.7735 27.7169
17.8794 14.2603 14.2478 14.2195 14.1606 14.0402 13.7898 11.2921 10.6705 9.2003 8.8559 8.3131 9.1239 8.1232 9.1633 8.954 7.9501 7.4314 6.2057 4.9771 3.833 1.4429 2.5961 2.46 3.0368 5.9093 6.8972 8.1198 9.6657 11.0691 12.4595 13.6477 16.5982 16.0316 19.1684 19.0663 19.6084 21.2333 21.5769 21.7617 21.8601 21.9131 21.942 23.5429 27.6784 27.7698 30.9202 30.967
14.147 14.1162 14.0676 12.5201 12.396 12.1831 9.8622 9.63 8.1343 8.0705 7.426 6.792 6.8549 7.0187 6.4826 6.5896 6.0771 4.2234 2.5425 1.5923 1.3744 0.6616 4.2773 5.0706 7.3406 8.3654 10.1587 11.7429 12.7787 14.0963 15.0164 17.0334 18.6169 20.6598 20.8388 20.8107 21.5443 21.93 22.0726 22.1093 22.1091 25.4629 27.7434 30.4048 30.8836 30.9564 32.325 32.3758
12.5079 12.4557 12.3781 12.2623 12.0889 9.5461 7.9668 7.9534 7.8911 6.6004 5.9272 4.9843 4.8958 4.2281 3.8426 3.4917 2.5728 2.7555 3.1171 3.0725 3.4612 4.6497 6.6695 9.1198 10.0546 11.3905 11.952 13.5672 14.6391 15.8711 17.7743 19.4512 21.3285 22.1945 23.2608 23.9291 24.6579 24.7118 25.3584 27.315 28.9754 29.1539 30.443 30.9348 31.018 32.3892 33.8915 33.9054
12.3767 12.3045 12.2049 9.5738 7.0651 7.0464 6.9997 6.8934 6.344 4.9561 3.7624 2.8097 3.2971 2.9143 2.334 3.1195 2.7429 4.1208 4.879 4.9547 6.0982 7.6487 8.836 11.0919 11.6598 13.2508 14.9619 16.0189 17.469 18.8842 20.4373 21.4759 23.0055 23.4486 24.6282 25.2878 25.8765 26.3906 27.3223 29.0061 29.8239 30.5351 31.0354 33.8401 33.8742 33.898 33.9145 33.926
12.2664 8.927 6.9953 6.9784 6.9483 6.8955 6.8028 5.2881 4.134 3.8432 3.2343 2.6013 2.585 2.8968 3.1767 4.5739 4.8098 5.387 7.3159 8.3091 9.0385 10.0445 10.9125 12.4934 14.3446 15.4331 16.4781 17.9161 18.7403 20.1984 21.6637 22.7775 24.1265 25.3458 26.0468 26.7178 26.8497 27.6514 29.7392 30.0483 30.7467 32.5319 33.8335 33.8814 33.9116 33.9306 33.9426 33.7409
6.9612 6.9479 6.9275 6.113 6.0388 5.3561 5.2229 4.0992 3.6527 3.6543 3.5478 3.5204 4.2392 4.9993 5.5364 6.2131 6.9166 7.6157 8.8352 9.3105 10.4916 11.4554 12.2454 14.6887 15.5533 17.0477 17.5408 19.7029 20.6994 21.9133 22.969 24.4108 26.1399 26.7668 27.3347 27.7051 28.7366 30.6079 31.4791 32.1291 33.3406 33.8337 33.9037 33.9406 33.9601 33.7652 33.7597 33.7543
6.1259 6.0917 6.0436 5.9756 5.3167 4.5639 4.4077 3.9081 3.9252 4.348 4.4632 5.3278 5.8954 6.3746 6.9017 7.9082 8.8923 9.412 9.7342 10.6682 11.6816 12.6719 14.848 16.099 16.7883 17.9469 19.9514 21.0912 21.9688 23.2258 24.403 25.8638 27.2361 27.9801 29.2081 29.6901 30.1807 31.8955 32.8932 33.2832 33.872 33.9711 34.0062 33.8194 33.8021 33.7874 33.7756 33.7661
6.0483 6.0037 5.9441 4.6153 4.7091 4.4812 4.4351 4.4616 4.5171 5.4409 5.5714 5.8712 6.9325 7.5941 8.9161 9.5261 10.0514 10.275 11.3036 11.7014 13.3503 13.8957 15.2822 16.9458 17.8927 19.8068 20.7296 22.0526 22.6257 25.1437 26.2706 27.8586 29.4351 29.515 30.486 31.2649 32.2098 33.07 33.3428 34.1612 34.1982 33.9853 33.9102 33.8604 33.8271 33.8041 34.8079 34.2561
5.9809 4.7713 4.7577 4.7421 4.4824 4.4998 4.5294 4.9469 5.5482 5.6333 6.9394 7.0225 7.8115 8.8033 9.8044 10.466 10.9986 11.7699 12.4117 13.7745 14.7901 16.1664 17.0728 18.2855 19.4398 20.8941 21.4448 23.4211 25.0274 26.6943 27.7252 29.2306 30.1618 30.2048 31.3222 33.1997 34.2568 34.4906 35.6323 35.1898 34.8161 34.6497 34.5789 35.0824 34.2753 34.2443 34.2244 34.2113
4.785 4.7757 4.5066 4.8933 4.9145 4.9469 5.5585 6.1366 6.2058 6.3188 8.206 9.1321 9.3069 10.1627 10.9042 11.5424 11.997 13.3915 14.0759 15.1708 15.9604 16.6588 18.2819 19.2649 20.452 21.806 23.0135 25.0972 26.5661 27.6231 29.6159 31.3212 31.921 32.5659 33.3804 34.1096 33.5939 34.7188 35.0145 34.6117 34.446 34.9187 34.2272 34.1959 34.1781 32.9029 32.8867 32.8771
4.7893 4.9145 4.9292 4.9499 4.9791 6.1476 6.1821 7.0043 8.3669 8.4623 9.4295 9.6484 11.2327 12.2887 12.968 13.445 13.6257 14.2268 15.2444 16.0302 17.4737 17.9932 19.3735 20.6101 21.6206 23.5561 24.2428 26.0017 27.2303 28.9342 30.0632 31.4701 32.2875 33.5034 33.7689 34.2465 34.0474 33.6828 32.9262 33.025 33.1818 32.1427 32.078 32.0413 32.0203 32.8076 32.8117 32.8168
4.9389 4.9533 4.9725 6.9409 6.9825 7.0426 7.1296 8.4836 8.582 9.5406 9.7226 12.4505 13.9821 13.7817 13.3374 14.21 14.7265 15.5476 16.4003 17.6159 18.5996 19.4968 20.4604 21.4364 23.0389 25.0258 25.8168 27.1279 27.9256 29.3012 31.0339 32.2379 33.1246 33.4077 33.505 33.5171 33.5279 32.3445 31.8756 32.5534 32.2596 32.0848 32.0258 32.0028 31.9923 31.987 31.9841 31.9824
5.9459 6.9826 7.0151 7.059 7.1186 8.4823 8.5426 10.7262 10.8522 13.2762 15.1736 15.1084 15.0191 14.922 14.9996 15.4665 15.939 17.0646 17.5471 18.5241 19.6034 20.3583 22.5675 23.6103 24.9708 26.6543 27.0861 28.3234 28.583 30.2888 31.5992 32.8108 32.8 33.0299 33.3513 32.6462 32.8293 33.5072 35.5599 33.5112 32.4885 32.8836 33.051 33.155 31.9582 31.9632 31.9666 31.969
7.033 7.0661 7.1089 7.1647 8.5166 10.7703 12.2228 13.268 15.3406 15.3348 15.3344 15.3491 15.4057 16.1439 16.502 17.0276 17.5931 17.6735 18.8582 19.6559 20.9208 22.0788 23.2672 24.8155 26.5595 27.8202 29.1413 29.4028 29.504 30.9866 32.5208 33.9762 32.7624 32.6271 32.3345 31.0416 32.61 33.6216 32.9674 31.0686 31.9972 32.5017 32.9556 33.0994 33.19 33.2524 33.2982 33.3333
7.1011 7.1414 10.0414 10.1067 13.9396 14.0043 15.4079 15.4134 15.4242 15.4446 16.145 16.2032 16.3212 17.4532 17.5275 17.9548 18.1718 18.9578 19.7221 20.9486 21.4476 23.2925 24.0925 25.7707 27.1785 27.6224 29.2647 29.8826 29.9843 31.0318 31.6128 33.3998 34.7227 37.9468 32.6072 31.4281 30.7956 32.2902 32.6438 32.2347 32.3059 32.5411 32.7181 32.8352 33.1783 33.242 33.2893 33.3258
8.921 12.0251 13.9694 14.0178 14.0795 15.4466 16.1631 16.1738 16.1925 16.2242 16.9159 16.9981 18.3368 18.3394 18.3802 18.5393 19.1833 19.7498 20.5375 20.942 22.4009 23.4607 24.8145 25.5284 27.2404 27.3927 27.7575 29.6416 30.2332 29.8597 31.9163 37.447 36.8824 35.6741 33.1217 31.3875 31.2637 31.369 32.5497 32.5894 32.5933 32.6685 32.7666 32.8509 32.9167 32.9671 33.2905 33.3252
13.9867 14.024 14.0702 16.1856 16.1914 16.2002 17.1468 17.1678 17.2006 17.2508 18.4162 18.4293 18.4586 19.0818 19.2437 19.8394 20.3828 20.6695 20.9902 21.9038 22.9656 23.7032 24.7736 25.2954 25.7054 27.3991 27.9408 28.7456 30.5269 31.775 33.5941 35.1124 36.6776 36.7943 32.8894 31.5784 31.4232 31.4647 31.7502 32.6821 32.7371 32.8025 32.8335 32.8862 32.9343 32.9752 33.009 33.0368
14.0624 16.6538 17.1649 17.1729 17.1846 17.2013 17.225 17.2583 17.305 18.4543 19.0743 19.1131 19.1818 19.3042 20.0085 20.3624 21.0936 21.2667 22.0467 22.2696 23.0973 23.703 24.2242 24.9109 25.1872 25.8288 28.2076 28.3446 30.7188 31.2381 32.4039 35.1106 35.3329 33.2738 32.4756 32.6944 31.5332 31.4715 30.6155 32.7385 32.7979 32.8516 32.9063 32.927 32.9596 32.9904 33.0179 33.0417
