normal_rasters/0772100000297765.ascii
ncols 115 
nrows 101 
xllcorner 159468.963013
yllcorner 383947.786987
cellsize 0.25
nodata_value -9999 
[rows 0 to 30 of 101, columns 0 to 70 of 115]
32.8343 35.0127 35.0172 35.738 35.7731 34.053 35.9807 34.3407 33.2487 30.7961 28.9156 28.8929 30.1687 29.9176 28.222 28.4831 30.0678 29.356 33.6543 36.0358 36.0512 36.0671 34.1817 34.8906 34.8428 33.9054 29.7769 23.625 20.7245 20.7096 20.6934 20.6763 18.8115 18.8325 18.8222 18.5307 17.8231 17.8236 17.8243 17.3974 17.4829 16.7431 21.586 21.6994 23.0957 25.381 25.4029 25.4288 25.4586 25.4924 25.5298 27.2057 26.0298 26.0353 26.0408 27.611 25.6498 28.2798 28.309 26.5067 32.144 36.0888 38.9185 38.9054 37.6247 36.7022 33.2754 30.976 31.0331 30.8837 30.7268
32.8325 35.011 35.0159 35.0209 35.736 35.5231 35.9821 35.9765 33.25 31.5652 28.9276 28.9035 30.1784 30.1484 28.2244 28.4824 28.4778 29.3464 33.6361 36.0314 36.0479 36.0652 34.187 34.1842 34.8625 34.1256 29.8219 23.6434 20.7338 20.7177 20.7003 20.6816 19.2135 18.8068 18.8255 18.7509 17.8229 17.8236 17.8242 17.825 17.4841 17.1208 17.3899 21.6584 23.0714 22.2449 25.3793 25.4065 25.4387 25.4758 25.5178 25.5639 29.2652 26.0376 26.0441 25.8592 25.6688 25.639 28.2761 26.4669 30.9698 36.0186 36.2224 38.9098 41.3417 37.6629 32.272 31.0167 31.0921 30.9044 30.704
32.4781 32.8366 35.0144 35.0197 35.7375 35.5212 35.9836 35.9777 33.2514 33.2516 29.7895 28.9156 28.8883 30.1574 28.2274 28.4817 28.4766 30.076 33.6148 36.026 36.044 36.0627 34.1928 34.1899 34.8857 34.1456 29.8758 23.6657 20.7446 20.7273 20.7085 20.688 20.6663 18.8113 18.8297 18.7539 17.8228 17.8235 17.8242 17.825 17.4855 17.1235 16.5881 21.6078 21.7541 22.2362 22.2668 25.3795 25.4139 25.4547 25.5016 25.5543 27.1941 26.0398 26.0476 25.8703 27.6076 25.6608 28.2345 26.436 30.8632 35.9191 36.1667 38.9168 38.8949 37.6448 32.3098 31.0711 31.1795 30.9376 30.6735
32.4712 32.8346 35.0126 35.0183 35.7391 35.735 35.9855 35.979 34.3424 33.2531 29.7948 28.9295 28.9003 30.168 28.2309 28.2167 28.4754 30.0582 29.3571 33.6607 36.0391 36.0596 34.1993 34.1963 34.1925 34.1696 29.8085 23.6927 23.5991 20.7387 20.7183 20.6959 20.6719 18.8169 18.8048 18.7577 17.8225 17.8233 17.8241 17.8251 17.4872 17.1145 17.1244 21.5453 21.7078 22.2241 22.2576 25.3465 25.3829 25.4273 25.48 25.5404 27.2052 26.0419 26.0512 26.0606 27.6067 25.6901 25.2442 28.2242 26.1494 30.9571 36.0799 38.9279 38.9021 37.6138 36.6646 31.1463 31.1275 30.9935 30.6307
32.4634 32.8323 32.8396 35.0167 35.0231 35.7366 35.5229 35.9806 33.5129 33.2548 31.572 29.7951 28.9143 30.1805 30.141 28.2198 28.4741 28.4679 29.3445 33.6369 36.0331 36.0555 36.079 34.2034 34.1994 34.1984 30.1558 29.7918 23.6225 20.7523 20.7301 20.7056 20.679 19.3662 18.8103 18.8247 18.5267 17.8231 17.824 17.8251 17.489 17.118 17.1276 17.3873 21.6489 23.0768 22.244 22.2858 25.344 25.392 25.4508 25.5203 25.599 29.1997 26.0551 26.0665 25.8678 25.7267 25.2777 28.1523 26.4502 30.784 35.941 38.9449 38.9159 35.9466 36.6719 32.4463 31.2446 31.0927 30.5668
32.4544 32.475 32.8373 35.0147 35.0216 35.7384 35.5202 35.9825 35.9748 31.5063 33.257 29.8013 28.9305 28.8944 30.1525 28.2235 28.4729 28.4659 30.0688 30.6199 36.0257 36.0503 36.0763 34.2114 34.2072 34.9084 30.1765 29.8638 23.6518 20.9532 20.7444 20.7175 20.688 20.6563 18.8173 18.8008 18.7479 17.8228 17.8238 17.825 17.4913 17.122 17.1314 16.6097 21.5736 21.0743 22.2247 22.2707 22.3826 25.346 25.4113 25.4913 25.5848 27.184 26.059 26.0731 25.8857 25.7154 25.3254 28.0574 26.3746 26.1533 30.5174 36.3015 38.9417 36.0333 36.6841 32.55 31.4421 31.2827 30.4626
32.444 32.4658 32.8346 35.0124 35.0199 35.7406 35.7352 35.9848 35.9763 33.5072 33.2591 29.8084 28.9494 28.9105 30.1664 28.2282 28.2089 28.4637 30.0443 30.6064 33.6718 36.0437 36.0725 34.2204 34.2161 34.2104 30.2015 29.8013 23.6886 20.9641 20.9505 20.7323 20.6994 20.6637 18.826 18.8075 18.753 17.8223 17.8235 17.8249 17.4939 17.1268 16.9737 16.9697 17.3837 21.7238 22.1979 22.2478 22.3078 22.417 25.3573 25.4491 25.5608 27.2028 26.0629 26.0805 25.911 25.6939 25.3937 25.4312 26.2601 26.0964 29.6544 36.135 38.9888 36.2008 30.6991 32.1261 31.8127 31.5702 30.2665
32.4321 32.4552 32.4801 32.8409 35.0177 35.0262 35.7373 35.5221 35.9781 33.5156 31.511 31.5809 29.8088 28.9296 28.884 28.2341 28.2128 28.4615 28.4528 29.3425 33.6396 36.0352 36.0673 34.2307 34.2262 34.2201 30.2318 30.155 29.7371 20.9771 20.9622 20.7508 20.7141 20.6735 19.37 18.8163 18.7601 17.8218 17.8231 17.8248 17.4971 17.1325 16.9802 16.9754 16.6067 21.6342 21.1221 22.2142 22.2805 22.3617 22.4649 25.3875 25.5215 27.2311 25.1853 26.0891 26.1112 25.8681 25.8165 25.3188 26.0995 25.9815 26.1347 34.5346 36.7514 39.0054 35.7369 31.7426 31.6388 32.3276 29.7825
32.4184 32.4429 32.4694 32.8378 35.0152 35.0244 35.7398 35.7331 35.9804 35.9698 31.518 31.5822 29.8174 28.9524 28.9026 30.1441 28.2178 28.4591 28.4491 30.0583 30.6284 36.3205 36.0602 36.0983 34.2379 34.2314 33.6623 30.1831 29.7103 23.6272 20.9768 20.9575 20.7329 20.6868 19.378 18.8279 18.8009 17.821 17.8225 17.8244 17.501 17.1394 16.9881 16.9823 16.9751 21.5158 21.0714 22.1663 22.2373 22.3297 22.4824 25.2971 25.4576 25.6596 28.2111 26.1002 26.1261 25.8975 25.7994 25.4631 25.3316 25.9842 25.8564 29.6806 36.4791 39.2656 35.9675 28.5426 32.0021 35.9437 28.1603
32.4026 32.4284 32.4568 32.834 32.8458 35.0221 35.7427 35.7354 35.9832 35.9715 33.5069 31.5164 29.8273 29.8173 28.9252 30.163 28.2243 28.1964 28.445 30.0226 30.6098 36.301 36.0508 36.094 34.2514 34.2445 33.6781 30.2186 29.778 23.6797 20.9949 20.9735 20.7071 20.7046 20.6462 18.8459 18.8121 18.7422 17.8216 17.8238 17.5059 17.1479 16.9979 16.9907 16.9816 16.5904 21.0 20.4137 22.1714 22.2724 22.4095 22.569 25.3543 25.611 32.0373 22.6371 26.1458 25.9414 24.1606 25.5701 25.582 23.7264 25.0298 28.3536 35.4621 38.2881 37.2806 29.7696 23.3743 31.9005 23.3578
32.3843 32.4115 32.4417 32.4748 32.8423 35.0193 35.031 35.7382 35.5202 35.9735 33.5178 31.525 31.593 29.828 28.9529 28.8872 28.2328 28.2014 28.4405 28.4561 30.586 30.6663 36.0379 36.0873 34.2672 34.26 33.6974 30.2637 30.1401 29.6278 21.0177 20.994 20.9649 20.7289 20.6603 18.8559 18.8279 18.5065 17.8203 17.8228 17.8263 17.1587 17.0103 17.0012 16.9893 16.9759 20.9022 20.4165 20.4715 22.176 22.3313 22.5951 22.7214 25.5169 31.4647 22.8596 26.193 25.465 24.4046 25.4827 26.0705 24.8566 23.0065 23.5933 34.796 36.358 29.0075 23.5823 21.0995 20.6026 20.2885
29.61 32.3917 32.4239 32.4594 32.8378 35.0158 35.0287 35.7416 35.7321 35.9762 35.9611 31.535 31.5948 29.8405 28.9869 28.914 26.8645 28.2084 28.4357 28.4204 30.0422 30.6472 36.312 36.0774 34.2859 34.2786 33.7213 30.3214 30.1796 29.6131 21.0468 21.0208 20.9874 20.708 20.6812 19.2515 18.8515 18.799 17.8184 17.8212 17.8256 17.1727 17.0268 17.0147 16.9985 16.9805 17.3457 20.9915 20.438 20.5756 20.7278 22.4472 22.8073 23.0161 31.0538 27.1839 23.3284 24.7976 25.1243 24.2474 25.3779 29.1507 22.1858 21.6032 24.0194 23.8823 23.7192 20.4656 19.5474 19.1808 18.5072
29.5966 29.621 32.4026 32.4407 32.483 32.8487 35.0258 35.7458 35.7353 35.9797 35.9624 33.5037 31.5331 29.8555 29.8402 28.948 28.8579 28.2181 26.6209 28.4117 28.4627 30.6208 36.2789 36.0627 36.778 34.3011 34.2883 33.6649 30.2326 29.7094 23.6601 21.0566 21.0183 20.9698 20.7121 19.2675 18.8669 18.7537 17.8157 17.8185 17.824 17.1916 17.0494 17.0328 17.0096 16.9846 16.6042 20.8452 20.3155 20.4304 20.6292 20.9494 21.5711 23.416 27.9113 27.1695 25.4243 25.3567 25.6939 23.8829 22.4256 21.6011 20.8389 20.2899 19.3128 18.4513 18.3152 18.3444 18.2928 17.1882 17.2145
29.5806 29.6065 32.3772 32.4181 32.464 32.8433 35.0219 35.0389 35.7393 34.017 35.9644 33.5181 31.546 31.6105 29.8565 28.9913 28.8893 28.2316 26.6254 28.4016 28.4307 30.5843 36.2343 36.0411 36.7721 34.3288 34.315 33.6858 30.3044 29.9353 29.2323 21.1053 21.062 21.0031 20.6941 19.2906 18.8898 18.7805 18.4752 17.8141 17.8206 17.2178 17.0822 17.0579 17.0225 16.9863 16.9561 20.667 20.1468 20.1984 20.3002 20.5239 21.1773 24.1587 23.6289 24.6957 25.119 32.5121 21.7798 19.8001 19.1656 19.2107 19.196 18.6948 18.0515 17.4663 17.3287 16.8653 16.4392 17.0306 15.2867
29.5617 29.5889 29.6199 32.3905 32.4402 32.8363 32.8584 35.0362 35.7443 35.73 35.9674 35.9439 31.5616 31.6134 29.8766 29.8536 28.931 26.8754 26.6317 28.39 28.3881 28.4846 30.6939 36.2896 36.1121 34.3634 34.3491 33.7133 29.6596 29.9863 29.302 21.4501 21.1258 21.054 20.9605 20.5967 19.281 18.8777 18.5046 17.8072 17.8132 17.2556 17.1341 17.0954 17.0361 16.9814 16.9426 15.8078 19.9511 19.9091 19.8347 19.6692 18.9356 21.8889 17.183 24.6354 25.4216 22.7788 19.0748 17.5449 17.276 17.9203 18.0741 17.4942 16.4977 16.0108 15.6365 14.8605 14.8293 13.9352 14.3754
29.5392 29.5676 29.6006 32.3567 32.4106 32.472 32.852 35.0322 35.7508 35.7345 34.0127 35.9437 33.4926 31.5598 29.9017 29.8755 28.9871 26.8957 28.2067 27.2673 28.3425 28.4435 30.6553 36.2231 36.0865 34.4072 34.3938 33.7508 29.7108 30.0616 29.4173 21.1904 21.222 21.1365 21.01 20.6244 19.3264 18.9225 18.7301 17.7976 17.7972 17.3105 17.2268 17.1568 17.0425 16.9595 16.915 16.5256 19.1658 19.4797 19.2473 18.7522 17.3671 13.6967 13.7606 13.6286 18.8756 15.7099 15.3734 15.1029 15.8763 16.4687 15.9206 15.8139 15.2988 14.1399 14.3111 14.1163 13.576 12.9119 12.8631
29.5125 29.5419 29.5768 29.6175 32.3733 32.4409 32.843 35.0266 35.0536 35.7406 34.0242 35.9444 33.5121 31.5812 31.6386 29.9036 29.7547 28.8856 28.2314 27.2751 28.3149 28.3839 30.5942 36.1253 36.3235 36.8254 34.4545 33.8045 29.7799 29.5489 29.6154 21.6616 21.2945 21.2784 21.1028 20.8779 19.4042 19.0145 18.8408 18.2897 17.7645 17.6161 17.4264 17.2693 17.0047 16.8997 16.5184 16.481 12.0576 14.0479 14.5531 18.3452 13.6534 13.3108 12.8796 12.5143 12.2263 13.3246 14.579 14.6929 14.0946 14.3731 14.4001 13.8522 13.4939 13.2624 12.9913 12.7547 12.3964 12.078 11.5715
29.4811 29.5109 29.5472 29.5907 32.3265 32.4004 32.8306 32.8665 35.0505 35.7488 35.7247 35.9464 33.5383 31.6082 31.5778 29.9407 29.8957 29.7083 26.9005 27.2895 31.5303 30.9079 28.5004 30.9848 36.2147 36.804 34.5397 33.886 29.8777 29.5498 29.6215 21.7218 21.4489 21.465 21.2984 20.9166 19.6294 19.0973 18.9065 18.2356 17.7143 17.5367 17.8279 17.2716 16.801 16.4722 16.4322 14.3496 11.7296 11.6545 11.6968 12.2906 12.5983 12.4938 11.917 11.9875 11.902 11.304 11.8032 13.0234 12.9143 12.7618 12.7319 12.3697 12.0608 11.3811 11.026 11.1011 10.7164 11.215 10.4819
29.4441 29.4735 29.5106 29.5566 29.6122 32.3476 32.4443 32.8549 35.0452 35.76 35.7316 34.0168 35.8984 33.4587 31.6095 29.9913 29.9365 29.7202 26.3551 27.3156 31.4567 30.8258 28.4187 30.9514 36.0324 36.7515 34.6641 34.0207 30.026 29.5271 24.4836 23.814 21.6529 21.8227 21.5431 21.0192 19.6857 19.7652 19.0483 17.9735 17.6981 17.1054 16.7698 16.08 16.2818 16.2919 15.2997 11.9974 11.6592 11.3863 11.1529 11.03 10.8126 10.7535 11.5175 10.5883 10.3031 10.8174 10.3826 11.0725 11.6702 11.0105 11.3518 10.5715 10.1761 10.1604 9.7741 9.9327 9.881 8.689 8.977
29.4008 29.4288 29.4656 29.5131 29.5728 32.2784 32.3859 32.8375 32.8933 35.0856 35.7419 34.0384 35.8912 33.4829 31.6515 31.6934 29.9956 29.7788 27.1454 26.6947 27.2014 30.7086 28.2745 30.1496 31.0829 36.2345 34.8494 34.271 30.2732 29.4343 28.7699 23.9349 21.912 22.4009 22.8564 21.0099 19.7927 19.3268 18.069 17.6118 17.2541 15.8503 15.8646 15.7855 15.6207 15.521 13.1887 12.0583 11.69 11.3808 11.1959 11.0838 10.7814 10.1395 10.1108 10.1417 9.935 9.7129 9.9299 9.1316 9.1213 9.8449 9.2691 9.1266 9.2103 8.638 9.1032 8.3348 8.2602 8.2084 7.5452
26.3925 29.3755 29.4105 29.458 29.5206 29.6006 32.3055 32.4546 32.8785 35.0841 35.7574 35.7092 33.9924 33.5182 31.7073 29.7302 30.0864 34.0435 27.1775 26.3962 27.2236 31.0738 30.5851 27.4498 31.0057 35.7974 36.9541 34.8288 30.7446 29.1092 28.0994 23.6397 21.8131 22.5215 24.7151 21.0557 18.9928 18.1923 17.1589 16.3639 16.3829 15.6054 15.2449 15.0582 14.7526 13.4736 12.3018 12.1814 11.7503 11.3711 11.3451 11.0227 10.5789 9.9653 9.7913 8.7206 8.7516 8.8351 8.1156 8.2335 7.9965 8.1796 7.9062 7.8339 8.1095 8.1259 7.6819 7.9045 7.5172 6.7651 6.5582
26.3317 26.4057 29.3435 29.3885 29.4517 29.5375 29.1193 32.3638 32.8528 35.0786 35.7812 35.7203 34.0223 35.7522 30.8177 31.736 30.4507 30.0602 27.2221 27.2296 27.2988 30.769 30.2906 27.3091 27.1834 31.4393 36.4193 36.6484 31.7622 27.8828 23.0973 21.0224 21.277 20.9963 20.6415 20.149 18.6361 17.7284 17.2792 15.6643 15.3556 15.0782 14.8086 14.1511 13.6364 12.7201 12.3419 12.5432 11.8123 11.3627 10.9001 10.5314 10.0132 9.3715 8.7547 8.4041 7.9853 7.5238 7.3538 7.3672 7.1954 7.3144 7.3196 7.1082 7.2935 7.3604 7.1208 6.9398 6.7655 6.5938 6.3138
26.3095 26.3433 26.4224 26.4377 29.3616 29.4498 29.5733 29.1787 32.8082 32.9348 34.5304 35.7408 34.0749 35.6927 30.8462 30.7968 30.0177 30.2534 33.7506 27.3199 27.5409 30.2648 32.0921 26.0748 27.6826 27.9847 32.2698 37.5891 31.3435 22.1348 22.1205 20.9298 20.0836 19.6094 19.7148 19.3581 18.1271 17.258 16.8756 15.2065 15.0188 14.1111 13.0469 13.1107 13.2397 12.2354 12.1697 12.0773 11.3504 11.1178 10.2684 10.0988 9.3669 8.8956 8.2673 7.7968 7.369 7.0365 6.8413 6.7115 6.6351 6.3728 6.7034 6.8864 6.8754 6.7678 6.9587 6.786 6.4999 6.2517 6.1303
25.8045 26.3142 26.3573 26.4443 26.4662 29.3289 29.4592 29.1243 32.3262 32.8963 34.5362 35.7787 34.1695 33.9334 30.8416 31.1385 30.4281 32.6673 33.7407 27.4769 27.3395 29.6295 29.1203 33.5308 27.5157 28.6869 27.7025 21.889 21.2315 21.0906 20.7444 20.7315 19.881 19.2039 19.2344 18.4037 17.371 17.3771 14.7564 13.8974 13.3612 12.9137 12.3074 11.9654 11.3518 11.1326 11.1042 10.38 10.6034 10.3999 10.0288 9.6852 8.9722 8.3853 7.9249 7.6577 6.8756 6.6132 6.4276 6.049 6.1611 6.117 5.9738 6.281 6.4816 6.2722 6.5105 6.1972 6.2444 5.8367 5.6534
25.7687 25.8085 26.3175 26.3741 26.4741 26.5077 29.2903 29.499 29.2283 32.8066 34.5251 34.4798 35.6616 34.0133 30.0894 31.1208 30.2714 32.8795 32.3589 31.0445 30.1859 25.939 30.9348 32.7782 23.0279 24.2694 21.5508 20.8598 20.8812 20.1114 19.8594 19.8357 18.0699 17.0089 17.9035 17.2013 16.0881 14.6633 13.3822 13.1032 11.9306 11.775 10.5639 10.4027 10.5177 9.9043 9.6395 9.8672 9.1401 8.9899 8.7503 8.733 8.655 7.9753 7.7215 6.9924 6.7576 6.3657 5.7897 5.7733 5.6489 5.8234 5.8481 5.5331 5.821 5.7677 5.5256 5.3237 5.5368 5.2234 4.8489
25.7239 25.7592 25.8081 25.8761 26.3937 26.5163 26.5741 26.647 29.0946 29.4756 33.0902 34.5857 35.7149 34.2204 30.1094 30.7739 30.643 36.8418 29.0426 32.4084 27.5237 24.7624 31.5108 21.2289 20.277 20.0827 19.7385 19.4127 19.309 18.5751 18.5791 17.6863 15.3693 15.2473 15.2287 15.2604 15.3611 13.3605 12.5278 11.1102 10.6718 10.0543 9.5244 9.2555 8.8215 8.4488 8.5483 8.2549 7.9587 8.3318 8.2176 8.1181 7.9289 7.3524 6.885 6.7601 6.5025 6.156 5.6659 5.4614 5.3638 5.3992 4.9714 4.5794 4.5557 4.3555 4.5437 4.5985 4.2662 4.0529 3.5255
25.67 25.6971 25.7371 25.7968 25.8867 26.4137 26.5791 26.698 26.8683 29.2884 29.7882 34.7525 35.0274 33.2017 30.8998 29.9683 27.7175 26.5344 24.1293 22.8961 23.877 22.0203 21.165 20.265 19.8214 19.1478 18.4327 18.086 18.0719 18.1865 16.5903 15.5942 14.99 15.1207 15.0116 14.2333 12.9481 11.7111 11.2022 9.7459 9.163 8.4409 8.4745 8.2269 7.6997 7.5012 7.2479 7.3343 7.2008 7.1701 7.2442 7.3715 6.9277 6.8546 6.6001 6.0842 5.8371 5.6595 5.5133 5.1881 5.1876 4.7149 4.0882 3.6756 3.7186 3.743 3.9459 3.8215 3.3138 2.9178 2.9307
23.8311 23.874 25.648 25.6896 25.7595 25.8779 26.0794 26.6705 27.0163 28.9956 29.3216 34.8415 35.5077 31.1046 25.1793 25.9247 21.9033 21.3052 21.1234 21.2805 21.2078 19.6751 20.0916 19.7811 18.1997 17.187 16.9612 16.6556 17.0751 16.2211 15.8544 15.0082 13.7402 13.8546 13.4671 12.7428 12.0104 11.1828 9.4409 9.1879 8.4005 7.3591 6.9797 6.9552 6.5986 6.7106 6.3104 5.9626 6.3167 6.2392 6.5151 6.337 6.1914 6.0918 5.7872 5.7388 5.5463 5.3793 4.9629 4.6498 4.4224 3.7788 3.6955 2.9759 3.1973 3.3274 3.1713 2.4869 2.3692 2.4312 2.2437
23.7686 23.7997 23.8471 23.9207 25.5883 25.6572 25.802 26.0849 26.6431 28.9282 27.064 27.6471 24.653 25.0977 21.5876 21.9162 20.5471 20.8933 20.9531 20.5927 19.7802 19.1891 18.3478 16.7887 16.8776 15.9297 15.1599 15.2852 15.2957 14.3462 13.6847 12.9094 12.8212 12.4932 12.0927 11.935 9.8426 9.1717 8.6142 7.91 7.1665 7.19 6.5149 5.9951 5.6975 5.3648 5.3819 5.1956 5.4347 5.1911 5.5176 5.1928 5.5908 5.354 5.3685 5.0348 5.0304 4.9508 4.2748 4.107 3.8062 3.5879 2.8332 2.4719 3.072 2.6166 2.3895 2.0449 1.9748 1.7727 1.8656
23.6956 23.709 23.7326 23.7745 23.8508 23.9937 25.3886 25.5245 25.7376 25.8456 24.0203 23.1064 22.9835 22.0377 23.4406 21.4793 19.985 18.8995 19.1927 18.3738 16.6449 16.4712 16.1405 15.2143 14.5121 14.5209 13.9032 13.3482 13.2618 13.0246 12.2593 11.92 11.8343 11.4063 10.3167 9.9093 8.7821 8.3888 7.7121 6.8582 6.3315 5.7378 5.6018 5.4695 5.0092 4.955 4.6226 4.5282 4.5095 4.7226 4.7255 4.5661 4.6165 4.5321 4.6128 4.4678 4.282 4.3168 4.0833 3.6615 3.1992 3.2239 2.7373 2.2154 2.0694 1.9002 1.9596 1.4286 1.4993 1.5891 1.4417
23.6165 23.6077 23.599 23.5928 23.5948 23.6203 23.7042 24.2971 24.2635 24.0447 22.9476 23.4564 21.2216 21.2761 19.9446 17.9507 17.2098 16.1337 15.7633 16.3696 15.6872 14.7824 13.1758 13.938 12.8984 12.837 12.6208 12.4968 11.8226 11.6163 11.3566 10.6342 10.6088 10.1563 9.7168 8.6109 7.5354 7.3956 6.7629 5.9433 5.8142 5.3144 5.0017 4.8611 4.0931 3.7455 3.7511 3.6973 4.0662 4.0559 4.046 3.8998 3.8881 3.9692 4.1339 4.181 3.9604 3.871 3.6771 3.2382 3.0079 2.77 2.408 2.0029 1.8166 1.534 1.4629 1.3881 1.4051 1.374 1.3177
