normal_rasters/0772100000297602.ascii
ncols 72 
nrows 58 
xllcorner 159468.323975
yllcorner 383907.177002
cellsize 0.25
nodata_value -9999 
[rows 0 to 29 of 58, columns 0 to 68 of 72]
26.4058 26.4069 26.4076 26.408 26.3896 26.3863 26.3824 26.3778 26.3725 29.0932 31.038 31.102 33.6956 31.4096 34.1992 35.7524 37.2692 37.6986 37.6616 36.5921 36.5649 33.5881 33.4608 28.4278 24.8576 23.4456 20.0911 10.7872 10.6503 7.4537 6.1717 4.1717 4.1702 4.169 4.1682 4.4106 4.4451 4.6149 5.0661 4.9397 5.0133 5.0104 5.0015 5.1034 4.9645 4.9359 4.469 4.7295 4.714 4.4081 4.405 4.4019 4.6895 4.8796 4.8896 5.3605 5.3921 5.4224 5.45 5.474 5.4942 5.5108 6.2979 6.3137 6.8072 7.5344 7.545 7.5537 7.5607
26.4088 26.4101 26.4112 26.4117 26.3954 26.3921 26.3881 26.3833 26.3777 28.1701 31.0053 31.0736 33.6613 31.382 34.1795 35.7538 35.7864 37.7187 37.6785 36.6053 36.5751 34.9468 33.5076 33.3545 24.8975 23.4743 20.1355 14.3972 10.7189 7.4873 7.4005 4.1705 4.1687 4.1672 4.1662 4.3937 4.432 4.6066 5.0628 5.0914 5.2343 5.02 5.0116 4.9988 4.9732 4.938 4.4778 4.6391 4.7168 4.4117 4.4075 4.4037 4.6852 4.8729 5.3131 5.3522 5.3917 5.4285 5.4608 5.4879 5.5098 6.2939 6.3138 6.8091 7.536 7.5487 7.5588 7.5667 7.5729
26.4118 26.4134 26.4148 26.4157 26.4163 26.3986 26.3946 26.3896 26.3838 28.1639 28.1793 31.0396 30.6083 33.7294 34.1542 34.2473 35.7911 37.2848 37.6993 37.6506 36.5879 34.9765 33.5654 33.3954 24.9482 23.5118 23.3742 14.4708 10.807 10.6176 7.4327 6.126 4.1669 4.165 4.1637 4.372 4.4144 4.5944 5.0573 5.0919 5.2421 5.0334 5.0252 5.009 4.9855 4.9413 4.4892 4.4805 4.721 4.4163 4.4105 4.4055 4.6793 4.8642 5.2938 5.3447 5.3947 5.4398 5.4775 5.5075 6.2884 6.3141 6.8121 7.5384 7.5538 7.5656 7.5746 7.5814 7.5865
26.415 26.4169 26.4186 26.4201 26.4209 26.4214 26.4018 26.3968 26.3907 26.3834 28.1732 30.9988 31.0857 33.6889 32.8246 34.2244 35.7949 37.3038 37.7249 37.6713 36.6039 36.5623 34.9246 33.4478 28.5938 24.8657 23.4035 20.0229 14.3962 10.7085 7.4773 7.3501 4.165 4.1623 4.1606 4.16 4.3908 4.5765 5.0483 5.0907 5.1093 5.0514 5.0654 5.023 4.955 4.9469 4.5325 4.494 4.6423 4.4226 4.4138 4.4071 4.671 4.8058 5.2712 5.3396 5.4044 5.4595 5.5028 6.2803 6.3149 7.5168 7.5421 7.5611 7.5751 7.5853 7.5927 7.5979 7.6014
26.4183 26.4206 26.4227 26.4246 26.4262 26.4267 26.4101 26.405 26.3986 26.3909 28.1658 30.95 31.0432 30.6247 32.7936 34.1936 35.4252 37.3262 37.3057 37.6978 36.6242 36.5769 34.9584 33.5152 28.6332 24.9304 23.4448 23.2492 14.4986 11.2699 7.5392 7.3902 4.1629 4.1592 4.1566 4.1558 4.3596 4.425 5.0337 5.0862 5.1236 5.2741 5.0893 5.0433 5.0102 4.9562 4.5448 4.5129 4.4938 4.4319 4.4171 4.408 4.6584 4.6945 5.2458 5.3412 5.4262 5.4929 5.5406 6.3166 7.5145 7.548 7.5718 7.5886 7.6001 7.6078 7.6128 8.8751 8.8868
26.3231 26.4245 26.4271 26.4294 26.4314 26.4327 26.4333 26.4144 26.4079 26.3997 28.1567 28.1785 30.991 30.5945 30.6787 34.1522 34.2906 35.4913 37.3318 37.7318 36.6502 36.5962 36.5357 34.8752 31.0269 25.017 23.503 23.2722 18.7416 14.3874 10.6784 7.4508 7.2495 4.1554 4.1514 4.15 4.1519 4.391 4.6081 5.0757 5.1543 5.2378 5.1033 5.0921 5.0253 4.8603 4.5616 4.4183 4.5161 4.4478 4.4194 4.4066 4.6325 4.6986 5.2216 5.3595 5.4707 5.5479 6.3204 7.5115 7.5578 7.5886 7.6086 7.6212 7.6288 8.8712 8.8875 8.9 8.9096
26.3264 26.3306 26.4316 26.4345 26.4372 26.4393 26.4403 26.4406 26.4186 26.4101 26.3996 28.1695 30.9273 31.0503 30.6482 32.8133 34.2527 35.4854 37.3636 37.7755 37.6917 36.6219 36.551 34.9105 31.1063 28.6064 24.8845 23.3105 18.8053 14.538 11.2614 7.5431 7.2956 4.151 4.1446 4.1419 4.1447 4.1315 4.5722 5.0545 5.1585 5.2734 5.1078 5.1385 4.8602 4.8686 4.588 4.4594 4.553 4.4804 4.4162 4.3983 4.6079 4.9882 5.2147 5.4172 5.5565 6.3286 7.5075 7.5754 7.6162 7.6397 7.6525 8.8646 8.8885 8.9059 8.9186 8.9279 8.9346
26.3296 26.3344 26.3394 26.44 26.4433 26.4462 26.4481 26.449 26.4312 26.4224 26.4112 28.1582 28.1876 30.9816 30.6079 32.7566 34.1986 35.4729 35.5824 37.3731 37.7385 36.6569 36.5729 34.9582 34.768 28.6768 25.0039 23.3724 18.899 18.6263 11.4517 7.6856 7.3781 5.1425 4.1354 4.1298 4.1339 3.9788 4.3251 5.015 5.1513 5.3189 5.3775 5.234 5.0853 4.7662 4.6456 4.5156 4.6235 4.5425 4.3881 4.3608 4.5749 4.8845 5.2841 5.5605 6.3469 7.5027 7.6106 7.6656 7.6912 7.7011 8.89 8.9159 8.9335 8.9453 8.9533 8.9584 10.9508
26.3326 26.3382 26.3439 26.3498 26.4499 26.4537 26.4569 26.4585 26.4589 26.4371 26.4252 28.1439 28.1767 27.729 30.5554 32.6807 32.8389 34.3476 35.58 37.421 37.8021 36.7051 36.6048 36.4891 34.7938 28.778 26.2554 23.4713 22.1609 18.7109 14.7566 11.2063 7.5249 7.0564 4.1238 4.1104 4.1156 3.9924 4.1389 4.9474 5.1172 5.3595 5.5259 5.4292 5.117 4.7174 4.7983 4.6401 4.6332 4.5433 4.2631 4.3074 4.2746 5.0859 5.5223 6.3703 7.5 7.6907 7.7632 7.7828 8.8931 8.9349 8.9604 8.9756 8.9843 8.9889 10.94 10.9765 11.0055
26.3355 26.3418 26.3484 26.3553 26.3622 26.4619 26.4663 26.4694 26.4707 26.4548 26.4423 26.4257 28.1623 28.2042 30.9699 30.6252 32.753 34.2747 35.5672 35.7338 37.439 36.7728 36.6524 36.5073 34.8329 32.1434 28.6278 26.0589 22.2216 18.8516 15.028 11.5213 7.7888 7.1533 5.0021 4.078 4.0791 4.0133 4.2794 4.5272 5.0401 5.4548 5.7101 6.0683 5.0905 4.5609 4.7572 4.1739 3.7815 4.1891 3.7597 4.4297 4.8383 5.4145 6.23 7.5397 7.9003 7.982 8.9035 8.9786 9.0168 9.7103 9.7305 9.7431 10.9316 10.9807 11.0176 11.0457 11.0671
26.338 26.3451 26.3527 26.3607 26.369 26.3774 26.4766 26.4816 26.4845 26.485 26.4635 26.4455 28.1433 28.191 27.7399 30.0882 33.2686 34.1617 35.5371 35.7438 37.5188 38.3594 36.7253 36.5399 34.8926 32.2139 28.7827 26.1608 22.3411 21.8771 18.4673 14.6852 11.0063 7.3936 5.0646 4.0279 3.9878 3.8526 4.3367 4.4897 4.6373 5.114 5.5467 5.9167 4.7109 4.2245 4.1494 4.0176 3.0721 4.5839 5.0106 4.9217 5.5482 6.5827 7.6774 8.3607 8.8587 9.5724 9.685 9.7399 9.7659 9.778 10.9354 11.0024 11.0495 11.0827 11.1062 11.1229 11.1348
26.34 26.348 26.3566 26.3659 26.3758 26.386 26.3964 26.495 26.5005 26.5027 26.5014 26.4707 26.4438 28.1723 27.7612 27.7316 30.1667 33.3729 35.4772 35.7379 38.1645 38.466 36.8399 36.5993 36.3091 32.3277 29.0367 26.3463 22.5642 21.9544 18.6856 16.6475 11.5939 7.9404 6.409 4.4945 3.7069 3.8649 4.4483 4.5492 4.7795 4.9382 5.2809 5.3791 4.987 4.8712 4.889 5.3031 4.9583 5.5607 6.3826 6.8279 7.0886 7.4581 8.9754 10.4938 9.9595 9.9327 9.9145 9.8911 10.989 11.0768 11.1316 11.1653 11.1856 11.1974 11.2038 13.6292 16.2604
26.3414 26.3502 26.3599 26.3705 26.3821 26.3946 26.4077 26.4208 26.5187 26.5242 26.5248 28.1287 26.4732 28.1457 28.2212 27.7581 30.0216 33.1888 34.2309 35.6991 36.0704 38.2348 37.0251 36.7108 36.2943 32.5114 29.4564 28.6541 25.7316 22.1731 19.8602 16.8587 13.2975 9.8317 6.0382 4.4456 3.3868 3.2582 4.4493 4.4313 4.8346 5.4104 5.87 5.8663 6.4765 6.3899 6.0534 6.5203 7.1722 7.674 7.5689 7.7033 9.1819 9.4604 9.9014 10.9974 10.8425 10.3944 11.5479 11.3258 11.3594 12.6156 12.6402 12.6524 15.6824 15.7613 16.3037 16.3791 18.2667
26.342 26.3515 26.3622 26.3742 26.3877 26.4027 26.419 26.4361 26.4532 26.5501 26.5544 26.5509 28.1482 28.1078 28.1966 27.7935 29.8258 32.909 33.3506 35.5919 36.1071 38.3179 39.5773 36.9274 36.306 34.0151 31.2443 29.0804 25.9545 22.6268 20.2736 17.2811 14.986 10.7039 8.5599 5.1245 3.5827 1.5996 3.7181 5.4982 6.2455 7.0711 6.8443 7.4758 8.486 8.3821 8.741 7.9483 8.0764 8.5632 9.8651 10.6857 10.4059 11.1868 12.3546 12.3238 12.5722 13.0346 13.1917 14.2832 14.6709 14.7513 15.7782 17.6222 17.9848 18.2493 18.3108 18.3541 19.7548
26.3415 26.3516 26.3633 26.3766 26.392 26.4096 26.4295 26.4516 26.475 26.5802 26.5922 26.5929 26.5784 28.1963 28.1566 27.8391 27.4525 29.8355 32.9567 35.3383 36.0774 38.8311 38.4835 38.1961 36.4176 34.0746 31.8635 30.7305 26.5437 24.18 20.9774 19.1819 15.2047 11.9014 9.079 6.0568 4.5659 3.7235 5.8596 7.6521 8.8237 8.3253 9.6334 9.7699 9.8155 10.0668 9.9833 10.5522 10.2521 10.7284 11.3093 14.4455 13.8369 13.2136 14.2801 14.7375 15.1794 15.2949 15.9085 16.0221 16.6386 17.6715 17.7772 19.6653 19.7156 19.7489 19.7709 19.7856 19.7953
26.3399 26.3504 26.3626 26.3771 26.3941 26.4142 26.438 26.4659 26.4976 26.5316 26.6403 26.6512 26.6385 28.0729 28.0916 28.2777 27.5398 27.2581 29.4381 33.1756 35.8375 37.1513 39.0977 39.3882 36.8363 34.8135 33.0191 31.1362 28.074 26.2138 21.5615 19.2364 16.3595 12.033 10.8801 7.1669 7.0042 8.2183 8.3013 8.8148 10.3622 10.378 10.6707 12.1577 11.5786 12.6236 11.9672 12.2961 13.9661 14.7858 14.6442 14.7523 16.1565 15.7516 15.6026 16.3235 16.5706 16.5 17.5607 18.6111 19.4701 19.6268 19.7182 19.7719 19.8034 19.8215 19.8316 19.8367 19.8387
26.3368 26.3474 26.36 26.3751 26.3932 26.4154 26.4428 26.4765 26.518 26.5673 26.6208 26.7339 26.7316 26.6736 27.9877 28.2022 27.653 27.7203 29.2367 28.9567 32.8703 37.2489 39.704 38.7998 38.1567 34.1532 33.4331 31.7822 28.4375 26.2181 24.3224 19.8054 17.5901 15.0239 13.1807 11.0928 8.9295 9.76 11.3625 11.1459 11.4424 13.123 14.745 14.8923 14.3923 14.366 15.1439 14.1082 14.4031 15.5767 16.4777 16.8989 16.9401 17.0234 17.3115 17.4894 17.6272 18.2167 19.0091 19.1981 19.7419 19.8329 19.8772 19.896 19.9016 19.9005 19.896 20.9431 21.5256
26.1822 26.1964 26.355 26.3701 26.3886 26.4118 26.4415 26.48 26.531 26.5987 26.6854 26.7802 26.8876 26.8071 26.7042 28.0381 27.7474 28.0593 27.6004 28.2279 30.113 35.0408 38.7863 38.063 36.7329 33.6519 32.4814 31.7891 31.2207 27.0073 24.9596 22.5048 19.5368 16.0131 14.6093 14.7413 13.5251 12.0001 12.5875 14.4736 15.9338 16.7018 16.5047 17.2706 16.1619 15.8933 16.2993 16.9212 15.723 16.3319 17.3263 17.5802 18.1328 18.4841 18.1145 18.79 19.4102 19.5194 19.6081 20.0096 20.0626 20.0689 20.0522 20.0281 20.9429 20.9611 21.5237 21.5417 21.5548
26.1707 26.1836 26.1994 26.2189 26.3797 26.4023 26.432 26.4721 26.5286 26.6118 26.739 26.9282 27.1181 27.0659 26.6847 27.7332 27.7031 28.5493 28.6782 26.5353 24.3967 31.2933 35.3814 36.2354 34.0344 32.6106 32.476 32.1845 31.3386 29.7361 26.1081 23.3351 22.0829 19.9695 17.4362 17.0746 17.5938 18.25 17.2572 16.5342 17.154 18.7643 17.979 17.9645 18.3309 18.2493 17.7641 17.8819 18.2084 17.7085 17.8845 18.3289 18.6149 19.0664 18.9194 19.3047 19.7032 20.3834 20.452 20.602 20.8811 20.8855 20.9866 21.4635 21.4925 21.5503 21.568 21.987 21.9982
26.157 26.1682 26.1817 26.1986 26.2198 26.2472 26.2836 26.4497 26.5027 26.5855 26.7302 27.0257 27.6389 27.5468 26.6639 26.1827 26.7098 28.5444 33.253 27.5279 24.552 25.4877 28.7423 33.1601 32.1321 28.1911 32.9805 34.2233 32.1816 29.5194 28.116 25.8282 23.5516 22.109 22.128 20.7874 19.0687 19.0611 19.8556 19.3965 19.4426 18.5571 20.0976 19.8986 19.5228 19.1353 18.9628 18.9477 18.9848 18.7199 18.9174 19.1599 19.3959 20.0929 19.8769 20.0505 20.3794 20.6072 21.1645 21.2153 21.3819 21.3813 21.5159 21.5742 21.9561 21.9994 22.3511 22.3576 22.3621
26.1415 26.1503 26.1609 26.174 26.1904 26.2115 26.2395 26.2777 26.3321 26.5102 26.6066 26.7958 27.2968 26.8599 26.1822 25.8031 25.984 26.6369 28.4559 25.4925 24.9082 24.783 24.6868 24.9897 27.4467 30.3727 32.5294 32.1932 32.217 25.9383 23.9602 25.83 25.6922 22.1654 20.7977 21.3093 21.4068 20.7514 20.368 20.5441 20.4249 20.8999 20.5275 20.8294 20.709 20.4403 20.1249 20.1642 19.8574 19.8958 19.5962 20.3672 20.5285 20.5121 20.9806 21.0267 21.0995 21.2544 21.7837 21.6452 21.6299 22.2512 22.2927 22.3333 22.3492 22.3589 22.3649 22.3688 22.3074
26.1247 26.1306 26.1376 26.1461 26.1564 26.1692 26.1855 26.2065 26.2344 26.2712 26.3161 26.4098 26.2615 26.0078 25.5201 25.4385 25.5681 25.2524 25.1034 25.2774 25.2503 24.9531 24.7282 24.5133 24.4671 24.9688 26.7331 22.7145 29.7251 20.0135 20.1526 23.9084 24.0435 25.9424 23.1541 22.1055 22.0238 21.8233 21.7558 21.394 21.1168 21.2783 21.4779 21.3223 21.319 21.4248 21.2053 20.9059 20.7492 20.8766 21.2861 20.872 21.4211 21.5253 21.464 21.4509 21.7002 21.7993 22.0368 22.1167 22.2889 22.3212 22.3562 22.3684 22.3748 22.3782 22.3178 22.316 22.3144
18.9575 22.1894 22.383 26.1164 26.12 26.1235 26.1267 26.1287 26.1274 26.1184 26.0923 26.0344 25.6907 25.4992 25.3427 24.9196 24.8203 25.0653 25.0176 24.8887 24.9926 24.7722 24.5808 24.6177 23.8919 24.2198 24.9864 21.4646 22.6015 25.6124 26.1835 22.6186 25.4342 24.4192 22.5887 22.5013 22.7055 22.3742 22.3305 22.1817 21.843 21.6772 21.7882 22.1577 22.2039 21.7944 21.8518 22.0406 21.6083 21.5446 21.942 21.846 21.7375 21.878 22.0852 22.1684 21.9404 22.2454 22.4153 22.4178 22.4046 22.5022 22.4074 22.404 22.3416 22.334 22.3282 22.3239 22.2674
12.3553 11.5946 18.5663 22.0374 22.2862 26.0781 26.069 26.0535 26.0268 25.9799 25.8957 25.4122 25.2204 24.727 24.8414 24.7221 24.4845 24.5445 24.6385 24.4143 24.3612 24.471 24.3828 24.264 24.2339 23.7814 23.7483 28.6228 21.3215 21.5362 26.9312 27.2035 23.2774 23.2958 23.0752 23.2268 23.181 23.41 22.7665 22.5329 22.6869 22.4218 22.307 22.4836 22.5475 22.5949 22.3413 22.2368 22.3905 22.2073 22.0359 22.0887 22.0013 22.1377 22.1778 22.2135 22.3066 22.3944 22.478 22.493 22.5035 22.5111 22.4585 22.4369 22.427 22.3635 22.2742 22.262 22.2534
9.0226 9.0189 9.0148 12.4412 15.6738 17.6765 21.5652 25.4471 24.9966 24.9664 24.9091 24.7532 24.441 24.3652 24.2329 24.3621 24.1697 24.0901 23.9944 24.1438 23.9257 23.8507 23.9067 23.8301 23.7974 24.2877 19.9409 20.9299 21.6054 21.3171 22.3446 24.6267 24.2833 23.6497 23.615 23.4989 23.531 23.5278 23.4544 22.9467 22.7104 23.0995 22.9023 22.8081 23.052 22.882 22.6096 22.5107 22.4851 22.2768 22.1742 22.1471 22.1566 22.2429 22.3977 22.4508 22.2821 22.3496 22.4658 22.512 22.5099 22.4682 22.4392 22.3718 22.3577 22.2642 21.912 21.8838 21.8644
9.0194 9.015 9.0102 9.0047 8.9986 8.9915 14.6628 17.4215 18.1614 24.4835 23.9542 23.3221 23.326 23.2256 23.2494 23.58 23.9038 23.5147 23.4136 23.4126 23.7046 23.4971 23.3357 23.3925 23.3934 22.8811 18.9807 19.2196 19.3257 21.059 21.5066 22.3581 23.2879 23.9221 23.8107 23.8439 23.4584 23.3545 23.4188 23.3594 23.0985 23.1341 23.0829 23.0779 23.0385 22.7884 22.4745 22.4723 22.3406 22.3278 22.1891 22.1592 22.2206 22.2065 22.3641 22.3931 22.4026 22.3356 22.3579 22.4549 22.5443 22.38 22.3228 22.1706 22.1434 21.8175 21.7861 21.5562 21.5397
9.0162 9.0112 9.0056 8.9991 8.9914 8.9819 9.9728 9.1509 10.8057 13.4173 19.6163 23.1428 23.0806 23.0207 22.7976 22.6622 22.9284 23.0515 22.7435 23.108 23.2267 23.3496 23.09 23.0313 23.0128 22.5308 21.7838 20.7669 19.2122 20.1058 21.8848 22.6922 22.7212 23.187 23.7108 23.6291 23.351 23.1773 23.2088 23.2007 23.1716 22.9389 22.7964 22.799 22.8886 22.7393 22.4826 22.3351 22.2611 22.1251 22.1155 22.1242 22.0912 22.0957 22.1709 22.3304 22.3175 22.2109 22.2871 22.2706 22.1917 22.1572 22.1198 21.8435 21.7828 21.5436 21.5204 21.5076 21.5007
9.0132 9.0075 9.0011 8.9937 8.9847 8.9729 8.9561 9.9139 9.0921 8.9573 9.3167 15.2587 17.3324 22.6622 22.3049 22.2402 22.7603 22.6015 22.385 22.4975 23.0441 22.5214 22.6152 22.6792 22.8827 22.821 21.0131 20.248 22.2953 20.7238 20.9264 21.9942 22.305 22.842 23.0802 23.0343 23.1306 23.0878 22.9986 22.8304 22.6977 22.5406 22.4948 22.3275 22.5201 22.2955 22.4402 22.2369 21.9978 21.8799 22.0033 21.9745 22.049 22.0698 22.0836 22.1268 22.1849 22.074 21.9768 22.012 22.0214 21.8569 21.5016 21.4085 21.4585 21.4504 21.4511 21.4549 21.4595
9.0104 9.004 8.9967 8.9885 8.9787 8.9657 8.9452 9.8281 9.1306 8.9862 7.4745 7.0499 11.6723 12.5372 18.6087 19.3026 22.3494 22.4835 21.745 22.2372 23.1573 22.839 22.296 22.2303 22.2126 22.5018 22.5861 19.0673 19.8056 20.4256 20.7877 21.0935 21.9019 22.2021 22.8334 22.6855 22.3955 22.3387 22.5021 22.1326 21.9831 21.9054 22.0419 22.0162 21.8107 21.9337 22.0201 21.8892 21.8235 21.769 21.7969 21.882 21.7219 21.9022 22.0252 21.8893 21.7571 21.8012 21.7539 21.5961 21.5749 21.424 21.2934 21.2616 21.0542 21.0173 21.0072 20.6847 20.6679
9.0079 9.0006 8.9923 8.9829 8.9725 8.9601 8.9412 8.8973 9.6222 8.9708 8.8587 6.9648 7.6176 8.958 11.6156 14.8694 21.2134 21.2262 21.3666 21.2863 24.9828 22.3622 21.7996 22.0512 21.7629 21.7442 21.1654 21.5134 18.9318 19.4009 20.3946 20.4871 20.8458 21.4719 21.6531 22.0509 21.8354 21.6016 21.4602 21.6578 21.542 21.3816 21.2031 21.5703 21.5101 21.3968 21.4535 21.7192 21.4835 21.5137 21.5942 21.5507 21.4779 21.4107 21.727 21.5993 21.432 21.249 21.3449 21.1683 21.0511 20.9858 20.8379 20.7537 20.7228 20.6892 20.6654 20.5141 20.5013
