normal_rasters/0772100000297765.ascii
ncols 115 
nrows 101 
xllcorner 159468.963013
yllcorner 383947.786987
cellsize 0.25
nodata_value -9999 
[rows 31 to 61 of 101, columns 0 to 70 of 115]
21.6529 21.6556 21.664 21.6831 21.7223 21.798 22.8268 22.7623 22.5896 23.4784 21.1834 20.5445 18.3227 17.8875 16.6351 17.075 15.7147 14.609 14.8652 13.4286 13.3752 12.9985 12.836 11.9072 12.1984 11.9357 10.8459 11.2255 10.51 10.1153 10.0923 10.245 8.9076 9.1542 8.2791 7.6335 7.2427 5.9949 5.7537 5.1866 5.1333 4.6092 4.3347 3.4042 3.3389 3.1316 2.799 3.1679 3.0155 3.4021 3.4967 3.4272 3.4583 3.6774 3.8613 3.9668 3.861 3.5772 3.5612 3.194 2.7526 2.4606 2.1622 1.763 1.4707 1.3272 1.3182 1.3236 1.3958 1.2572 1.1704
19.4571 19.468 19.4874 19.5225 19.5887 19.7205 19.9946 20.6455 20.8827 20.2935 18.5616 17.7587 17.2283 15.9214 14.0498 13.2732 13.1313 12.9167 12.1237 11.9025 11.1043 11.4087 10.5422 11.1095 10.9191 10.1927 9.8864 9.6776 9.1928 9.3692 9.1044 8.3882 8.1423 7.9731 7.0455 6.4824 5.8247 5.3369 5.2058 4.2178 3.2106 3.8478 3.5923 2.4593 2.2372 1.9997 2.1632 2.8636 2.763 2.5305 2.4457 2.8846 2.9873 3.222 3.3789 3.6478 3.6751 3.4561 3.2341 3.0539 2.604 2.3955 2.0652 1.7293 1.4495 1.3186 1.2634 1.2534 1.2232 1.0826 1.0818
15.7159 17.4019 17.4154 17.438 17.4798 17.5663 17.7672 17.8376 17.7723 17.9881 17.5427 16.0256 14.4129 13.2552 12.7352 11.5948 11.4262 11.7776 11.2743 10.7797 10.1529 9.6566 9.767 9.8817 9.2974 9.0098 8.8998 8.3904 8.7473 8.327 8.1354 7.9631 7.4794 6.8949 6.768 5.6807 4.9214 4.3279 3.0592 3.2228 2.4199 1.7775 2.2889 1.8671 1.6039 1.6752 1.6694 1.6281 2.1491 1.9977 2.0257 2.304 2.6262 2.9809 3.2266 3.303 3.5031 3.3715 3.0874 2.9987 2.5571 2.3315 2.0493 1.8342 1.489 1.226 1.146 1.1663 1.1481 1.0218 0.9752
15.5974 15.611 15.6284 15.6511 15.6799 15.7113 15.7214 15.9324 15.4819 16.3538 15.7425 13.9686 13.1065 12.059 11.5269 10.9828 10.6526 9.0283 9.6681 9.0988 8.7288 8.908 9.1354 8.9751 8.4083 8.3052 8.2852 7.5654 7.5755 7.8434 7.6008 6.8322 6.4968 6.0945 5.5597 4.5581 4.4115 3.468 2.7252 2.0518 1.6488 1.5523 1.3692 1.4015 1.4252 1.3013 1.3706 1.5311 1.4148 1.789 1.819 2.0288 2.2673 2.6597 3.0589 3.2649 3.4637 3.3226 3.137 2.8434 2.5848 2.2785 2.0101 1.7463 1.45 1.1438 0.9192 0.947 0.9923 0.9555 0.8496
15.4789 15.458 15.4248 15.3699 15.2761 15.1116 13.9838 14.1133 13.7971 14.1652 13.2225 12.4927 11.764 10.65 10.2311 9.9012 8.5433 8.2654 8.2895 8.4279 8.3105 8.3402 8.3741 8.2856 7.6164 7.7708 7.5984 7.2504 6.8854 6.6516 6.7864 6.0801 5.5071 5.1636 4.92 4.0752 3.3226 2.4987 2.1715 1.6256 1.4634 1.1427 1.0992 1.1291 1.1268 1.0476 1.1865 1.2667 1.3556 1.4056 1.7118 1.7916 2.1344 2.3192 2.6463 3.0409 3.3132 3.3515 3.1614 2.7702 2.6153 2.2218 1.9538 1.6196 1.325 1.0537 0.8663 0.8281 0.7941 0.7119 0.6528
15.3701 15.3211 13.7234 13.6631 13.6414 13.5897 13.4679 12.9183 12.8296 11.9234 11.5558 11.5919 9.9217 9.3086 8.6732 8.8181 8.011 7.8141 7.5266 7.2504 7.6806 8.0476 8.1025 7.6856 7.3368 6.9764 6.8098 6.5006 6.4769 6.4885 5.3676 5.3721 4.9095 3.9712 3.7029 3.7088 3.1064 2.4501 1.6632 1.4548 1.1441 0.9952 0.9392 0.7705 0.8446 0.8299 0.8581 1.0623 1.2389 1.269 1.3675 1.6235 1.9758 2.3537 2.5247 2.8368 3.1815 3.271 3.1484 2.8257 2.6536 2.1393 1.8962 1.5692 1.105 0.9278 0.6332 0.7237 0.7138 0.6451 0.5713
13.6467 12.9691 12.5371 12.0168 12.0371 12.0673 12.1165 12.2009 11.5908 11.2977 10.4814 10.2857 9.2104 8.725 8.1992 7.8495 7.7766 7.468 6.7838 6.9178 6.8306 6.8773 6.9495 6.8679 6.357 6.578 6.3843 5.6547 5.3285 5.2725 5.0801 4.6215 3.9579 3.6614 3.3219 3.0076 2.2579 2.0281 1.6622 1.3854 0.9457 0.7376 0.5598 0.452 0.5055 0.6654 0.7204 0.7862 1.0549 1.1801 1.3825 1.5771 1.8478 2.1172 2.5238 2.7376 3.0746 3.144 3.0487 2.9043 2.4401 2.1916 1.7901 1.4332 0.962 0.5957 0.5078 0.4837 0.5326 0.5 0.4372
11.3935 11.3978 11.4033 11.4101 11.2069 11.2173 11.2154 11.3418 10.9191 11.0663 10.552 9.4213 9.1033 8.2181 7.8518 7.3852 6.9289 6.4123 6.2827 6.0278 6.2183 6.5499 5.9698 5.9237 5.8354 6.1527 5.2162 5.2146 4.993 4.7942 4.7886 4.0 3.646 3.2723 2.9063 2.5078 2.0 1.8901 1.3558 1.1307 0.8999 0.6445 0.3989 0.1607 0.3282 0.4827 0.7397 0.8231 0.9125 1.2181 1.312 1.5754 1.7412 2.0632 2.347 2.7709 3.009 3.0514 3.036 2.8267 2.3371 2.0226 1.632 1.195 0.9235 0.4564 0.3768 0.3592 0.4115 0.43 0.3464
10.5601 10.5553 10.5475 10.5344 10.5126 10.4787 10.2437 10.4403 10.881 10.1523 9.8173 9.2554 8.5742 7.6917 7.4329 6.4752 6.0167 5.7234 5.8285 5.3595 5.1352 4.723 5.3598 4.809 4.8882 4.6148 4.2479 4.4052 4.4378 4.2834 3.9253 3.5816 3.385 2.8367 2.6129 2.3996 1.9088 1.3875 1.3367 1.144 0.855 0.5798 0.3449 0.1352 0.3662 0.485 0.6479 0.9516 1.1609 1.3232 1.4179 1.5778 1.7667 2.1645 2.4356 2.6792 2.926 3.0479 3.0045 2.6548 2.457 2.0538 1.4482 1.0921 0.7765 0.3684 0.225 0.2026 0.316 0.3468 0.3123
10.4984 10.4773 10.4461 10.3989 10.325 9.6559 9.5972 9.3803 9.1361 8.8569 8.877 7.7045 7.1592 7.0666 6.4674 5.7879 5.4487 4.3279 3.9894 4.5464 3.8958 3.8826 4.1562 4.4 4.392 3.6943 3.6219 4.0282 3.8885 4.0172 3.4522 3.2077 2.9099 2.5626 2.4324 2.0729 1.961 1.4147 1.2824 1.2166 1.0075 0.724 0.606 0.5283 0.5255 0.623 0.8655 0.9862 1.247 1.3033 1.5174 1.7231 2.0386 2.1939 2.5311 2.7613 2.9679 3.0858 2.897 2.6595 2.4973 2.2292 1.343 1.0248 0.6667 0.4424 0.3619 0.2088 0.2281 0.3549 0.3738
9.1794 9.183 9.1858 9.1864 9.1801 9.4949 9.3341 8.5817 8.2585 7.8436 7.6637 7.1394 6.3885 5.1221 5.5374 4.428 3.7972 3.7431 3.1331 3.4725 3.7546 3.7936 3.8771 3.5175 3.7424 3.4331 3.3377 3.4833 3.6361 3.5751 3.4092 3.1821 2.6785 2.5789 2.4459 2.0958 1.907 1.7341 1.3888 1.2143 1.2001 1.0132 0.8498 0.7293 0.8759 0.93 0.9118 1.0617 1.3948 1.5389 1.71 1.905 2.2222 2.3655 2.6691 2.9655 3.0384 3.0968 2.9844 2.7481 2.4713 2.1465 1.6588 1.1361 0.7995 0.4427 0.3421 0.3804 0.4734 0.5502 0.5681
11.1538 9.613 9.5868 9.5459 8.4916 8.427 7.2316 7.0177 6.8551 6.4538 5.3954 5.0508 5.0363 3.9125 2.8474 2.6791 2.8596 3.1042 2.9821 2.7538 2.3667 2.8561 2.8883 3.1117 3.2888 3.092 2.9802 3.0527 3.1881 3.3964 3.3661 3.0855 2.8131 2.5859 2.4809 2.4373 1.8684 1.8248 1.6199 1.5451 1.3965 1.2992 1.1396 1.1168 0.9516 0.9581 1.2418 1.4965 1.6419 1.8384 1.935 2.2631 2.3901 2.6681 2.9543 3.0562 3.137 3.179 2.982 2.9132 2.5239 1.8957 1.6592 1.2821 0.9293 0.6056 0.4413 0.5033 0.5963 0.6556 0.737
9.4423 9.4447 9.4452 9.4407 9.4244 9.3772 9.2362 8.2853 6.5523 6.1268 4.9348 3.9078 3.3916 3.8834 2.1074 2.1692 2.5296 2.379 2.2833 1.9837 1.8794 2.2375 2.2796 2.5132 2.6545 2.9664 2.8402 2.931 3.0241 3.2156 3.2424 3.1085 2.8927 2.7881 2.6855 2.3249 2.2735 1.9067 1.8638 1.7487 1.5341 1.3366 1.209 1.1937 1.5048 1.3308 1.5213 1.7804 1.8265 1.9973 2.3175 2.5602 2.6045 2.96 3.1056 3.2611 3.2351 3.1854 3.1032 2.786 2.5787 2.0348 1.4903 1.268 0.974 0.7645 0.7927 0.68 0.7113 0.7461 0.8644
9.3655 9.3901 9.423 9.0022 9.0589 9.1386 9.2524 9.3854 9.094 6.3465 4.9513 3.8401 4.0099 3.6504 3.0597 2.8824 2.2081 1.8275 1.4509 1.33 1.1925 1.7212 2.0745 2.0817 2.498 2.6919 2.7631 2.7808 2.8739 3.0377 3.2365 3.1885 3.0009 2.8249 2.7472 2.527 2.3782 2.209 2.023 1.968 1.8176 1.7411 1.7633 1.6526 1.6548 1.8581 1.9133 2.0783 2.2294 2.4542 2.5437 2.7136 2.9921 3.1261 3.2091 3.343 3.4479 3.3322 3.1793 2.7527 2.4842 1.8557 1.6408 1.2382 1.0166 0.918 0.8579 0.9128 0.9079 0.874 0.9548
8.5249 8.5647 8.6191 8.6975 8.8181 9.022 9.4161 10.3318 12.905 7.1174 4.2577 4.0153 3.6406 3.1488 2.7689 2.3705 1.5056 1.2088 0.779 0.7977 0.9922 1.2746 1.5699 2.0665 2.182 2.572 2.6556 2.7604 2.8361 2.8981 3.0841 3.1859 3.1259 2.9487 2.8001 2.6998 2.6549 2.5176 2.275 2.253 2.2808 2.0163 2.1266 2.2118 2.1695 2.1953 2.2425 2.2854 2.5384 2.6093 2.9415 3.0781 3.222 3.4549 3.5224 3.5182 3.4742 3.3832 3.1232 2.6557 2.2487 2.0223 1.534 1.3107 1.1231 1.0299 0.9666 0.9826 1.0077 0.9853 1.0
8.1034 8.1375 8.1824 8.2436 8.3308 8.4608 8.6226 8.8503 8.3603 5.4678 3.8393 3.5461 2.8862 2.5794 2.4131 1.6867 1.1249 0.9952 0.6149 0.492 0.8238 1.0685 1.2931 1.7546 2.1268 2.1851 2.4503 2.5895 2.7448 2.9335 3.0719 3.1622 3.2187 3.1627 3.0819 2.8857 2.7231 2.6878 2.6043 2.4587 2.4339 2.6493 2.4028 2.36 2.5004 2.5331 2.5485 2.7578 2.9494 2.9963 3.2084 3.3686 3.5501 3.6862 3.7864 3.7488 3.4793 3.3798 3.0588 2.5919 2.2405 1.8184 1.5019 1.3288 1.1006 1.0844 1.0376 1.005 1.0609 1.068 1.0773
7.6659 7.6604 7.6466 7.6166 7.553 7.4148 7.0954 5.2025 4.2653 3.548 3.3764 2.8551 2.6201 2.2828 2.0155 1.4497 1.1647 0.7671 0.511 0.509 0.578 0.7416 1.1884 1.2937 1.6933 2.0322 2.309 2.5212 2.5555 2.8749 2.9493 3.2798 3.3143 3.2836 3.2201 3.1505 3.0314 2.8379 2.8642 2.8494 2.7283 2.826 2.9286 2.5904 2.7539 2.828 2.8337 3.1388 3.1091 3.4639 3.5708 3.5939 3.7721 3.8647 3.8385 3.8163 3.6354 3.1637 2.8928 2.4474 2.0863 1.778 1.4425 1.26 1.1887 1.0926 1.0746 1.0451 1.0951 1.0936 1.0916
7.4968 7.4481 7.3738 7.2564 7.0639 5.3127 5.0019 3.5439 3.5619 3.515 3.1494 2.7529 2.4717 2.1757 1.8049 1.4334 1.1287 0.7359 0.6091 0.5142 0.4679 0.656 0.9757 1.1648 1.3459 1.7403 2.084 2.3107 2.5921 2.7041 2.8906 3.1213 3.2909 3.4289 3.4131 3.3017 3.2508 3.2172 3.093 3.0595 3.1843 2.9225 3.038 3.303 3.116 3.0663 3.3302 3.3361 3.4721 3.7471 3.7503 3.9696 3.9909 3.9002 3.7431 3.6236 3.5233 3.0558 2.6596 2.2893 1.9731 1.6918 1.4019 1.2229 1.1835 1.0872 1.0729 1.0683 1.1414 1.1086 1.1089
7.3448 5.1686 5.1178 5.0401 3.2279 3.5272 3.5283 3.5277 3.5232 3.4034 3.2524 2.8531 2.5308 2.2768 1.8306 1.1841 0.6832 0.6302 0.6161 0.5174 0.507 0.5055 0.6994 0.9565 1.2016 1.5593 1.9716 1.9978 2.4497 2.6364 2.784 3.0555 3.2918 3.3862 3.4773 3.4688 3.4656 3.3598 3.3347 3.3218 3.3567 3.4153 3.4376 3.42 3.5228 3.5651 3.675 3.7452 3.9011 4.0803 4.0399 4.0402 3.9156 3.8031 3.6682 3.4709 3.1899 2.8863 2.4864 2.1903 1.8416 1.5547 1.3447 1.224 1.2026 1.1655 1.1715 1.1292 1.2029 1.2402 1.2615
2.7834 2.7826 2.7806 2.7082 2.7095 2.7099 2.7071 2.6841 2.7183 3.1425 3.2424 2.9152 2.5801 2.3244 1.2866 0.9049 0.6882 0.6328 0.5799 0.5116 0.502 0.509 0.5689 0.791 1.0641 1.3867 1.6556 1.9827 2.1283 2.5386 2.7116 2.9142 3.2373 3.3299 3.4393 3.4955 3.5393 3.5549 3.6447 3.6241 3.592 3.6683 3.6417 3.7612 3.822 3.8662 3.9357 3.9995 4.1019 4.184 4.0166 4.0778 3.8071 3.7492 3.623 3.2779 3.012 2.6959 2.2793 2.0068 1.6964 1.5137 1.3165 1.2457 1.2238 1.2184 1.2213 1.1901 1.2038 1.2782 1.3494
2.6717 2.6649 2.655 2.6397 2.6155 2.5604 2.507 2.4139 2.2779 2.394 2.8586 2.7213 1.8238 1.4935 0.9545 0.855 0.7278 0.6153 0.5424 0.5182 0.4404 0.4624 0.5865 0.7252 1.0198 1.2143 1.3109 1.6981 2.0738 2.1877 2.5636 2.821 2.9385 3.3325 3.4153 3.4266 3.5666 3.6106 3.6588 3.6839 3.7323 3.8909 3.8797 3.8878 3.9927 4.0393 4.1601 4.1252 4.072 3.971 3.9026 3.8716 3.6422 3.5272 3.3797 3.1248 2.7283 2.4076 2.1129 1.888 1.5867 1.3822 1.3195 1.315 1.2611 1.2525 1.3199 1.3047 1.274 1.3224 1.3938
2.2562 2.2483 2.2374 2.2222 2.2006 2.1379 1.856 1.8751 1.8779 1.7191 1.8438 1.7168 1.344 1.101 0.9989 0.7778 0.7836 0.6854 0.5402 0.4766 0.4196 0.4656 0.5061 0.5768 0.8091 0.9555 1.2196 1.5269 1.9498 2.0501 2.3637 2.6882 2.774 3.103 3.1461 3.2803 3.4637 3.6194 3.6649 3.6653 3.7472 3.942 3.8166 3.7612 4.0084 3.8954 3.8397 4.0809 3.994 3.731 3.7295 3.6063 3.5299 3.3533 3.0755 2.8032 2.4841 2.2605 1.9163 1.6435 1.4643 1.3325 1.2721 1.2464 1.3095 1.31 1.3361 1.4082 1.421 1.4085 1.425
1.8295 1.8285 1.8273 1.8259 1.824 1.8214 1.8176 1.7901 1.7711 1.4149 1.2687 1.2839 1.2168 1.116 1.0157 0.7966 0.731 0.6783 0.5686 0.4585 0.4468 0.489 0.4895 0.5441 0.7642 0.7974 0.8848 1.2002 1.6928 1.8473 2.1202 2.2969 2.5849 2.7814 3.0197 3.2633 3.3192 3.4099 3.6271 3.592 3.5602 3.5591 3.7015 3.6995 3.6184 3.7225 3.7138 3.5332 3.6901 3.6376 3.4399 3.3272 3.2823 3.0927 2.8011 2.5181 2.2702 2.0356 1.7929 1.5138 1.3687 1.3102 1.2247 1.2221 1.3122 1.3259 1.3576 1.4262 1.4347 1.4349 1.4369
1.8172 1.8134 1.8082 1.8009 1.7902 1.7734 1.7451 1.437 1.4401 1.4335 1.2651 1.1957 1.2166 1.1013 0.9824 0.8469 0.7462 0.6601 0.6093 0.5484 0.5367 0.5586 0.5398 0.5803 0.6364 0.755 0.932 1.0146 1.193 1.4818 1.8696 2.048 2.3841 2.6294 2.6373 2.839 3.1775 3.1126 3.2453 3.4815 3.4512 3.3851 3.4024 3.5135 3.5096 3.4308 3.4398 3.4219 3.3383 3.3465 3.2594 3.1468 3.0402 2.7397 2.4854 2.206 2.003 1.8977 1.6318 1.3513 1.2138 1.2405 1.2193 1.216 1.2663 1.3092 1.3279 1.3797 1.4274 1.4355 1.4393
1.4077 1.4078 1.3934 1.3941 1.3951 1.3672 1.3741 1.3876 1.4168 1.4069 1.312 1.1852 1.0542 1.0312 0.9758 0.9306 0.7632 0.6859 0.6449 0.6165 0.5836 0.582 0.5624 0.5977 0.6676 0.7371 0.8755 1.0354 1.2068 1.2866 1.467 1.8477 1.9038 2.2781 2.4522 2.5854 2.6987 2.9241 3.0763 3.0001 3.2641 3.1924 3.2568 3.1597 3.0595 3.2526 3.2869 3.2788 3.0392 3.0973 2.9852 2.8126 2.6654 2.4311 2.1925 1.9612 1.829 1.5149 1.3393 1.2533 1.1397 1.1904 1.1596 1.1923 1.2106 1.263 1.3183 1.3287 1.4069 1.4357 1.448
1.4112 1.4106 1.4096 1.3569 1.3577 1.3585 1.3592 1.3584 1.3511 1.3533 1.3889 1.3795 1.1162 1.0335 1.0163 0.8609 0.8029 0.7447 0.6533 0.6731 0.6752 0.6069 0.6461 0.6781 0.7258 0.8153 0.8377 0.8547 1.0549 1.2383 1.264 1.4925 1.784 1.8232 2.0528 2.1627 2.3551 2.3504 2.5353 2.7777 2.7675 2.8944 3.0038 2.9515 2.9998 2.9899 3.1228 3.0578 2.8906 2.7252 2.7354 2.4785 2.256 2.0769 1.7701 1.6148 1.4383 1.3455 1.1637 1.0135 1.0402 1.1052 1.0878 1.1197 1.1982 1.296 1.3175 1.3587 1.426 1.4362 1.438
1.412 1.4114 1.4105 1.4092 1.407 1.4032 1.3961 1.3843 1.3662 1.255 1.5099 1.6325 1.4505 1.1597 1.1463 0.8716 0.8128 0.8192 0.7101 0.7211 0.7485 0.6956 0.6894 0.7977 0.8502 0.8549 0.8537 0.8536 0.8128 1.0568 1.1975 1.3161 1.4252 1.6319 1.714 1.8004 2.0168 2.1295 2.2147 2.3381 2.5146 2.5415 2.5481 2.7299 2.6663 2.8445 2.7713 2.5579 2.6426 2.2323 2.1778 2.0336 1.9142 1.6592 1.519 1.1531 0.9825 1.0067 0.9876 0.9642 0.9752 1.0154 1.0776 1.089 1.1237 1.2768 1.3163 1.3375 1.4112 1.416 1.4206
1.5447 1.5425 1.4123 1.4471 1.4459 1.4442 1.4388 1.4365 1.4343 1.4661 1.5065 1.8159 1.7876 1.2401 1.0658 0.9778 0.8448 0.7684 0.7346 0.7736 0.7732 0.8377 0.8575 0.8575 0.8635 0.8502 0.8274 0.8411 0.7443 0.7493 0.9458 0.9493 1.1667 1.3654 1.5255 1.6814 1.7157 1.6891 1.856 1.9145 2.0085 2.2343 2.3681 2.2444 2.1103 2.2455 2.31 2.0796 2.0227 1.9763 1.7024 1.5913 1.522 1.2219 0.9246 0.882 0.8535 0.7713 0.8539 0.8944 0.9666 0.9758 1.0178 1.0764 1.0837 1.1038 1.2182 1.2251 1.3209 1.3306 1.3618
2.2433 2.2446 2.2463 2.2574 2.2504 2.2375 2.2934 2.1357 1.5949 1.605 1.7484 1.7812 1.6323 1.5351 1.099 0.9617 0.8747 0.6968 0.6656 0.7767 0.9176 0.9357 0.8532 0.8555 0.8516 0.7858 0.7475 0.7662 0.7172 0.731 0.7311 0.8325 0.8666 0.9709 1.2245 1.2468 1.3913 1.4825 1.59 1.6744 1.6698 1.596 1.7578 1.9501 1.8714 1.8787 1.7353 1.8701 1.6591 1.4112 1.4042 1.1702 0.8297 0.8943 0.8384 0.7718 0.7027 0.6849 0.7652 0.7987 0.852 0.9628 0.9731 1.0085 1.069 1.0731 1.0986 1.1244 1.1284 1.2136 1.2166
2.3872 2.3923 2.399 2.4084 2.4219 2.4415 2.47 2.5734 2.5347 2.2994 2.0989 1.8487 1.6134 1.5115 1.3439 0.9845 0.863 0.6744 0.7216 0.7636 0.8353 0.7473 0.7403 0.7059 0.7601 0.703 0.6923 0.7375 0.6595 0.6486 0.6418 0.7194 0.7324 0.7393 0.9769 1.1135 0.9977 1.0795 1.2173 1.2208 1.366 1.3959 1.347 1.5384 1.5322 1.3015 1.2183 1.1699 1.2888 1.1452 0.8723 0.7879 0.7364 0.744 0.7586 0.741 0.6937 0.6536 0.6922 0.7314 0.7281 0.7767 0.9111 0.9641 0.9326 0.9365 0.9528 0.9956 0.9748 0.9972 1.1082
2.4479 2.4638 2.4763 2.6301 2.6455 2.6698 2.6058 2.7306 2.9443 3.9072 3.0693 1.7642 1.5603 1.4528 1.3318 1.1025 0.8919 0.7146 0.7307 0.7281 0.6378 0.6378 0.672 0.6257 0.6458 0.6562 0.6252 0.64 0.6259 0.626 0.6387 0.6991 0.626 0.7144 0.7388 0.8529 0.9025 0.9496 0.9407 0.9804 1.0515 1.0857 1.0505 1.0511 1.071 1.0216 1.0641 0.8043 0.7595 0.6483 0.7013 0.6634 0.6574 0.6742 0.7028 0.6585 0.6478 0.6474 0.6474 0.6626 0.6621 0.654 0.7778 0.8156 0.8129 0.7825 0.7803 0.7641 0.8215 0.7614 0.8948
