normal_rasters/0772100001002377.ascii
ncols 66 
nrows 83 
xllcorner 158338.34201
yllcorner 383906.496002
cellsize 0.25
nodata_value -9999 
[rows 0 to 30 of 83, columns 0 to 65 of 66]
20.4224 20.4549 20.4938 20.5402 20.5952 26.4668 26.4762 26.5458 27.0769 27.051 27.0185 28.6232 23.1391 23.1286 22.7628 21.1688 21.0318 20.8688 20.0432 19.7052 13.8821 13.8477 13.1447 13.0723 13.0005 12.9336 11.3293 11.1447 9.7574 9.6855 9.6235 9.5716 7.931 7.9119 7.1984 7.1754 6.8202 5.2568 4.2097 4.1946 3.7317 3.7203 3.7107 2.7974 2.7933 2.7899 1.9405 1.9372 1.9343 1.8491 1.8486 1.8481 3.3402 3.3589 15.2306 22.5353 25.1403 26.3787 26.3775 26.3763 26.375 26.186 26.1718 26.1586 26.1463 26.1349
20.3644 20.394 20.4305 20.475 20.5288 20.5934 20.4276 26.4856 26.5691 27.0922 27.0614 27.0217 23.1705 23.1628 22.8372 22.7527 21.1281 20.9404 20.7191 19.735 13.9026 13.8603 13.1633 13.0733 12.9843 12.9028 11.3224 9.8354 9.7393 9.6561 9.587 9.5316 7.9165 7.2042 7.1758 6.8172 5.2588 5.2459 4.1958 3.7309 3.7176 3.7066 2.7962 2.7916 2.7877 1.9399 1.9363 1.9331 1.8484 1.8478 1.8474 3.3403 5.7119 19.5657 22.5303 25.1402 26.3826 26.3813 26.3799 26.3785 26.377 26.1758 26.1613 26.148 26.1356 26.1242
20.3009 20.3268 20.3597 20.4009 20.4521 20.5152 20.5922 20.438 26.4981 26.6001 27.1119 27.0747 28.6768 23.2036 23.192 22.8458 22.7261 21.047 20.7811 19.7965 13.9314 13.8787 13.1882 13.0733 12.9603 11.4255 11.307 9.8238 9.7083 9.6127 9.5371 7.923 7.8971 7.1761 6.8129 5.2615 5.2456 4.1974 3.7297 3.7141 3.7014 2.7947 2.7894 2.7851 1.9392 1.935 1.8482 1.8475 1.8469 1.5195 3.3407 4.5642 14.5399 22.5238 25.1397 26.3869 26.3855 26.384 26.3824 26.3807 26.1803 26.1645 26.1499 26.1364 26.124 26.1126
20.2322 20.2531 20.281 20.3174 20.3642 20.4238 20.4987 20.5921 20.4534 26.5154 26.6423 27.1381 27.0924 28.642 23.2469 23.2285 22.8444 21.2069 20.8868 19.9113 13.973 13.9065 13.2231 13.0717 12.9238 11.4276 11.2771 9.796 9.6573 9.5493 7.9328 7.8975 7.1764 6.8066 5.2651 5.2452 4.1995 3.7281 3.7094 2.8001 2.7926 2.7866 1.9437 1.9381 1.9334 1.8471 1.8464 1.8458 1.5195 3.3414 4.5675 14.5275 22.5154 22.5629 25.1594 26.3902 26.3885 26.3867 26.3849 26.1854 26.168 26.1519 26.1372 26.1237 26.1113 26.1
16.1888 20.1731 20.1945 20.2243 20.2646 20.318 20.3881 20.4786 20.594 20.477 26.5399 28.4477 28.4517 27.1169 23.3134 23.3062 23.274 22.8158 21.0663 20.565 19.234 13.951 13.275 13.0672 12.8656 11.4161 9.9518 9.7398 9.5756 7.9487 7.8979 7.1763 6.0269 5.2703 5.2445 4.2022 3.7257 3.7029 2.7988 2.7899 2.7829 1.9431 1.9367 1.9313 1.8458 1.845 1.5194 1.5196 2.8583 4.5718 15.98 22.5044 22.5583 25.1603 26.3954 26.3936 26.3916 26.3895 26.1913 26.172 26.1543 26.1381 26.1233 26.1098 26.0976 26.0865
16.184 16.1785 16.1728 20.1216 20.1527 20.1971 20.2585 20.3419 20.4532 20.5995 20.5139 26.5759 28.4583 28.4634 27.153 23.4043 23.3916 23.3274 22.7086 20.7182 19.2921 14.0261 13.863 13.0587 12.7672 11.3735 9.9034 9.6343 7.9769 7.8979 7.1754 6.0311 5.2781 5.2435 4.2061 3.7219 3.4266 2.7969 2.7862 2.778 1.9423 1.9347 1.9286 1.8441 1.8433 1.5194 2.8409 4.5406 4.5774 15.9518 22.49 22.5518 25.1606 26.4013 26.3993 26.3971 26.3947 26.198 26.1766 26.1569 26.1391 26.1228 26.1081 26.0948 23.3374 23.3115
15.5177 15.5203 16.1664 16.1595 16.1525 20.0608 20.109 20.1797 20.2803 20.4204 20.6116 20.5741 26.631 28.471 28.4773 28.7719 23.5502 23.5236 23.0548 21.0505 19.543 14.1586 13.9293 13.0504 11.7012 10.252 9.7751 8.0346 7.8966 7.1719 6.0387 6.0099 4.9834 4.3986 3.7161 3.4214 2.794 2.7809 2.7712 1.941 1.932 1.8431 1.8419 1.5191 1.5194 2.8414 4.5431 6.9348 15.9161 22.4712 22.5426 25.1602 26.408 26.4058 26.4033 26.4006 26.2058 26.1818 26.1599 26.1401 26.1222 26.106 26.0915 23.3326 23.3045 17.653
15.5043 15.5058 15.5081 15.5117 16.1436 16.135 16.1263 19.9909 20.072 20.1952 20.3766 20.6364 20.6776 26.7195 28.4858 28.4922 23.7435 23.8201 23.7434 22.7901 19.6108 14.3926 14.1109 13.1039 11.5795 10.1363 8.1798 7.8911 7.7646 6.054 6.0073 4.9879 4.3975 3.444 3.4139 2.7896 2.7732 2.7617 1.9389 1.9282 1.8403 1.8391 1.5189 1.5193 2.8426 4.5469 6.9344 6.9945 22.4465 22.5298 25.1587 26.4157 26.4133 26.4104 26.4074 26.2149 26.1879 26.1634 26.1413 26.1214 26.1035 26.0876 23.3268 23.2962 17.6498 14.214
15.4904 15.4903 15.4911 15.4928 15.4959 15.5007 16.1132 16.1022 16.0917 19.9192 20.0721 20.3152 20.6872 20.8686 26.8705 28.5002 28.4971 24.1872 24.4658 24.0384 19.4879 14.8162 14.4368 13.8878 10.9647 9.6799 7.8682 7.6279 6.09 6.0032 4.9956 4.3936 3.4455 3.4022 2.7823 2.7614 1.9529 1.9356 1.9225 1.8363 1.5179 1.5186 1.5192 2.8449 4.5528 6.9344 7.0042 18.8949 22.5119 25.1556 25.193 26.4219 26.4186 26.4151 26.2257 26.195 26.1673 26.1425 26.1203 26.1006 26.083 23.3199 17.6597 17.6461 14.2123 14.2004
15.4759 15.4742 15.4731 15.4726 15.4732 15.4753 15.4794 15.4865 16.0709 16.057 19.6918 19.8833 20.2239 20.7953 26.4542 28.5271 28.5033 28.4062 25.283 27.1841 21.3885 15.4585 14.1945 12.4871 9.0502 7.8137 7.2711 6.1962 5.9964 5.01 4.9194 3.4496 3.3825 2.7695 2.7423 1.9525 1.9301 1.7224 1.6623 1.517 1.518 1.5189 3.5531 5.2703 6.9351 10.2077 18.8505 22.4871 22.5893 25.1947 26.4319 26.4282 26.4242 26.4198 26.2034 26.1719 26.1439 26.119 26.0969 26.0775 23.3117 17.6565 14.2245 14.2102 12.6147 11.9723
15.4611 15.4577 15.4545 15.4516 15.4493 15.4479 15.448 15.4504 15.4561 15.4672 16.0087 15.993 19.5721 20.0761 21.0438 22.3169 27.628 27.5768 27.0092 17.2243 23.6496 13.5879 12.1683 9.4664 8.1523 7.0323 6.4648 5.9889 5.0369 4.2652 3.4597 2.962 2.745 2.364 1.9507 1.9208 1.7155 1.6591 1.5155 1.5171 1.5185 4.0064 5.27 5.3305 7.9797 18.7897 22.4522 22.5754 25.1951 26.4438 26.4395 26.4348 26.4297 26.2135 26.1773 26.1454 26.1172 26.0925 26.0709 23.3016 17.6527 14.2234 14.2076 12.6118 11.9679 9.8383
15.4463 15.441 15.4356 15.43 15.4245 15.4193 15.4147 15.4113 15.4099 15.412 15.4202 17.0663 15.9123 15.9118 19.8047 22.7451 24.1285 26.1953 25.8795 18.6799 18.2791 13.2692 11.5536 8.6129 8.011 6.5842 5.7377 5.0442 4.3846 4.0551 2.9291 2.3749 2.3473 2.1819 1.7248 1.7039 1.6541 1.5128 1.5156 1.9519 4.004 5.2711 5.3447 7.9832 10.2889 22.4027 22.5536 25.1933 26.458 26.4531 26.4474 26.4413 26.2256 26.1838 26.147 26.115 26.0871 26.0629 17.6684 17.6481 14.222 14.2044 12.6081 11.9625 9.8364 9.8275
15.4318 15.4246 15.4168 15.4085 15.3997 15.3903 15.3806 15.3706 15.361 15.3523 15.3462 15.3451 15.3542 16.6779 15.7822 20.5011 23.6164 25.6675 27.7223 20.0814 15.2376 10.5623 8.719 8.1437 5.9959 5.7668 5.35 4.8567 3.3559 2.8511 2.3581 2.3055 2.1498 1.7119 1.4009 1.5021 1.5081 1.5132 2.6514 4.0027 4.0572 6.0481 7.9881 10.2928 18.8684 22.5199 25.1881 25.2553 26.4695 26.4627 26.4553 26.2406 26.1915 26.1489 26.112 26.0803 26.0531 17.665 17.6423 14.22 14.2006 12.6036 9.845 9.8341 8.4498 5.6533
13.121 13.1352 13.1517 13.171 13.1938 13.2212 15.3469 15.3303 15.3118 15.2916 15.2698 15.2471 15.2235 15.1961 16.0019 16.0354 18.3838 23.0233 16.4125 13.7017 10.3559 10.0197 7.9326 6.9296 5.6773 5.4669 5.1251 3.5588 2.7547 2.2842 2.0456 1.7656 1.6844 1.3908 1.4855 1.499 1.9299 2.6514 4.0042 4.0745 6.0536 7.995 10.2978 18.7737 22.4674 25.177 25.2619 26.4898 26.4816 26.4724 26.2593 26.201 26.1509 26.108 26.0717 26.0409 17.6606 17.6351 14.2175 12.6172 12.5979 9.8433 9.8312 8.4457 5.6528 4.176
13.1118 13.125 13.1403 13.1581 13.1793 13.2048 13.2361 13.2753 13.3256 13.3924 13.4846 15.155 15.1088 15.0634 14.9894 14.496 20.1817 20.801 14.0995 12.0473 10.0375 7.7397 6.8599 6.3403 5.6384 4.9373 4.7554 3.3361 2.6159 1.8646 1.7737 1.4739 1.3524 1.4427 1.5454 1.9832 2.6576 4.012 5.9538 6.063 8.6149 11.4597 18.6295 22.3845 22.6439 25.2663 26.5155 26.5054 26.4937 26.2832 26.2129 26.1531 26.1027 26.0606 26.0256 17.6549 17.6261 14.2141 12.6123 12.5908 9.841 9.8276 8.4407 5.6521 4.1759 4.0624
13.1009 13.1126 13.1261 13.1419 13.1604 13.1825 13.2095 13.243 13.2858 13.3423 13.4204 13.5354 13.7211 14.0693 14.8077 13.6062 14.2663 15.6212 11.8942 9.256 7.5675 6.9046 6.4759 5.0964 4.8718 4.2427 3.3657 2.8174 2.3344 1.8472 1.5382 1.0674 1.3275 1.5189 1.9796 2.6809 4.0342 5.9218 6.0797 8.6275 11.4171 18.4048 22.2504 22.5985 25.2657 26.5488 26.5362 26.5211 26.3144 26.2279 26.1555 26.0955 26.0462 20.4076 17.6473 14.2421 14.2097 12.6058 12.5819 9.838 9.8231 6.7277 5.6511 4.1756 2.8457 2.8394
13.0885 13.0984 13.1097 13.1227 13.1377 13.1552 13.176 13.201 13.2316 13.2695 13.3176 13.3787 13.4527 13.5044 13.2188 11.3122 10.1801 8.7672 7.9308 7.6775 6.9818 6.5619 4.6734 4.0574 4.4906 3.3595 2.8955 2.6439 2.178 1.6471 0.8704 0.7827 1.3989 2.0105 2.7561 4.3454 5.6004 6.9725 9.1883 9.3365 11.5373 22.0262 22.512 25.2544 25.4079 26.5774 26.5572 26.3564 26.2476 26.1581 26.0854 26.0269 20.3998 17.6372 14.2412 14.2037 12.5973 9.8537 9.8342 9.8175 6.7274 5.6497 4.1752 2.8458 2.8387 2.8325
13.0749 13.0828 13.0916 13.1014 13.1123 13.1245 13.138 13.153 13.1689 13.1849 13.1976 13.1979 13.1592 12.2577 13.5818 12.7363 13.1378 9.9516 7.5886 6.7132 5.6154 4.6521 3.9695 3.6655 3.3232 3.0981 2.72 2.2732 1.9725 1.3146 1.0628 1.3589 2.264 3.0895 4.3121 5.6205 7.3333 7.4983 10.3166 11.5035 18.4581 22.3452 25.2195 25.4413 26.6349 26.607 26.5769 26.2741 26.1607 26.0709 26.0006 17.6773 17.6234 14.4033 14.1955 12.5859 9.8513 9.8291 9.4323 6.727 5.6477 4.1746 2.8459 2.8379 2.8309 2.0459
13.0605 13.0663 13.0724 13.0788 13.0854 13.0921 13.0982 13.1031 13.1052 13.1011 13.0848 15.3016 15.331 14.2895 14.554 14.4566 17.7504 18.4984 6.5198 5.543 5.1954 4.0553 3.7731 3.2528 3.1329 2.7975 1.7576 1.8239 1.3647 1.2908 2.0421 2.2421 3.4222 4.3931 5.7451 7.3574 7.6436 10.2595 10.4609 12.151 22.012 25.1289 25.4746 26.7193 26.6793 26.6344 26.3112 26.1632 26.0495 20.4078 17.6688 17.6042 14.3979 12.6128 12.5706 9.8479 9.8223 8.1033 6.7261 4.2031 4.1738 2.846 2.837 2.0873 2.0458 2.0454
13.0457 13.0493 13.0527 13.0559 13.0584 13.0598 13.0593 13.0555 15.4558 15.4716 15.5071 15.5812 14.5014 14.724 13.9102 14.8187 14.1702 11.68 4.7759 4.1477 3.613 3.3569 3.2422 3.2723 2.7093 1.6739 1.4653 1.425 1.2211 1.6427 2.5251 3.7832 4.7842 5.9126 7.5254 7.9368 10.1182 10.5014 12.1577 18.9803 22.6571 25.493 26.8515 26.7918 26.7198 26.3654 26.1648 26.0167 20.3936 17.6554 14.4444 14.3893 12.5987 12.0341 9.8428 9.8132 8.1017 6.7249 4.2035 4.1853 2.9454 2.8358 2.0872 2.0457 2.0452 2.0211
13.0309 13.0324 13.0333 13.0335 13.0323 13.0292 15.5327 15.549 15.5765 15.6223 15.6988 14.56 14.7153 13.6102 13.9896 12.4022 11.9461 9.5366 4.0998 3.273 2.055 2.5286 2.2077 2.5314 1.9467 1.8182 1.7219 1.8303 2.044 3.3734 3.7808 5.2867 5.9684 7.9616 8.4112 9.8947 10.5346 12.1213 17.7511 22.1047 25.4335 27.0748 26.9854 26.8574 26.4495 26.1637 25.9635 20.3708 17.634 14.4443 14.3757 12.0589 12.0183 9.8353 8.1101 8.0994 6.7229 4.2038 4.1826 2.9448 2.8344 2.087 2.0456 2.045 2.021 2.0209
13.0163 13.0159 13.0147 13.0122 15.5766 15.5906 15.6113 15.642 15.6875 14.4965 14.5696 14.6794 13.4385 13.6424 11.7771 11.5799 10.2344 4.0807 3.1246 2.4328 1.8489 1.6452 1.3279 1.5839 1.8904 2.0855 2.2536 2.5601 3.2165 4.4149 4.8727 6.6147 7.4945 8.5009 9.6645 10.3902 12.0957 13.5959 19.2633 24.9785 26.4374 27.3713 27.1074 26.5891 26.1543 25.8714 20.3325 17.1784 14.4409 14.3536 12.045 10.1102 9.8241 8.109 8.0962 6.7198 4.2038 4.1789 2.9439 2.0882 2.0869 2.0455 2.0448 2.0209 2.0208 2.3542
13.0023 15.5956 15.604 15.6156 15.6315 15.6534 15.6835 15.7251 14.5047 14.5628 14.6433 13.3295 12.278 11.4786 11.3678 9.9334 8.3984 3.1325 2.6381 1.9434 1.9468 1.8757 1.6473 2.1049 2.3237 2.4577 2.6866 3.9028 4.6775 5.3321 6.3206 7.4167 8.4648 9.4174 10.4427 11.2257 13.5542 14.3336 22.2194 27.7953 28.34 27.6556 27.0153 26.1179 20.406 20.263 17.1455 14.4309 14.3163 12.0227 10.0994 8.1272 8.1072 8.0916 5.2854 4.2034 4.1737 2.9427 2.0883 2.0462 2.0453 2.0445 2.0207 2.0206 2.3526 2.3597
15.6223 15.6319 15.6444 15.6607 15.6821 15.7102 15.7471 14.5041 14.5508 14.1816 14.2273 12.1232 11.3083 11.2372 9.8519 8.6627 2.7592 2.6938 1.9734 1.9881 1.9675 2.1397 2.2802 2.6109 3.0911 3.1965 3.0052 4.1239 5.9622 5.7709 7.2699 8.3642 9.1707 10.2785 11.2288 12.72 15.2873 16.7925 22.2324 31.4662 29.6265 27.6495 25.9718 20.3375 20.1235 14.6501 14.4058 12.1019 11.9854 10.0802 8.1298 8.104 7.4688 5.287 4.2021 4.1663 2.9411 2.0885 2.0462 2.0451 2.0441 2.0206 2.0204 2.3507 2.3589 2.3486
15.6532 15.6658 15.6818 15.702 15.7275 15.76 14.4997 14.5377 14.1487 14.182 12.0223 11.1995 11.15 9.7876 8.7712 7.5204 2.7147 2.217 1.9893 1.9146 1.9728 2.7712 3.6843 4.7654 5.7123 4.5591 4.0916 6.0907 7.1894 8.2421 9.0255 9.443 9.9213 11.1748 12.6105 14.0939 16.7092 18.5951 25.6009 37.0791 27.1761 25.2522 20.1378 19.8052 14.7352 14.3451 12.081 11.9186 10.0451 8.133 8.0986 7.4628 5.2884 4.1994 4.1554 2.9387 2.0887 2.0462 2.0448 2.0206 2.0204 2.0202 2.3483 2.3578 2.3482 3.7449
15.682 15.6972 15.7159 15.7389 14.4676 14.4935 14.5249 14.1222 14.1476 11.9521 11.1244 10.1878 9.74 9.5266 7.277 2.2568 2.2322 1.9605 1.8935 2.6927 3.5535 3.9798 4.5571 5.7834 6.2083 5.9445 4.9223 6.4241 7.7482 8.7919 9.4422 10.3349 11.4816 13.0692 15.7247 18.4201 19.1051 22.0224 22.1231 22.6095 20.1048 19.5907 17.9601 14.8931 14.1944 12.0212 10.1181 9.9779 8.1367 8.0886 7.4521 5.289 4.1943 3.3644 2.9353 2.0891 2.0462 2.0445 2.0204 2.0201 2.0199 1.98 2.3392 2.3478 2.5441 3.7759
15.7084 15.7256 15.7463 14.4646 14.4867 14.5131 14.1005 14.1205 11.9009 11.8928 10.1161 9.7044 8.7675 7.3654 2.2558 2.2392 1.959 1.97 2.7748 3.6805 4.0366 4.2982 5.8902 6.6343 6.9954 8.1207 7.5831 7.2167 8.4547 9.2793 10.1272 10.8926 12.5087 14.9506 17.9284 22.615 30.3918 21.3956 21.1486 20.1771 18.2446 16.7984 15.9093 13.2554 11.8187 10.026 8.5734 8.1402 7.4847 6.4685 5.037 4.6435 3.3614 2.93 2.1467 2.0462 2.0441 2.0202 2.0198 2.0196 1.9798 2.3369 2.3471 2.5443 4.0183 4.055
15.7324 15.751 14.4608 14.4799 14.0681 14.0825 14.0986 11.862 11.8545 10.0645 9.677 8.7538 7.4177 7.1373 2.2427 2.3077 2.7695 2.8172 3.7988 4.0492 5.1169 5.8259 6.7288 6.8499 7.1736 7.6131 7.0819 8.4169 9.431 10.5556 11.9768 12.4912 14.2042 20.0509 27.3635 27.7007 35.17 25.7073 19.6187 17.1659 15.8591 15.687 12.8761 10.429 9.9836 8.5908 8.1404 7.4668 6.4766 5.0372 4.1738 3.3561 2.9214 2.1462 2.0463 2.0436 2.02 2.0195 2.0191 1.9795 2.3338 2.3461 2.5446 4.0138 4.0565 4.3849
14.4421 14.4567 14.4733 14.0553 14.0673 14.0805 11.8315 10.0787 10.0259 9.6554 8.7427 7.45 7.1486 2.2445 2.3144 2.8014 2.8401 3.8163 5.0073 5.1205 5.2903 6.7533 6.8128 6.9803 7.6845 8.1698 8.3328 9.5778 10.68 12.7319 12.8694 14.765 17.6832 26.6622 39.8579 25.5444 24.6046 23.7339 17.3565 15.305 14.7404 13.3367 9.6414 9.4002 8.5925 8.4339 7.2175 6.4828 5.0315 4.1673 3.3461 2.9067 2.1455 2.0467 2.0207 2.0197 2.019 2.0186 1.9791 2.3295 2.3448 2.5451 4.0082 4.0587 4.388 7.0008
14.4525 14.4671 14.0441 14.0543 14.0654 11.8071 10.0409 9.9961 8.8456 8.7337 7.4706 7.2114 2.2454 2.3187 2.8216 2.8529 3.8255 5.0439 5.1239 5.2372 6.761 7.0643 7.1023 7.671 8.3641 8.468 9.4115 10.9296 12.3842 15.3279 16.4787 16.2473 19.7586 26.2615 35.4826 27.1308 20.2317 20.808 14.433 13.5135 11.428 10.9947 9.1828 8.2792 8.0071 7.277 6.4646 4.3173 4.1519 3.3247 2.1464 2.1441 2.0473 2.021 2.0195 2.0185 1.9796 1.9784 2.3236 2.5285 2.5458 4.0012 4.3507 4.3919 6.9939 7.0791
14.4612 14.0343 14.0431 14.0525 11.7871 10.0111 9.9726 8.8197 8.7264 8.6141 7.2556 2.3293 2.3216 2.8347 3.7916 3.8309 5.0667 5.1261 5.2064 5.8263 7.0594 7.0812 7.666 8.4297 8.4908 10.5521 10.9226 13.5625 15.2012 17.8549 22.8216 23.895 32.7704 21.2794 22.2894 23.7706 18.8846 15.7913 12.5174 11.4233 10.4239 8.9071 7.9719 8.0443 7.3314 6.2737 4.5548 4.1025 3.2692 2.1 2.1412 2.0487 2.0219 2.0194 2.0177 1.979 1.9775 2.3149 2.5248 2.5469 2.5643 4.3471 4.3969 6.9854 7.0859 7.9214
