normal_rasters/0772100001000776.ascii
ncols 63 
nrows 65 
xllcorner 158299.234985
yllcorner 383917.171997
cellsize 0.25
nodata_value -9999 
[rows 0 to 33 of 65, columns 0 to 62 of 63]
39.017 39.0087 39.2729 39.2581 39.582 39.3533 39.3642 39.3521 39.358 39.3647 39.5574 39.6164 39.5198 39.5003 39.6222 38.3276 38.2446 38.2355 38.225 37.7623 37.5365 37.5349 37.5315 37.5261 37.5191 36.9028 36.8725 36.8404 36.8084 36.7781 36.7507 36.7266 36.706 36.6889 36.6748 36.6635 34.8304 34.7962 34.7675 34.7435 32.2557 32.2151 32.1805 29.3495 29.309 22.3341 22.2846 19.2195 16.6007 13.7644 11.5651 11.557 11.5496 8.916 8.9044 7.4279 7.4158 7.4047 8.7541 7.6206 7.6273 10.2259 12.3957
39.0901 39.018 39.0086 39.2714 39.2542 39.5784 39.3523 39.3651 39.3534 39.3604 39.3684 39.5593 39.6183 39.5191 39.4948 39.6068 38.3262 38.2409 38.229 38.2152 37.7589 37.5439 37.5402 37.5339 37.5251 36.9232 36.8855 36.8458 36.8069 36.771 36.7395 36.7127 36.6907 36.673 36.659 34.8348 34.7939 34.7601 32.3029 32.2477 32.2013 32.1624 29.3359 26.2543 22.341 22.2847 20.2788 16.6019 13.7667 11.568 11.5589 11.5506 8.9192 8.9063 7.4298 7.4163 7.4041 7.6083 7.6194 7.6267 10.2228 10.2406 12.4259
38.8635 38.8627 39.0192 39.0082 38.9955 39.2492 39.3384 39.3511 39.3662 39.355 39.3635 39.5611 39.5617 39.6209 39.6013 39.6338 38.3286 38.3242 38.235 38.219 37.7685 37.5552 37.5516 37.544 37.5327 36.9477 36.8995 36.8493 36.8015 36.7589 36.7229 36.6937 36.6707 36.6532 34.8399 34.79 34.7497 32.3008 32.2361 32.1827 32.1387 29.3179 26.2451 22.3496 22.2849 20.2789 18.3522 13.7696 13.7544 11.5611 11.5518 8.923 8.9085 7.432 7.417 7.4035 7.6064 7.6179 7.626 10.2192 10.2387 12.4226 16.1939
38.6826 38.8675 39.0313 39.0203 39.0074 38.9924 39.2427 39.3345 39.3495 39.3677 39.357 39.3675 39.5639 39.5647 39.6207 39.5993 39.6177 38.3273 38.244 38.2254 38.2031 37.5698 37.5669 37.5578 37.5427 36.9774 36.9139 36.8491 36.7895 36.7391 36.6987 36.6678 36.645 34.8456 34.7836 34.7347 32.2961 32.2194 32.1573 29.3629 29.294 26.2327 23.8612 20.7784 20.2793 18.3514 13.7733 13.7559 11.5639 11.5533 8.9276 8.9112 7.4346 7.4177 7.4027 7.6042 7.6161 7.6252 10.2152 10.2367 12.4187 16.1907 16.2199
38.6816 38.6876 38.8722 39.0344 39.0215 39.0061 38.988 39.2342 39.1219 39.3476 39.3486 39.3597 39.373 39.5677 39.5687 39.621 39.5963 38.3318 38.3251 38.2362 38.2091 37.5888 37.5879 37.5774 37.5565 37.0136 36.9266 36.8408 36.7665 36.7076 36.664 36.02 34.8519 34.7729 34.7126 32.287 32.1948 32.1221 29.341 26.6663 24.1864 23.8582 20.7866 20.2803 18.3508 13.7782 13.7579 11.5674 11.5551 8.933 8.9144 7.4377 7.4187 7.4018 7.6015 7.6141 7.6242 10.2106 10.2344 12.4143 16.187 16.2191 16.2484
39.0513 39.0606 38.6935 38.8779 39.0381 39.0226 39.004 38.9819 38.0661 39.1141 39.345 39.3491 39.3633 39.3808 39.5728 39.5741 39.6206 39.6543 38.3317 38.3212 38.2214 37.866 37.6181 37.607 37.5764 37.0573 36.9323 36.8166 36.7245 36.6587 36.0168 34.8586 34.7547 33.4516 32.2702 32.1578 30.3817 29.3091 26.651 24.1867 23.8535 20.7977 20.2822 18.3508 13.7845 13.7607 11.5717 11.5574 8.9397 8.9183 7.4414 7.4198 7.4007 6.6143 7.6117 7.623 7.6333 10.2317 10.2557 16.1827 16.2182 16.2504 22.3371
38.5533 39.0538 39.0649 38.7007 38.885 38.8138 39.0236 39.0006 38.9731 37.4966 39.1033 39.1336 39.3496 39.3685 39.3922 39.5801 39.582 39.618 39.4829 38.3316 38.3137 38.1914 37.6622 37.6554 37.6071 37.1057 36.9172 36.7601 36.651 36.0083 34.8645 34.2559 33.4271 32.2401 30.9355 30.3402 27.742 24.6829 24.1859 23.8464 21.8688 20.2853 18.3515 13.793 13.7647 11.5772 11.5604 8.948 8.923 8.901 7.4211 7.3994 6.6124 7.6087 7.6216 7.6331 10.2286 10.2554 16.1778 16.2172 16.2528 22.3372 22.3743
38.5363 39.0455 39.0569 39.0701 38.7097 38.894 38.8183 39.0242 38.9953 38.9601 37.4986 39.0877 39.1281 39.3502 39.3763 39.41 39.5916 39.6488 39.6092 38.3483 38.3319 38.224 37.7254 37.7405 37.6583 37.1381 36.8444 36.6396 35.9861 34.4166 34.2356 33.379 31.032 30.8894 30.2753 27.7226 24.6873 24.1834 23.8356 21.8703 19.5559 18.3534 16.2609 13.7702 11.5843 11.5643 11.547 8.929 8.9033 7.4227 7.3978 6.6101 7.6051 7.6198 7.6329 10.2251 10.2551 16.1721 16.216 16.2555 22.3374 22.3783 26.4302
38.5162 38.5392 39.0469 39.0606 39.0767 39.1328 39.2169 38.8235 39.0242 38.9867 37.7887 37.5013 39.064 39.1191 39.3503 39.3887 39.397 39.403 39.6592 39.5787 38.3639 38.3351 38.04 37.8856 37.7274 37.0557 36.6258 35.9225 34.4718 34.1859 33.2795 30.9962 29.3259 29.236 28.0798 24.691 24.6321 22.641 21.8719 19.5703 18.3573 16.2641 13.778 13.7424 11.5694 11.5487 8.9366 8.9063 7.4248 7.3959 6.6074 7.6008 7.6177 7.6326 10.221 10.2548 16.1653 16.2147 16.2588 19.4009 22.3829 26.4343 30.4938
38.4924 38.5153 38.5426 39.0485 39.0652 39.0852 39.1447 39.2266 38.8294 39.0227 38.9725 37.7793 37.6234 39.0261 39.0987 39.1553 39.41 39.4386 39.4576 39.6695 39.4492 38.3192 38.0906 38.2272 37.4263 36.4199 35.7146 34.7304 33.0237 32.7535 31.4651 29.2844 28.1056 26.4714 24.6928 24.6163 22.644 21.8737 19.5927 19.5166 17.9863 13.7893 13.7451 11.5764 11.5511 8.9465 8.9101 7.4274 7.3935 6.604 7.5953 7.6149 7.6322 10.2161 10.2545 16.1573 16.2131 16.2627 19.4041 22.3884 26.4391 30.4956 30.5079
37.1269 38.4867 38.5138 38.5466 39.0501 39.0711 39.0966 39.1609 39.2393 38.8359 38.7875 37.7877 37.7636 37.6252 38.962 39.0591 39.1435 39.448 39.526 39.6127 39.5771 38.8535 38.1389 37.4769 36.5758 34.8732 34.0314 32.889 32.4029 29.4905 29.1956 26.5604 26.4602 24.9847 23.0454 23.0073 22.6119 20.7642 19.5271 17.9826 13.806 13.7498 11.586 11.5545 8.9595 8.9151 7.4308 7.3905 6.5997 7.5884 7.6115 7.6317 10.2103 10.2544 16.1476 16.2113 16.2674 19.408 22.395 26.4448 30.4977 30.5113 31.4387
37.1076 37.1226 38.4789 38.5112 38.5512 39.0519 39.0788 39.1125 39.1839 39.1156 38.8425 38.7716 37.7707 37.3592 37.6279 38.8463 38.9737 39.0993 39.242 39.7389 40.7584 38.6222 38.2194 37.2286 34.6377 33.6936 31.9246 30.2317 29.6404 28.1844 27.0222 26.4241 24.9628 23.0651 23.008 22.6681 20.7698 19.5474 17.9808 13.8315 13.7578 11.5999 11.5595 8.9772 8.922 7.4352 7.3866 6.5943 7.5795 7.6071 7.6309 10.2033 10.2543 16.1359 16.2091 19.3759 19.4127 26.413 26.4517 30.5001 30.5152 31.4409 31.4453
36.3371 37.0991 37.1166 38.4676 38.5068 38.5567 39.0535 39.0894 39.1357 39.2183 39.1374 38.8473 38.7354 37.7374 37.1788 37.3456 37.605 37.5658 38.9347 38.7769 38.2354 39.073 36.5982 35.8943 32.8736 31.5914 30.5485 28.9821 28.3208 26.9972 26.3017 24.2745 23.7983 23.0061 22.2299 20.779 19.5861 17.7373 15.8798 13.7717 11.6205 11.5672 9.0019 8.9315 8.8744 7.3814 6.5872 7.5677 7.6013 7.0874 10.1947 10.2544 16.1214 16.2065 19.3763 19.4184 24.492 26.4599 30.5029 30.5199 31.4434 31.4484 33.4774
36.192 36.3366 37.0874 37.108 38.4512 38.4994 38.5628 38.6464 39.1046 39.1721 39.2734 39.1683 38.8437 38.6479 37.145 37.2232 37.4387 37.6581 37.3999 36.9963 37.2835 37.713 36.8545 34.1159 32.3281 30.8089 28.7224 28.2457 26.8068 25.673 24.3637 23.805 22.995 22.2274 20.7958 20.7343 17.7563 15.8926 13.7965 11.6526 11.5795 11.5233 8.9453 8.8718 7.3743 5.6645 7.5519 7.5934 7.0893 10.1839 10.2548 13.813 16.2033 19.3767 19.4255 24.4968 26.47 30.5063 31.44 31.4464 31.4519 33.4777 33.4849
36.188 36.1919 36.3356 36.3428 37.0953 38.4262 38.4864 38.5959 38.6551 39.1284 39.2348 39.3001 39.2141 39.0223 37.7919 37.1541 37.2673 37.6754 37.6229 36.8724 36.0176 36.0686 32.9778 31.7078 31.7741 28.266 27.6866 27.0851 25.2045 24.6838 23.7894 22.9526 22.2243 20.8317 20.7221 17.8087 15.9251 13.8423 13.6871 11.6001 11.5214 8.966 8.8683 7.3642 5.6592 5.8714 7.0392 7.0914 10.1701 10.2555 13.8071 16.1994 19.3773 19.4344 24.5027 27.7825 30.5104 31.4426 31.4498 31.456 33.4781 33.4861 35.2238
36.1832 36.1866 36.1911 36.1971 36.3428 36.4113 37.1181 38.4624 38.5768 38.6609 39.1697 39.3581 39.4579 39.2802 38.7865 37.1733 37.1245 37.3318 36.7378 35.8261 34.6453 33.549 31.5814 29.9846 28.5266 26.7778 26.3153 25.0079 24.8021 23.4519 22.7883 22.2298 20.9256 20.6909 19.253 17.5668 15.7362 13.6904 11.6375 11.5198 8.9988 7.5443 5.6922 5.6519 5.8592 7.027 6.671 10.152 10.2569 13.8002 16.1944 19.3781 19.4459 24.51 27.7895 30.5154 31.4456 31.4539 31.4608 33.4786 33.4876 35.2246 36.8626
36.1778 36.1805 36.1842 36.1893 36.1966 36.2069 36.4143 37.0994 38.4146 38.5269 38.6521 38.907 39.6485 39.8383 39.268 37.2784 36.7916 36.2953 35.4958 34.6401 33.2187 32.0934 30.4417 29.3238 27.7291 26.5075 25.0147 24.6127 23.918 23.0185 22.8046 21.2992 20.5988 19.3218 17.583 15.7063 13.7133 11.7131 11.5203 9.0542 7.5477 5.6974 5.6411 5.8405 7.0082 6.6747 10.1278 13.6929 13.792 16.1879 19.3793 19.4608 24.5191 27.798 30.5216 31.4492 31.4588 31.4667 33.4794 33.4896 34.9006 36.2519 37.0717
36.1715 36.1736 36.1762 36.1799 36.1856 36.1942 36.2078 36.418 36.4549 38.2795 38.3895 38.5746 39.1295 40.3318 40.732 38.6864 37.0974 35.3768 34.3182 33.2221 31.8178 30.7293 29.8832 27.8911 26.4384 25.964 24.43 23.9917 23.1795 22.4727 21.4029 20.4553 19.5051 17.5332 15.1566 13.2917 11.8895 11.5293 9.6258 7.5507 5.7079 5.6243 5.8102 6.9774 6.6777 10.0939 13.655 13.7823 19.2556 19.3808 19.4808 27.7535 28.8808 31.4398 31.4535 31.4647 31.4737 33.4805 33.4922 34.9027 36.2525 37.281 38.6023
35.9152 35.9164 36.1668 36.1692 36.1726 36.1782 36.1879 36.2054 36.2736 36.4499 36.57 37.9813 38.1331 39.181 40.4616 37.8353 36.1958 34.8424 33.2509 31.7935 30.9539 29.1402 28.3406 27.5219 26.1021 24.7762 23.8174 23.144 22.4652 21.8482 20.3274 19.3583 18.6454 16.1178 14.5322 13.1078 11.577 9.6928 7.5524 5.7304 5.5948 5.7568 6.9239 6.6783 6.7965 13.6013 13.7706 19.2219 19.3831 19.5084 27.7543 28.8892 31.4423 31.4589 31.4721 31.4825 33.482 33.4955 34.9055 36.2534 37.2824 38.6023 38.953
35.7277 35.9181 35.9199 35.922 35.9243 35.9268 36.1637 36.1723 36.1927 36.2794 36.4535 36.7773 36.9461 36.6296 36.353 36.4989 35.2239 33.6956 32.1051 30.8293 30.2732 28.1464 27.7655 25.5339 24.867 23.8671 23.2594 22.2764 21.3455 20.9078 19.0392 18.0497 16.3608 15.3291 13.6525 11.8205 9.7519 7.3722 6.8558 5.5341 4.4258 4.8775 6.6718 6.8475 13.5213 13.7565 19.1718 19.3865 19.5479 27.7544 28.9 31.4451 31.4655 31.4814 31.4935 33.4843 33.4998 36.2393 36.2547 37.284 38.6022 38.9544 32.8321
34.1957 34.8419 35.7377 35.7455 35.9282 35.9324 35.9376 35.9432 35.9467 35.9849 36.2131 36.433 36.7558 36.3378 35.2885 34.7077 33.3676 31.991 30.3843 29.7006 27.376 26.8025 25.5691 25.0623 24.6873 23.0336 22.3867 21.578 21.1793 19.2587 18.5093 16.9435 14.6975 14.0401 11.8091 9.2605 7.8149 6.6672 5.3669 4.3292 4.8184 6.644 6.9301 13.3932 13.7394 19.0935 19.3918 22.6498 27.7532 28.9143 31.4484 31.4741 31.4934 31.5076 33.4874 33.5057 36.2383 36.2564 37.2861 38.6019 38.956 32.854 32.7852
34.1271 34.1755 34.2425 35.1586 35.7538 35.7683 35.7891 35.9577 35.9757 35.9933 35.9345 35.8813 35.9801 35.6323 34.2855 33.4673 31.6965 29.8981 28.5741 27.8746 26.5276 26.3282 24.8963 23.8695 22.7572 22.5234 21.4165 20.8466 19.9806 18.5555 17.6392 15.1421 14.024 11.3147 10.0591 8.362 6.6471 4.5096 4.0101 4.6378 6.5437 7.0763 13.1692 13.7194 18.9632 19.4007 22.6768 25.9487 28.9341 31.4523 31.4855 31.5095 31.9785 33.4921 34.8988 36.2372 36.2588 37.2888 38.6013 38.958 32.8818 32.8011 32.7301
34.0469 34.0809 34.1306 34.2045 34.2948 34.7471 35.3514 35.8159 35.879 36.0204 35.9721 35.7514 35.3783 33.2711 32.3481 30.6377 29.7408 29.2165 27.9633 26.9385 25.9207 24.8156 24.0783 23.4114 22.5391 22.128 21.0514 20.3606 18.6189 17.721 15.1788 14.6311 11.7229 9.91 8.5534 5.5724 4.7777 2.3769 4.1224 6.1229 8.2544 11.1895 13.6969 18.732 19.4168 22.7223 25.9749 28.963 31.4566 31.5014 31.532 31.9957 33.4991 34.9046 36.2361 36.2623 37.2923 38.6002 39.0844 32.9179 32.8218 32.738 32.6656
33.32 33.3313 33.9985 34.0398 34.1087 34.1456 34.3341 34.8411 35.4362 35.6488 35.3724 34.7208 32.6093 32.6632 30.8578 29.7777 28.7854 27.1094 26.3911 25.8295 25.2699 24.1248 23.4876 22.5231 22.009 21.4843 19.9554 18.8249 17.833 16.0056 14.0819 12.5205 10.0246 8.8846 6.1157 4.013 2.2635 2.7808 4.591 8.1854 10.425 13.6589 16.4179 19.4499 22.8051 26.0185 29.0084 30.377 31.5246 32.0035 33.2795 33.5099 35.504 35.52 36.2674 38.1668 38.5984 39.0851 32.9653 32.8492 32.7489 32.663 32.5904
32.3668 32.3735 32.3821 33.2565 33.2619 33.2776 33.868 33.9773 34.0432 34.4776 33.6682 33.5297 31.9272 30.9697 29.127 28.2449 27.2871 26.8774 25.7907 24.9247 23.9643 23.5034 22.7681 21.9209 21.5277 20.0226 19.2217 17.9154 16.2233 14.3253 12.7665 11.2395 8.2244 6.6249 3.9242 1.4237 1.4638 4.7529 8.0831 10.0751 13.6275 16.6271 21.7993 22.9572 26.1039 30.3291 30.4128 31.9971 32.0363 33.2917 33.5273 35.5016 35.5225 36.2701 38.1641 38.1848 39.0858 33.0289 32.8864 32.7641 32.6608 32.5744 26.7181
31.968 32.3674 32.3762 32.3884 32.405 32.4264 32.657 32.6366 32.4865 32.5165 32.7704 31.7241 30.5239 29.3032 28.4105 27.5966 26.277 25.8689 25.0323 24.4316 23.6617 23.1346 22.0565 21.5289 20.0559 18.8347 18.2037 16.2978 15.2276 13.3859 11.9971 7.7699 7.2679 4.8336 2.3787 2.3545 5.8582 6.7707 9.6272 13.9195 17.8016 19.7667 23.8417 26.3232 30.3093 30.471 32.0331 32.0923 33.6188 34.1386 35.4988 35.5269 36.2768 38.1599 38.1868 39.0863 39.251 32.9379 32.786 32.6593 32.555 26.7312 26.6623
31.9575 31.9695 31.9862 32.0101 32.3967 32.4252 32.4642 32.3918 32.5846 32.449 32.2037 30.8246 30.341 28.5328 27.4744 26.6583 25.5597 24.8238 24.3581 23.4602 23.0134 22.2914 21.1105 20.0058 19.327 18.3841 16.3464 15.9477 13.4836 11.1887 9.6562 6.8148 4.9487 1.7273 1.1609 5.645 7.0836 10.4271 15.1879 16.7979 20.0264 21.5464 26.9116 30.2304 30.5743 32.1068 32.2029 33.6703 35.3956 35.4954 35.5352 36.2872 38.153 38.1893 39.0863 39.2576 33.0112 32.8182 32.6593 30.6393 26.7452 26.6633 26.5959
31.9441 31.9533 31.9665 31.9865 32.019 32.0764 32.1854 32.3581 32.5474 32.3676 30.8352 29.7109 28.8857 27.2745 26.5251 25.2355 24.9835 23.9468 23.5764 22.775 22.1237 21.3624 20.06 19.4419 18.2422 17.328 14.9785 14.3242 12.1288 10.9558 7.4331 4.898 2.6521 2.6998 4.6133 8.4334 8.6088 13.2221 16.4974 19.3218 23.6148 26.4895 31.8346 30.6578 32.3425 33.6815 34.2836 35.375 35.4917 36.2136 37.1408 38.141 38.1924 39.0853 37.4647 33.1193 32.8669 32.6623 30.6392 26.7597 26.661 26.5816 26.3018
31.3543 31.3735 31.3993 31.4359 31.4916 31.5863 31.7825 32.3953 31.9778 30.2312 29.5006 28.433 27.1071 25.8428 25.3104 25.1716 24.4545 23.2011 23.0472 22.1936 21.6632 20.3413 19.5811 17.4834 16.6126 15.5604 13.7398 12.0527 9.6476 7.0789 5.5375 3.9804 3.6032 4.5751 7.4639 11.743 14.7302 17.9104 21.2593 23.8797 27.6593 28.7843 28.5374 34.4075 34.1655 34.4472 35.3375 35.7855 36.1971 37.13 38.1189 38.1964 39.0822 37.4803 37.3675 32.9437 30.8036 30.6402 26.7741 26.653 26.5585 26.2565 20.0856
31.3283 31.34 31.3547 31.3735 31.398 31.4292 31.4577 31.3592 31.0128 29.5632 28.3353 27.1798 26.2478 25.009 24.6139 24.0233 23.2951 23.029 21.7441 21.3303 20.7496 18.4451 17.9643 16.9372 15.5973 13.5303 13.2127 9.6141 8.5288 5.9155 2.0182 1.4768 3.7731 8.2949 12.8893 14.0097 17.9485 20.3008 25.9969 29.3474 27.9199 33.318 31.9695 34.742 34.393 35.273 35.7591 35.9076 37.1032 37.2342 38.2016 38.8357 37.4978 37.3883 33.0709 30.8687 26.988 26.7867 26.6348 26.327 26.19 20.0907 19.9688
31.3002 31.3038 31.3063 31.306 31.2979 30.6224 30.5995 30.4504 29.3984 28.1041 27.0065 26.4009 25.3965 24.7802 24.1669 23.6928 22.1872 22.366 20.9504 20.4039 19.2461 17.8357 16.4729 15.0422 13.3444 12.818 10.6829 8.5861 7.0062 4.3787 1.9001 6.4895 9.0976 12.9612 14.2919 18.3009 21.7595 25.4318 29.1443 29.0087 30.5615 32.7583 35.8393 36.1916 35.9846 35.6043 36.0121 37.0234 37.9062 38.7588 38.853 37.6536 37.8653 31.4139 30.9807 27.0672 26.7939 26.5984 26.251 20.2665 20.0854 19.9426 26.0328
31.2724 30.4804 30.4864 30.4871 30.475 30.4335 30.3266 29.2456 28.3876 27.2632 26.4843 24.6658 24.8954 23.7072 22.8818 22.4053 21.7886 20.6194 19.865 18.7045 17.4918 16.2437 15.3389 14.413 12.0558 10.954 8.5926 6.5013 2.7389 1.2957 4.7789 9.4582 11.553 16.0348 20.6108 23.1389 24.9462 29.1327 29.6801 31.6662 33.8477 35.6992 36.5069 37.3804 36.5248 36.1436 36.8328 37.8279 38.1431 37.534 37.6647 37.8907 37.7694 31.1919 27.1796 26.7881 26.528 20.5656 20.282 20.0608 19.8931 25.9495 19.0554
30.4345 30.4327 30.4253 30.408 30.3727 30.3052 29.1618 28.4733 27.3404 26.3878 24.4785 23.4115 22.6999 21.8907 22.7195 22.2013 20.6984 19.6432 18.9308 17.5171 16.5726 15.3183 13.694 12.6095 11.0965 8.4675 5.3985 4.7839 2.0361 2.1338 8.531 12.2724 17.494 19.7236 23.5618 25.762 27.9932 32.5135 31.0478 34.8531 36.0006 36.9098 37.2472 37.9678 38.1947 37.2217 37.6692 38.6076 39.2447 37.7596 37.9067 37.8546 31.6437 27.359 26.7522 20.9556 20.6407 20.2724 20.0 19.804 25.8325 19.0541 18.9794
30.3995 30.3902 30.3738 30.3462 29.6942 28.5782 28.282 26.4715 26.3532 24.3347 23.5452 22.8826 21.9092 21.9176 21.5833 20.8777 20.0051 18.7755 17.9231 16.2422 15.0468 13.418 12.6834 10.6777 9.5021 7.6282 4.6026 3.8406 2.3833 7.1888 10.7857 12.4284 20.7445 22.7035 28.5217 29.9273 30.3487 31.9982 34.772 35.9676 36.536 37.4312 38.0679 38.5697 39.2461 38.8262 38.7008 39.0964 38.0138 38.1586 38.4033 32.7846 27.7227 26.6522 21.1594 20.699 20.2037 19.8692 13.5689 18.9833 19.0447 18.9827 18.9034
