normal_rasters/0772100000293565.ascii
ncols 54 
nrows 41 
xllcorner 158648.897999
yllcorner 383591.889999
cellsize 0.25
nodata_value -9999 
34.6049 34.5523 32.2999 32.278 32.2517 32.2207 32.1855 30.811 30.789 30.7636 30.7362 30.7081 30.681 30.1157 30.2492 30.2539 30.2586 28.7054 27.436 25.4082 25.2518 17.458 17.2742 12.6954 9.1564 6.2334 6.1527 6.2429 6.2895 9.58 13.5453 18.4851 25.3726 28.8313 28.8827 28.9368 28.9899 29.643 30.3541 30.4351 30.4334 30.4317 30.3937 30.3931 30.3925 30.3919 30.3914 30.3909 30.3904 30.3901 30.3898 30.3897 30.3752 30.375 
34.6386 34.5823 32.3258 32.3032 32.2749 32.2406 32.2006 30.8317 30.8063 30.7759 30.7423 30.7079 30.6749 30.1157 30.2484 30.2543 30.26 28.7377 27.4589 25.422 25.2307 17.5108 17.287 12.731 9.1636 6.2365 6.1362 6.2156 6.2739 9.4853 13.5162 18.4926 26.6371 28.8098 28.8731 28.9408 29.0071 29.6558 30.355 30.4353 30.4331 30.4311 30.3939 30.3933 30.3925 30.3918 30.3911 30.3905 30.3901 30.3897 30.3895 30.3752 30.3749 30.3747 
34.681 34.6215 34.5513 32.3344 32.3046 32.267 32.2215 32.1687 30.8296 30.7923 30.7505 30.7073 30.6665 30.1157 30.292 30.2546 30.2619 28.782 27.4915 25.4418 25.2026 17.5864 17.309 12.7819 9.1752 6.242 6.114 6.1783 6.2534 8.1079 13.4748 18.5022 23.269 28.7789 28.8586 28.9454 29.0303 29.6737 30.3564 30.4356 30.4327 30.4301 30.3943 30.3934 30.3925 30.3916 30.3908 30.3901 30.3896 30.3893 30.3752 30.3748 30.3746 30.3743 
34.734 34.6723 34.5973 34.5079 32.3426 32.302 32.2506 32.1886 30.8616 30.8154 30.7617 30.7061 30.6545 30.1157 30.2876 30.2551 30.2645 28.8441 27.5395 25.4709 25.1643 17.6973 17.3465 12.8564 9.194 6.2518 6.0827 6.1253 6.2259 8.0875 13.4148 18.5143 23.2913 26.8089 28.8356 28.9508 29.0631 29.6995 30.3587 30.436 30.4321 30.4072 30.3947 30.3936 30.3925 30.3913 30.3903 30.3895 30.3891 30.3752 30.3747 30.3744 30.3741 30.3601 
36.1112 34.7378 34.6593 34.562 32.3917 32.3491 32.2916 32.2188 30.9007 30.8488 30.7778 30.7039 30.6369 30.1157 30.2812 30.2555 30.2684 30.2766 27.6125 25.5156 25.1099 17.8651 17.412 12.9677 9.2249 6.2697 6.0362 6.0465 5.3937 8.0687 13.3272 18.5287 23.3158 26.8035 28.7975 28.957 29.1114 29.7389 30.3622 30.4365 30.4312 30.4072 30.3954 30.3939 30.3923 30.3908 30.3895 30.3888 30.3753 30.3746 30.3741 30.3738 30.36 30.3597 
36.1771 36.1132 34.7421 34.6389 34.5086 32.4125 32.3502 32.2653 32.1582 30.8999 30.8021 30.6996 30.6103 30.1157 30.2716 30.3002 30.2732 30.2846 27.7283 25.5876 25.0296 18.1273 17.5301 13.137 9.5864 6.3052 5.9623 5.9226 5.4021 8.0584 13.2007 18.5423 23.3424 26.7811 28.7308 28.9644 29.6907 30.3545 30.368 30.437 30.4296 30.4072 30.3962 30.3943 30.392 30.3899 30.3884 30.3877 30.3743 30.3737 30.3603 30.3598 30.3595 30.3352 
36.2496 36.1934 36.1157 34.7467 34.6056 34.4235 32.4345 32.338 32.2058 30.9716 30.8406 30.691 30.5688 30.1157 30.1157 30.2949 30.2808 30.3821 27.9197 25.7104 24.9061 21.48 17.7534 15.6053 9.585 5.9657 5.8325 4.5488 5.4213 5.9191 11.6455 18.5416 23.3705 26.7257 28.6043 28.9749 29.7589 30.3792 30.4461 30.437 30.4269 30.4072 30.3976 30.3949 30.3913 30.3883 30.3869 30.374 30.373 30.36 30.3594 30.3591 30.3348 30.3338 
36.3381 36.2911 36.2204 36.1163 34.7514 34.5479 34.28 32.4529 32.2941 32.0729 30.9054 30.6725 30.5031 30.1157 30.1157 30.2842 30.2931 30.3959 29.1445 25.9334 24.7106 21.5685 18.196 15.5729 9.6007 6.193 4.5907 4.3829 5.4752 6.2836 11.935 19.9578 21.7936 26.6172 28.1983 29.0023 29.886 30.3934 30.4536 30.4357 30.4072 30.4072 30.3999 30.3962 30.3896 30.3856 30.3731 30.3719 30.3593 30.3587 30.3584 30.3341 30.3329 30.3321 
37.9471 36.4122 36.3585 36.2688 36.1236 34.7553 34.4407 32.6338 32.4587 32.1703 30.9939 30.6278 30.4032 30.1157 30.1157 30.2607 30.3115 30.4327 29.4044 27.401 24.4145 21.4303 19.8032 15.5567 9.1791 6.7794 4.1612 3.6809 5.6886 8.2365 13.4239 19.3253 21.9647 26.4349 27.6716 29.001 30.0902 30.4424 30.4818 30.4306 30.4072 30.4072 30.404 30.3992 30.384 30.38 30.3693 30.3579 30.3574 30.3573 30.3329 30.3316 30.3164 30.3158 
38.042 38.0046 36.5318 36.4761 36.3639 36.1534 35.7788 34.2229 32.742 32.4715 31.0916 30.5061 30.1157 30.1157 30.1157 30.2034 30.3742 30.5714 30.0616 28.6248 24.0248 21.7646 20.5968 15.614 10.9762 8.2835 2.7472 2.9239 6.9722 9.9445 13.632 17.6788 22.2097 26.2119 26.9875 29.4305 30.3878 30.5126 30.4831 30.4156 30.4072 30.4072 30.4072 30.3848 30.3621 30.3615 30.3544 30.3549 30.3195 30.3174 30.316 30.3152 30.3148 30.2761 
38.1476 38.1356 38.1103 38.0602 36.7001 36.5758 36.2735 35.6292 33.5388 33.035 31.1079 30.1157 30.1157 30.1157 30.1157 30.1157 30.3137 30.9423 29.8537 28.6326 24.2853 22.8439 20.2136 16.7241 11.5884 7.0443 4.0943 3.0743 5.7673 11.0968 14.5821 18.7402 20.5516 25.7569 27.5362 29.0359 29.9933 30.536 30.4458 30.4072 30.4072 30.4072 30.4047 30.3711 30.337 30.3477 30.3235 30.3185 30.3156 30.3141 30.2773 30.2758 30.2748 30.2741 
38.2572 38.2747 38.2919 38.3051 38.3043 38.2603 37.106 36.7727 36.2693 33.1379 30.4338 30.1153 30.1157 30.1157 30.1157 30.1194 30.3345 30.6783 29.3853 28.3796 26.5858 22.4498 19.9672 16.6971 13.8436 6.8512 4.3014 1.4557 7.5359 10.2592 14.7021 18.8975 21.9609 24.0742 27.5054 29.1866 29.9792 30.4241 30.4079 30.4072 30.4072 30.4072 30.4016 30.3932 30.3465 30.3235 30.3149 30.311 30.2769 30.2745 30.2732 30.2725 30.2721 30.2719 
38.5911 38.6422 38.4685 38.5477 38.6573 38.8129 39.0101 38.3393 37.4457 35.6893 30.6959 30.1123 30.1153 30.1157 30.1157 30.1609 30.4063 30.4392 29.3894 28.2236 26.3376 23.855 19.5554 16.8133 12.4621 8.8018 4.069 2.6436 6.9817 10.9166 14.7326 17.1949 22.0747 24.3269 26.0804 29.3136 30.1901 30.379 30.4427 30.4072 30.4072 30.3918 30.3468 30.3308 30.3269 30.3038 30.2725 30.2687 30.2679 30.268 30.2684 30.2688 30.2692 30.246 
38.5711 38.6208 38.69 38.7915 38.9517 39.2324 39.4256 41.0664 38.5524 35.3343 30.1671 30.1107 30.1142 30.1157 30.1157 30.1157 30.3176 30.4305 30.0633 28.088 26.042 24.4253 20.6295 17.188 12.9822 9.8572 3.92 3.3204 6.2641 11.5522 14.1936 19.0232 20.8019 24.8279 26.632 27.8385 30.1511 30.5102 30.5181 30.4567 30.4047 30.3644 30.3284 30.3148 30.2517 30.2302 30.2509 30.2575 30.2615 30.264 30.2432 30.2438 30.2443 30.2446 
38.5373 38.578 38.6342 38.716 38.8435 39.0616 38.7202 39.5956 37.3547 31.2614 30.1157 30.115 30.1156 30.1157 30.1157 30.1157 30.1216 30.3393 30.1873 28.5473 26.3094 23.1222 21.1917 16.8157 14.0838 10.187 5.3042 4.2453 4.9289 8.8401 16.3842 18.2247 21.4495 24.3089 27.2152 28.1776 28.96 30.4723 30.496 30.4701 30.4087 30.3539 30.3284 30.3284 30.2685 30.2202 30.2285 30.2339 30.2374 30.2398 30.2413 30.2424 30.2432 30.2437 
37.2401 37.2918 37.3571 37.4412 37.551 37.6931 37.8739 37.8395 37.1628 31.0861 30.1157 30.1157 30.1157 30.1157 30.1005 30.0639 30.1586 30.3775 29.9069 28.3456 26.9511 22.3804 20.3378 16.3642 13.9546 10.103 5.6727 4.567 5.8187 8.6855 13.1834 19.3751 22.0089 23.9184 25.6596 28.3283 29.3443 30.0466 30.3982 30.4196 30.3914 30.3324 30.3284 30.3284 30.283 30.2135 30.2299 30.2347 30.2373 30.2198 30.2199 30.22 30.2202 30.2203 
35.804 35.8438 35.8891 35.9391 35.9911 36.0417 36.1077 35.3851 34.4672 31.2898 30.1216 30.09 30.0499 30.0797 30.0035 29.9965 30.0985 30.1508 29.629 28.3527 26.7349 23.3833 20.3511 17.0849 14.2161 8.2291 6.054 2.1105 6.1596 9.7271 13.3317 17.3515 22.6106 24.5593 25.7116 27.4016 29.7857 30.0965 30.3789 30.4072 30.4005 30.3346 30.3284 30.3098 30.2027 30.2292 30.2212 30.2205 30.22 30.2199 30.2199 30.1968 30.1968 30.1969 
35.584 35.5663 35.5307 35.4645 35.3451 33.4979 33.4898 33.1731 32.012 30.4936 30.1148 30.0127 29.9836 29.9964 29.981 29.9865 30.0736 30.018 29.5072 28.6694 25.7276 24.0555 19.3283 17.2221 13.4802 9.4542 4.7795 2.9505 3.8025 10.4742 14.2818 17.0881 20.5149 24.5776 26.1783 27.4597 29.5052 30.2839 30.4072 30.4072 30.4014 30.3838 30.3359 30.2939 30.2499 30.2345 30.1971 30.1972 30.1972 30.1972 30.2199 30.2203 30.2207 30.221 
35.3757 35.3083 33.0928 33.0649 32.9946 32.831 32.464 30.7681 30.1867 30.1667 30.1125 30.0108 29.9842 29.9852 29.9814 29.991 30.1045 30.0249 29.6637 28.3555 26.4352 24.183 20.9277 16.3631 13.1917 10.9765 4.627 2.7952 4.6291 6.155 14.9192 18.0697 19.9014 23.1188 26.3676 28.1924 28.9895 30.2852 30.4072 30.4081 30.4103 30.4093 30.3857 30.2986 30.2268 30.211 30.2131 30.2155 30.217 30.1976 30.1974 30.1973 30.1972 30.2125 
33.8437 33.8093 33.753 33.6592 33.4988 31.0776 30.9669 30.7352 30.4016 30.189 30.0969 29.9838 29.9829 29.9823 29.9915 30.0658 30.1117 30.0147 29.7537 28.4515 26.5976 23.7654 22.2002 18.1559 12.3585 8.4692 5.3276 3.7608 4.194 8.5522 11.1958 18.4781 20.7408 22.4112 24.5587 28.5735 29.503 30.0759 30.3841 30.4119 30.4139 30.4137 30.414 30.3472 30.2165 30.2047 30.2158 30.2241 30.2231 30.2258 30.2274 30.2284 30.229 30.2294 
32.9168 32.8707 31.2365 31.2567 31.2836 31.3199 31.3663 31.3963 31.2139 30.4812 30.0694 29.9938 29.9824 29.9856 30.0448 30.1068 30.1157 30.0926 29.5341 28.0941 26.8857 24.3048 20.3584 17.967 13.6306 7.8571 5.3023 3.2473 3.3122 8.1249 11.941 15.6406 19.6397 22.5464 25.0673 27.4561 29.2016 30.208 30.3917 30.4145 30.4145 30.4145 30.3897 30.2925 30.2542 30.231 30.2344 30.2384 30.2409 30.2424 30.2435 30.2446 30.2453 30.2458 
31.2443 31.2689 31.3049 31.3584 31.4268 31.5506 31.7851 32.2956 33.2218 31.6107 30.0802 30.0472 29.997 30.0823 30.1205 30.1247 30.1493 30.0762 29.4809 28.1388 27.081 24.8139 20.5858 16.8611 15.4091 10.9156 5.0244 1.9206 3.7673 7.4043 12.3822 14.954 17.7212 21.8462 24.4587 27.2799 29.4597 30.2001 30.3913 30.4145 30.4145 30.4145 30.3618 30.2799 30.2765 30.2725 30.2561 30.2503 30.2483 30.2478 30.2476 30.2476 30.2476 30.2477 
31.2262 31.2504 31.2976 31.3436 31.4173 31.5452 31.7767 32.2028 32.7259 30.7718 30.179 30.1742 30.1363 30.1927 30.1835 30.177 30.1939 29.9136 29.4114 28.8647 26.111 25.0586 22.1986 19.0356 14.2752 11.9983 6.316 3.2228 5.3553 7.9141 12.8432 15.9539 18.4286 21.5697 24.7679 26.982 29.2141 30.2151 30.4145 30.4145 30.4145 30.402 30.3038 30.2799 30.2799 30.2799 30.2799 30.2696 30.2555 30.2531 30.2515 30.2506 30.25 30.2496 
31.1949 31.202 31.2115 31.2243 31.2427 31.2702 31.3121 31.3591 31.1787 30.5164 30.2033 30.2012 30.2012 30.1996 30.1942 30.198 30.1979 30.1981 29.8215 28.2094 26.808 24.9856 21.7813 19.3098 15.3352 10.6912 5.4649 4.5922 6.3676 8.8308 12.4361 17.5957 19.0132 22.2059 24.5295 27.0653 28.6863 30.1812 30.4145 30.4145 30.4145 30.3408 30.2811 30.2799 30.2799 30.2799 30.2799 30.2799 30.2799 30.2799 30.2799 30.2799 30.2799 30.2799 
31.1439 31.1367 31.1251 31.1057 31.0716 31.0088 30.8897 30.6801 30.2541 30.2787 30.2175 30.2029 30.2012 30.2004 30.1997 30.2011 30.2012 30.1997 30.0397 28.4889 26.9011 24.8764 22.315 18.6852 15.7037 11.5254 8.1013 4.2554 3.1715 8.8305 12.1944 16.3788 20.1227 22.7758 24.7248 27.0694 29.1072 29.4732 30.4145 30.4145 30.4145 30.3844 30.2971 30.2799 30.2799 30.2799 30.2799 30.2799 30.2799 30.2799 30.2799 30.2799 30.2799 30.2799 
31.0966 31.0906 31.0594 31.0127 30.941 30.8298 30.251 30.2519 30.2599 30.2423 30.2523 30.2353 30.2094 30.2012 30.1891 30.1875 30.2012 30.199 29.9814 29.1611 26.5949 24.6955 22.8111 18.8523 15.5842 11.5911 7.1655 4.5172 4.8999 7.9315 12.0287 15.7489 20.5103 22.3462 25.2513 26.9224 28.8211 29.8585 30.2984 30.4145 30.4145 30.4145 30.395 30.2907 30.2799 30.2799 30.2799 30.2799 30.2799 30.2799 30.2799 30.2799 30.2799 30.2799 
30.2658 30.2656 30.2652 30.2648 30.264 30.2629 30.2599 30.2564 30.2439 30.2703 30.2132 30.2305 30.2032 30.2012 30.1399 30.1747 30.2161 30.2558 30.094 29.7618 27.1416 25.4414 22.4539 18.9302 15.8619 12.0923 7.9128 2.5828 2.9285 8.1848 12.8686 15.6023 19.015 23.6356 25.0958 27.3262 28.6599 29.8488 30.3553 30.409 30.4136 30.4145 30.3813 30.3408 30.2885 30.2799 30.2799 30.2799 30.2691 30.2676 30.2666 30.266 30.2656 30.2653 
30.2665 30.2665 30.2664 30.2664 30.2664 30.2665 30.2669 30.2684 30.2626 30.2336 30.1338 30.1931 30.2103 30.2004 30.1499 30.1722 30.2262 30.4112 30.148 29.2747 28.4346 25.5936 21.4747 20.2656 14.5984 12.9593 7.3626 3.0259 3.0855 5.8977 11.8014 16.4145 19.1485 22.615 26.1642 27.3576 28.9667 29.6242 30.3824 30.3959 30.3776 30.3869 30.3597 30.293 30.2735 30.2799 30.2691 30.2665 30.2653 30.2648 30.2645 30.2486 30.248 30.2476 
30.2673 30.2674 30.2676 30.268 30.2687 30.2699 30.2723 30.2537 30.2635 30.279 30.1474 30.2323 30.2543 30.2071 30.1983 30.2135 30.2324 30.447 30.6137 29.5335 27.9754 26.2054 22.789 18.361 16.3365 11.7466 6.8764 2.5805 3.2313 5.1756 8.9606 15.7908 19.8248 21.632 24.793 27.7049 28.8273 29.764 30.2574 30.372 30.3363 30.3233 30.2538 30.2114 30.2677 30.2662 30.2539 30.2378 30.2342 30.2325 30.2316 30.2311 30.2307 30.2455 
30.2681 30.2684 30.2689 30.2696 30.2349 30.2488 30.2504 30.2454 30.2522 30.2142 30.1435 30.2521 30.243 30.2019 30.2012 30.2476 30.3301 30.5129 30.5783 30.2499 28.0262 25.842 23.8321 18.5918 15.313 11.8407 7.8027 3.4716 1.6243 6.347 10.0856 13.2128 19.511 23.1295 24.5871 26.9217 29.507 30.112 30.3017 30.3284 30.3284 30.2906 30.2281 30.2127 30.2107 30.2265 30.2341 30.2295 30.2279 30.228 30.2283 30.2286 30.2288 30.229 
30.2833 30.2455 30.2459 30.2464 30.247 30.2475 30.2477 30.2465 30.2302 30.1963 30.1625 30.2102 30.2039 30.2012 30.2077 30.2079 30.2872 30.5144 30.5389 30.1039 28.9719 25.8762 23.8245 20.0427 14.6537 11.7386 9.0588 3.3631 2.0327 6.0417 10.8889 14.0978 17.4814 22.7314 25.5866 27.6031 28.8308 30.0232 30.3099 30.3284 30.3284 30.3091 30.2159 30.1944 30.2004 30.2066 30.2097 30.2191 30.2222 30.224 30.2252 30.2263 30.227 30.2276 
30.2452 30.2456 30.246 30.2465 30.2471 30.2478 30.2486 30.25 30.2485 30.2776 30.2463 30.2043 30.2012 30.2012 30.2012 30.2012 30.209 30.4076 30.5766 30.2849 28.5004 26.7567 23.0822 20.8659 15.199 11.8815 9.0058 2.2024 1.524 5.6982 9.4424 13.8035 18.514 21.1486 24.3323 26.8445 29.3895 29.9371 30.2068 30.3242 30.3214 30.2161 30.1977 30.1939 30.1948 30.1961 30.1979 30.206 30.2099 30.2117 30.2126 30.2245 30.2255 30.2263 
30.2452 30.2457 30.2461 30.2468 30.2827 30.2825 30.2505 30.2469 30.2591 30.2752 30.2719 30.2329 30.2012 30.2012 30.2012 30.2012 30.3344 30.5001 30.7067 30.0494 28.4323 26.1603 25.0846 19.8448 14.6716 11.6756 9.0898 3.3177 2.8846 4.9083 9.5306 12.3429 17.5549 22.0682 23.3426 26.8429 28.5861 29.7439 30.1664 30.3109 30.2981 30.2438 30.209 30.1939 30.1939 30.1946 30.2005 30.2047 30.208 30.2101 30.2113 30.212 30.2125 30.2127 
30.2829 30.2829 30.2828 30.2826 30.2824 30.2499 30.2429 30.2501 30.2685 30.2727 30.2723 30.2493 30.2138 30.2012 30.2012 30.2307 30.436 30.6746 30.6887 29.9603 28.7119 26.7828 25.9746 20.5492 13.7101 11.4323 8.2444 3.4527 2.9113 4.6051 7.8917 13.932 16.5269 20.1714 23.8344 26.569 27.7818 30.0314 30.1427 30.2877 30.2817 30.2409 30.224 30.1939 30.1939 30.1948 30.1949 30.2055 30.2076 30.2093 30.2105 30.2113 30.2118 30.2122 
30.2828 30.2827 30.2826 30.247 30.2487 30.2394 30.2439 30.2627 30.2646 30.2654 30.2626 30.2451 30.2188 30.2102 30.2012 30.3394 30.4504 30.524 30.4685 30.1878 28.6998 26.882 26.2634 20.5913 15.9067 12.6121 7.6982 5.4367 3.0475 4.7412 7.449 12.5109 15.9662 19.2564 24.2097 26.5931 27.3748 30.0752 30.136 30.164 30.2574 30.2441 30.2323 30.2109 30.1939 30.1939 30.195 30.1951 30.2078 30.209 30.21 30.2108 30.2113 30.2117 
30.2827 30.2826 30.2464 30.2476 30.2367 30.2397 30.2594 30.2604 30.261 30.2605 30.2578 30.2414 30.231 30.2133 30.2391 30.3757 30.446 30.4336 30.3949 29.6264 28.7809 27.1503 24.7138 20.9311 16.1893 12.8356 6.137 5.5058 3.1262 4.7745 7.3405 12.4966 15.6285 18.8195 24.4061 26.6803 27.1874 28.7806 30.1347 30.1466 30.2535 30.2455 30.2374 30.2141 30.1939 30.1939 30.1951 30.1951 30.1952 30.209 30.2098 30.2105 30.211 30.2114 
30.2826 30.2457 30.2467 30.2347 30.2368 30.2573 30.2579 30.2583 30.2583 30.2573 30.2549 30.2388 30.232 30.2151 30.2466 30.3932 30.438 30.3832 30.3694 29.589 28.8297 28.5991 24.0124 21.0136 16.3526 11.7694 5.9332 5.5307 4.9546 5.0919 8.6636 12.4811 14.539 19.2274 21.7147 26.7582 27.1022 28.6528 30.135 30.1369 30.2515 30.2462 30.22 30.2162 30.2134 30.1939 30.1939 30.1951 30.1952 30.1953 30.2097 30.2103 30.2108 30.2112 
30.2451 30.2318 30.2331 30.2554 30.2558 30.2563 30.2566 30.2566 30.2563 30.2553 30.253 30.2371 30.2325 30.2161 30.3708 30.4018 30.432 30.3564 30.3272 29.5644 28.8543 28.6906 23.8248 23.1268 16.4434 11.7369 5.8146 5.5383 6.8037 5.0997 8.8191 12.4747 14.2982 19.1906 21.5872 25.3076 27.807 28.5745 30.1134 30.1312 30.2503 30.2467 30.2205 30.2175 30.2152 30.1939 30.1939 30.1952 30.1952 30.1953 30.1953 30.2102 30.2106 30.211 
30.2308 30.2319 30.2545 30.2548 30.2551 30.2553 30.2554 30.2553 30.2548 30.2539 30.2392 30.2361 30.2327 30.2167 30.3816 30.4061 30.2494 30.3415 30.3205 29.5483 28.8666 28.7457 26.9359 23.1553 16.4947 12.7152 5.7393 5.5387 6.8945 5.1035 8.9234 12.4743 13.0172 17.1996 21.5023 25.3065 28.2762 28.5267 30.1141 30.1276 30.2496 30.2469 30.2208 30.2184 30.2164 30.1939 30.1939 30.1952 30.1952 30.1952 30.1953 30.1953 30.2106 30.2109 
30.2309 30.2538 30.254 30.2542 30.2544 30.2545 30.2544 30.2542 30.2538 30.2527 30.2378 30.2354 30.2329 30.2304 30.3885 30.4079 30.2361 30.3326 30.317 29.5374 29.4429 28.7805 26.9686 23.1684 19.1452 12.7836 5.688 5.5362 6.953 6.2509 8.994 12.477 12.8969 17.0716 21.4457 25.3073 28.2984 28.4975 30.1147 30.1253 30.2492 30.2471 30.2209 30.219 30.2174 30.216 30.1939 30.1939 30.1952 30.1952 30.1953 30.1953 30.1953 30.2108 
30.2532 30.2534 30.2536 30.2537 30.2538 30.2538 30.2537 30.2534 30.2529 30.2518 30.2368 30.2349 30.2329 30.231 30.3931 30.4085 30.2267 30.3271 30.3151 29.5298 29.4562 28.8033 26.9875 23.1732 19.2271 12.8323 5.6513 5.5325 6.9925 5.172 9.0427 12.4811 12.8142 16.984 21.4076 22.5078 28.3186 28.4796 28.6254 30.1238 30.2488 30.2472 30.221 30.2195 30.2181 30.2169 30.1939 30.1939 30.1952 30.1952 30.1953 30.1953 30.1953 30.1953 