normal_rasters/0772100000296761.ascii
ncols 53 
nrows 51 
xllcorner 158250.22699
yllcorner 383879.850006
cellsize 0.25
nodata_value -9999 
[rows 0 to 37 of 51, columns 0 to 52 of 53]
23.6301 23.5633 23.4894 19.9425 19.876 16.3055 16.3164 16.329 16.3433 16.3596 19.5895 22.7042 22.8205 30.0082 31.5458 35.8642 40.2399 43.1991 44.5689 46.2537 46.2506 46.3683 45.868 45.4994 44.8338 44.2306 43.9301 43.4814 43.4517 43.4186 43.384 43.0506 42.9608 42.8757 42.8699 42.7903 42.6116 42.6089 42.6067 42.605 42.6035 42.6024 42.6016 42.6009 42.6005 42.5145 42.5143 42.5142 42.4823 42.4831 42.7191 42.7229 42.9308
23.6892 23.6212 23.5453 23.4609 19.9152 17.3567 16.3043 16.3169 16.3317 16.3486 16.3679 19.6295 22.7621 29.9523 30.0486 35.7868 40.1906 43.156 43.2336 46.2596 46.2571 46.3812 46.3601 45.8518 44.8534 44.8186 44.2057 43.4968 43.4616 43.421 43.3776 43.0421 42.9505 42.8662 42.8593 42.7831 42.61 42.6071 42.6048 42.603 42.6016 42.6006 42.5999 42.5993 42.5139 42.5137 42.5135 42.4824 42.4832 42.7195 42.7238 42.9323 43.1275
31.7363 23.6873 23.6098 23.5227 23.4257 19.8812 17.3456 16.3031 16.318 16.3355 16.3558 16.379 22.6897 22.8394 29.9873 30.1049 35.8547 40.2305 43.1855 44.5353 46.2649 46.2613 46.3753 46.3474 45.5109 44.842 44.7947 43.9316 43.4778 43.4273 43.3716 43.0318 42.9376 42.854 42.8458 42.774 42.6077 42.6045 42.6022 42.6005 42.5993 42.5984 42.5979 42.513 42.5129 42.4814 42.4826 42.5214 42.7202 42.688 42.9343 43.3794 43.3823
31.8206 31.7071 23.684 23.5949 23.4943 21.5902 17.3536 17.332 16.3022 16.3199 16.341 16.3656 19.6036 22.7617 29.9112 30.0385 35.7468 40.16 40.2887 43.2296 46.2739 46.2718 46.2664 46.3653 46.3268 45.0406 44.8227 43.9662 43.5042 43.4408 43.3673 43.019 42.8544 42.8377 42.7635 42.6086 42.6041 42.6009 42.5988 42.5974 42.5965 42.596 42.5119 42.5118 42.4814 42.4828 42.5217 42.7212 42.6895 43.1872 43.3799 43.3833 43.386
37.3345 31.8007 23.7693 23.6789 23.5755 23.4578 19.894 17.3407 16.2837 16.3015 16.3231 16.3489 16.3794 22.6624 22.8621 29.9534 30.1141 35.8294 40.2084 43.1576 43.2968 46.2843 46.2811 46.391 46.3475 45.982 44.8647 44.7884 43.7082 43.4678 43.3679 43.0033 42.8384 42.8149 42.746 42.603 42.5987 42.5961 42.5946 42.5937 42.5933 42.5103 42.5103 42.4817 42.4834 42.5222 42.6855 42.6917 43.1879 43.3807 43.3845 43.5718 43.5928
42.2932 31.909 31.7749 23.7765 23.6713 23.5497 23.4106 19.8444 17.3244 16.2799 16.3015 16.3281 16.3605 19.5574 22.7537 23.0044 30.0202 35.6709 40.1006 40.2849 43.2761 45.481 46.2993 46.294 46.3799 46.3147 45.3604 44.8431 44.2786 43.6773 43.3812 43.2264 42.8174 42.7303 42.7193 42.5934 42.591 42.59 42.5896 42.5895 42.5081 42.4795 42.4822 42.5218 42.5231 42.6875 42.942 43.189 43.3818 43.3862 43.5719 43.5929 43.5931
42.3174 37.415 31.8971 31.7413 28.4533 23.6599 23.5152 21.5684 17.3372 17.3037 16.2756 16.3024 16.3362 16.3779 22.6103 22.8888 29.8949 30.1266 35.7699 40.1567 40.4089 43.3764 46.8495 46.3222 46.8357 46.3555 45.8283 45.3364 44.5743 44.2395 43.4284 43.0836 42.7926 42.6874 42.5771 42.578 42.5812 42.5828 42.5837 42.5048 42.48 42.4834 42.5231 42.451 42.9336 42.9431 43.3767 43.3834 43.5716 43.572 43.593 43.5933 43.5871
42.3455 42.3107 37.4016 31.88 28.5273 28.4453 23.6431 23.4683 21.5062 17.3178 17.2765 16.271 16.3052 16.3494 16.4048 22.728 25.4689 29.9848 30.2992 39.9762 40.2578 43.3901 45.4859 46.8655 46.8989 46.4271 46.2995 45.3689 45.2739 44.3638 43.805 43.0829 42.794 42.5694 42.5256 42.5606 42.5713 42.575 42.4748 42.4815 42.4856 42.4523 42.6818 42.9327 42.9448 43.3777 43.3857 43.5716 43.5721 43.5931 43.5934 43.5872 43.5873
43.6835 42.3425 42.3014 37.3822 31.8559 28.5329 28.4341 23.6181 23.403 21.421 17.2919 16.2329 16.2662 16.3115 16.3715 22.5053 22.9173 29.7848 30.1455 35.6335 40.0284 40.4448 43.5595 46.8605 46.8955 46.9098 46.4063 45.8186 45.2919 44.8369 44.3523 43.3945 42.8342 42.3 42.515 42.5566 42.5206 42.4762 42.4851 42.5262 42.5269 42.9276 42.9451 43.1666 43.3795 43.5709 43.5717 43.5723 43.5932 43.5873 43.5874 43.5875 43.6411
43.6972 43.6819 42.3378 42.2883 32.046 31.822 28.5395 28.418 23.5806 21.5455 17.3151 17.2564 16.2176 16.2617 16.3245 16.4104 22.6574 25.4613 29.9108 30.4382 39.687 40.1521 43.3466 45.6887 46.8981 46.9565 46.9196 46.0015 45.5635 44.9767 44.7426 43.9286 43.1121 42.6721 42.5907 42.5175 42.4804 42.523 42.5264 42.6903 42.9196 42.945 43.1703 43.3553 43.5708 43.5718 43.5725 43.5935 43.5875 43.5876 43.5877 43.6413 43.6471
44.3407 43.6978 42.3809 42.3302 42.2698 32.0449 28.6684 28.5471 28.3943 23.5232 21.4453 17.2835 17.2055 16.1974 16.2589 16.3516 18.8223 25.2332 25.6784 30.1816 32.9413 39.6743 42.1184 43.6773 45.9118 47.0044 47.0689 46.7121 46.117 45.401 45.1021 44.0415 43.4357 42.7112 42.3505 42.48 42.4381 42.4464 42.6868 42.9069 42.9466 43.1781 43.3621 43.5704 43.5719 43.5729 43.5938 43.5879 43.588 43.588 43.6469 43.4146 43.4097
44.3398 44.3414 43.6982 42.3807 42.3183 42.2432 32.0391 28.7087 28.556 28.3582 23.4327 20.6187 17.2367 17.129 16.1697 16.262 15.8903 19.0525 25.3809 28.3898 30.7664 33.4797 39.7609 42.3322 45.0017 46.6789 47.3557 47.0743 46.6284 45.874 44.962 44.5512 43.71 42.5539 42.2833 42.4757 42.4951 42.6784 42.8983 43.1557 43.3391 43.56 43.5699 43.572 43.5734 43.5881 43.5883 43.5885 43.6467 43.647 43.4141 43.4083 43.0573
44.3386 44.3403 44.3422 43.6982 42.3782 42.2999 42.2043 32.0275 28.7642 28.5663 28.301 21.5403 20.4577 17.1634 17.0066 16.1294 16.2856 16.1023 24.8625 25.7493 29.041 33.337 38.229 40.7379 43.4227 45.5427 47.6099 47.3173 46.6551 45.9712 45.3414 44.7067 43.7914 42.7814 42.3748 42.6697 42.6668 42.8873 43.1818 43.3647 43.5573 43.5687 43.5723 43.5744 43.5889 43.5891 43.5891 43.6466 43.6471 43.4132 43.4061 43.0546 42.5631
44.3372 44.3389 44.341 44.3434 43.6974 42.3718 42.2708 37.6536 29.0276 28.8441 28.5778 28.2049 20.7106 20.1958 17.0385 15.0853 16.0689 15.9239 19.1029 24.9388 28.5973 32.9662 35.5937 38.7767 41.2915 43.8653 46.2194 47.53 47.1175 46.4064 45.8199 44.8778 44.4753 43.7881 42.9715 42.7518 43.0657 43.2825 43.4245 43.5504 43.5655 43.5728 43.5763 43.5902 43.5903 43.6459 43.6466 43.6472 43.4113 43.0643 42.5745 42.5595 42.5479
44.3354 44.3372 44.3393 44.342 43.7304 43.6953 42.3583 42.2242 37.6332 29.2067 28.966 28.5898 28.0322 20.5265 17.141 16.7996 14.9491 15.4925 16.8623 21.5654 25.6966 30.675 35.3547 37.1921 40.2968 42.134 43.1013 47.2562 47.3642 46.9104 45.9512 45.6931 44.8858 44.3617 43.8696 43.3076 43.5878 43.5515 43.5294 43.5541 43.5743 43.5751 43.5928 43.5923 43.6455 43.6466 43.4229 43.4079 43.0606 42.5719 42.5536 42.5401 42.5302
44.2407 44.335 44.3373 44.3401 44.3436 43.7371 42.4718 42.3322 42.1474 34.6146 29.4925 29.1659 28.598 27.6922 20.1807 18.258 16.2558 14.5225 16.2841 18.5247 22.0137 29.707 32.4108 35.8865 37.5387 40.8264 42.8898 45.1983 47.1313 46.9355 46.29 45.821 45.091 44.681 44.4971 43.8386 43.5563 43.5327 43.4883 43.5829 43.5896 43.5988 43.6419 43.6447 43.6467 43.3885 43.3112 42.5988 42.5664 42.5437 42.528 42.5172 42.3988
44.2635 44.2408 44.3346 44.3375 44.3413 44.3461 43.7654 42.4782 42.2823 41.1725 33.8757 29.9864 29.5267 28.5878 21.0851 18.9569 15.0066 12.1736 11.1365 18.6985 20.7488 25.2272 31.26 32.9128 35.0646 37.8984 41.3426 42.8926 45.2108 46.5392 46.3543 45.5716 45.1421 44.9255 44.8594 44.3966 43.5468 43.5375 43.5805 43.6508 43.6132 43.6363 43.6429 43.647 43.3902 43.0056 42.9681 42.5548 42.5266 42.3982 42.3897 42.3847 41.9525
44.2629 44.2631 44.2408 44.3341 44.3381 44.3434 44.3502 43.7759 42.4752 42.1861 41.0043 35.9866 32.9713 30.2575 28.5105 23.614 18.7064 15.4796 4.726 13.447 18.8143 21.7318 26.3462 31.7036 33.6824 36.849 38.073 41.5251 43.481 45.2886 46.1232 45.5059 45.1865 44.9511 44.9218 44.9154 44.2362 43.7405 43.7398 43.517 43.6135 43.7017 43.733 43.4425 43.0146 42.9564 42.53 42.3892 42.3747 42.3673 41.9502 41.6654 41.6619
44.2622 44.2623 44.2626 44.2408 44.3335 44.3392 44.3472 44.3575 43.7891 42.4482 41.2305 38.4505 36.5507 36.485 34.5351 29.1693 24.8438 20.0495 10.2322 6.8916 14.8918 20.3073 21.3702 27.4863 31.5256 33.6507 37.2672 38.3197 41.5954 43.7021 45.3214 45.4767 45.1467 44.9921 44.8823 44.8971 44.8457 44.3267 44.2541 44.1463 43.6898 43.6832 43.4645 43.0156 42.9211 42.3771 42.3469 42.3349 41.9476 41.9374 41.6615 41.6577 41.6552
44.2615 44.2614 44.2614 44.2617 44.2408 44.333 44.3418 44.3547 44.3715 43.805 42.3638 40.9718 37.2837 37.8451 37.6947 34.5934 29.5665 27.7864 16.5734 7.1839 3.6972 15.2331 20.6651 24.1516 28.2679 32.5048 35.0625 37.8704 39.1973 42.3166 44.2637 45.1126 45.1581 44.9843 44.8989 44.9599 44.895 44.5531 44.4735 44.3371 44.0165 43.5336 42.9394 42.4305 42.3262 42.0911 42.0861 41.926 41.5986 41.6547 41.6511 41.649 41.6479
44.2608 44.2604 44.2601 44.26 44.2383 44.2407 44.3326 44.3481 44.3715 44.4185 43.8333 41.4898 40.579 38.9654 40.8642 37.3063 32.6221 27.1148 24.4578 11.3733 5.3253 4.9754 19.747 21.9908 23.8634 27.4024 32.3498 36.4998 37.7779 39.6988 42.6794 44.9475 44.9874 45.0193 44.8706 44.9535 44.8812 44.6242 44.4252 44.0107 43.623 43.1404 42.2985 42.0589 42.0102 41.8813 41.5986 41.5858 41.6426 41.6404 41.461 41.5427 41.5436
44.2602 44.2596 44.2589 44.2581 44.2573 44.2362 44.3173 44.3337 44.3663 44.4301 44.4658 43.85 41.1724 39.3981 38.5728 38.5376 34.7924 27.8248 24.5293 23.2544 9.0059 2.174 7.4173 19.9076 21.2235 24.8608 29.5516 33.2383 37.2117 38.3109 40.8965 42.4366 44.3034 45.0174 45.0081 44.9089 44.6798 44.5543 44.3665 43.7981 43.4242 42.6401 41.9048 41.626 41.6771 41.5638 41.4546 41.4567 41.5371 41.5394 41.5411 41.5424 41.5434
44.2646 44.2623 44.2579 44.2565 44.2546 44.2521 44.2307 44.3038 44.3451 44.4459 44.5239 44.5916 43.9342 40.973 38.8968 37.1468 34.4183 27.5832 26.6876 24.5722 20.3425 11.046 2.9514 9.1446 18.4055 20.8361 24.7788 28.8261 32.3687 37.1566 38.9753 41.6086 43.096 44.3923 44.9669 45.0262 44.9004 44.5071 44.0621 43.4097 43.1131 42.4267 41.6461 41.4857 41.4429 41.438 41.5262 41.5326 41.5366 41.5392 41.5411 41.5424 41.5434
44.269 44.2676 44.2654 44.2617 44.2552 44.2485 44.2398 44.2097 44.2587 44.4972 44.6757 44.6601 44.5844 44.5926 42.5382 41.5963 39.4765 37.3599 33.4859 25.9685 24.8366 17.4066 8.3353 4.4354 10.2977 19.3237 21.9812 27.1122 29.815 33.4128 38.3915 39.3292 41.8901 43.3554 44.9541 45.058 44.8859 44.2886 43.8736 43.2142 43.0796 42.3261 41.3084 41.4293 41.419 41.4389 41.4469 41.447 41.4452 41.4431 41.4412 41.4396 41.4383
44.3633 44.2737 44.2733 44.2721 44.2693 44.2629 44.2472 44.1751 44.1119 44.1998 44.3803 44.4448 44.5625 44.5351 44.5471 44.224 40.8579 39.3986 37.657 30.751 27.8406 20.7678 12.2248 6.9243 6.1102 12.4983 20.923 24.2347 29.0811 32.0924 35.6932 38.5236 39.7142 42.8816 44.8961 45.3226 45.3519 44.8311 44.1474 43.5454 42.9844 42.6277 41.9458 41.5806 41.4327 41.529 41.5386 41.4669 41.4585 41.4526 41.4484 41.4452 41.4427
44.3674 44.3672 44.3667 44.3656 44.3632 44.2889 44.2907 44.2865 44.1945 44.1013 44.0385 44.4298 44.5644 44.5554 44.5599 44.4525 43.6434 41.1094 39.5256 36.9858 29.0818 26.8791 22.7297 10.9407 5.0239 9.2146 18.3082 21.2982 25.0928 31.172 34.8878 36.6163 38.8524 40.9165 43.805 45.4233 45.4544 45.14 44.1733 43.8556 43.2587 42.8069 42.5627 41.7296 41.6419 41.649 41.5545 41.5498 41.5484 41.5481 41.5481 41.4499 41.4466
44.3716 44.3726 44.3739 44.3755 44.3774 44.3795 44.3806 44.3743 44.3452 43.9879 43.9134 44.0167 44.3139 44.4019 44.498 44.485 44.17 43.1603 39.5104 38.0955 37.3183 27.2101 24.7732 21.2627 9.6631 7.6978 12.8078 17.2126 22.9845 26.7491 34.0976 35.9861 37.7826 41.2384 42.8378 45.0817 45.7755 45.6936 44.7793 44.6188 43.8527 43.3916 42.7219 42.0471 41.7145 41.7003 41.7166 41.7345 41.7497 41.5515 41.5508 41.5505 41.5503
44.237 44.3777 44.3807 44.3849 44.3267 44.3414 44.3662 44.4127 44.1917 43.6369 43.6654 43.6459 43.8066 44.2904 44.5309 44.4508 44.1393 43.6943 41.9525 38.2766 36.7283 35.7285 26.7837 26.4857 22.892 13.7224 6.3534 10.6782 18.9974 22.0589 26.1236 35.1914 37.0659 40.2784 41.6264 44.1155 45.5521 45.9335 45.6088 44.7994 44.4159 44.0575 43.5068 42.4332 41.9485 41.762 41.7548 41.759 41.7662 41.7735 41.7803 41.7863 41.7057
44.2204 44.2249 44.2312 44.2405 44.2553 44.2811 44.3665 44.3723 44.1019 43.3842 43.0449 43.5341 43.7688 43.8368 44.0138 43.6431 42.9722 43.6646 42.4024 41.5016 37.8384 36.5876 35.2839 27.537 25.1953 22.6783 10.144 5.9941 12.3979 21.0852 22.3483 26.6778 35.9467 37.9422 41.0876 42.8999 45.6224 45.9949 45.9834 45.4852 45.2273 44.4607 44.1858 42.9663 42.3319 41.9629 41.94 41.7832 41.7835 41.7863 41.7899 41.7936 41.7973
43.9387 43.9408 43.9431 43.6899 43.705 43.9293 43.9457 43.8 43.7577 43.7604 43.1638 43.3979 43.6166 43.6272 43.7185 43.6626 43.2692 42.957 42.7579 41.9511 41.2264 37.4859 36.9087 34.9583 28.1932 23.7291 20.277 8.5036 6.2082 16.8081 22.5833 26.5487 31.3184 37.4938 39.5545 42.1655 43.6252 45.9213 46.1732 45.86 45.4686 44.9813 44.3766 44.2152 42.9256 42.1352 41.9809 41.9689 41.7994 41.7987 41.7996 41.8013 41.8034
43.6235 43.6177 43.6083 43.5283 43.5166 43.492 43.4398 43.238 43.2776 43.2699 43.4059 43.3972 43.6357 43.781 43.7908 43.6698 43.2501 42.9077 42.7354 42.4358 41.828 40.8085 37.918 37.6832 33.729 27.2227 23.5285 15.7901 8.859 7.0745 17.8931 21.5621 26.0059 31.6933 38.5402 41.3098 43.0075 44.4197 45.8686 46.0135 45.7674 45.3953 44.9008 44.3068 43.5834 42.9188 42.1387 42.1122 41.9873 41.8097 41.8087 41.8088 41.8096
43.5129 43.504 43.4906 43.4696 43.4352 43.3776 43.1548 43.041 42.9146 43.2346 43.7005 43.5746 43.7722 43.8907 43.8771 43.8614 43.8117 43.4794 42.7473 42.7968 42.0932 41.7652 40.4862 37.9768 36.4922 32.4248 26.8109 22.2827 13.7611 7.9837 11.8334 15.9695 24.9739 26.7372 34.3127 38.2053 42.2135 43.8748 44.545 45.6 45.992 45.758 45.403 44.9288 44.0299 43.546 42.9227 42.5166 42.1277 41.9999 41.9976 41.8157 41.8154
43.4902 43.4762 43.2972 43.3111 43.086 43.1381 43.1169 43.0791 43.1141 43.439 43.5904 43.7236 43.8986 43.9341 44.1022 44.2785 44.0137 43.6025 43.4056 43.1359 43.2942 42.4113 41.2334 40.1588 37.9143 35.108 30.6555 28.3015 20.5795 12.5479 6.8574 11.6161 18.8796 24.9986 28.1634 35.1842 39.6138 42.3517 43.2907 45.4536 45.5409 45.5738 45.7526 45.3982 44.0791 43.9702 43.0092 42.9286 42.5398 42.5008 42.0091 42.0073 41.8208
43.4048 43.2335 43.2297 43.2253 43.2204 43.2159 43.2161 43.2573 43.3781 43.6641 43.6741 43.8872 43.9894 43.9999 44.22 44.3786 44.2126 44.0053 44.0163 43.3109 43.7712 43.5495 41.9578 41.4541 39.8295 37.285 34.2198 29.1414 28.0217 21.5251 7.6801 7.1379 15.5045 19.8061 24.6233 29.7797 35.0277 39.8731 42.9506 44.643 45.4692 45.5171 45.7704 45.7497 45.3951 44.0143 43.9384 42.9924 42.9345 42.5556 42.5242 42.5021 42.0146
43.2434 43.2419 43.2408 43.2404 43.242 43.2484 43.284 43.3279 43.5942 43.7175 43.7831 43.8573 44.0128 43.9968 44.0932 44.2327 44.1251 44.0825 43.9684 43.9504 44.1188 44.4162 43.7632 42.2865 41.6048 39.4446 38.0149 32.9788 29.9093 29.8192 20.054 12.3069 13.0574 17.316 21.9888 25.5256 33.3878 34.7575 39.9157 43.0549 44.6843 45.4747 45.5048 45.7622 45.7481 45.3929 44.4786 43.7642 42.983 42.9397 42.5668 42.5411 42.5222
43.2501 43.2504 43.2516 43.2545 43.2605 43.2724 43.3917 43.7303 43.7371 43.7534 43.7974 43.7854 43.8357 43.9207 44.0875 44.051 44.0432 43.9399 43.9571 43.9609 44.2052 44.5454 44.0379 43.7062 42.644 40.6898 38.726 37.0839 29.7844 27.0154 26.294 17.5095 12.9002 16.0732 17.2324 25.1029 29.5072 33.7997 34.5691 42.924 43.8317 44.696 45.4769 45.4975 45.7573 45.7471 44.5222 44.4595 43.2194 42.9777 42.9441 42.5749 42.5536
43.2564 43.2581 43.261 43.2659 43.3559 43.3729 43.7349 43.7391 43.7468 43.7928 43.7905 43.8373 43.856 43.785 43.8669 43.8809 43.6439 43.7191 43.8644 43.8208 44.1135 44.2793 44.146 43.9722 43.6867 42.6857 40.0058 37.1872 34.3777 29.8975 27.061 18.6191 15.9343 15.6144 16.5751 17.1012 29.1082 33.2465 33.9685 37.7263 42.9893 43.8639 45.4567 45.4777 45.4927 45.7542 44.9327 44.497 44.4485 43.2068 42.9747 42.9479 42.5811
43.2621 43.2647 43.2687 43.3705 43.545 43.7366 43.7394 43.7779 43.7952 43.8417 43.8534 43.819 43.7744 43.244 43.5646 43.4012 43.4488 43.2273 43.4231 43.9676 44.1383 44.2644 44.4953 44.6858 44.0124 43.0352 42.2804 38.2281 35.5552 32.1344 28.4393 27.6269 17.788 15.9759 16.3357 16.7376 22.4479 29.6565 33.5824 34.0438 37.7385 43.7817 43.8763 45.4627 45.4779 45.4893 45.7521 44.904 44.4805 44.4423 43.1985 42.973 42.9512
