normal_rasters/0772100001000777.ascii
ncols 64 
nrows 65 
xllcorner 158303.865997
yllcorner 383921.401001
cellsize 0.25
nodata_value -9999 
[rows 0 to 31 of 65, columns 0 to 63 of 64]
40.0661 40.1231 40.1155 39.2799 39.2791 39.064 39.0642 39.0643 39.4764 39.3566 39.1031 39.0978 39.0913 39.0833 38.3999 38.3934 38.3848 37.8565 37.8371 37.3011 37.2583 37.2094 37.1564 36.1852 36.1658 36.1469 36.1298 35.1293 35.0794 35.0353 34.9979 34.0293 32.596 32.5509 32.5127 32.4809 29.0011 28.1483 28.0562 27.978 26.1837 26.1536 23.273 22.7524 21.8623 21.8586 21.4095 21.4027 20.8139 20.8011 18.8266 16.0107 11.8921 11.0523 7.9236 7.9019 7.8824 6.664 6.6607 6.6578 9.1967 9.2294 9.2596 9.2876
40.0723 40.0658 40.1217 40.1129 39.2797 39.2787 39.065 39.0652 39.0653 39.4763 39.3594 39.1058 39.0994 39.0913 39.0812 38.4037 38.395 37.8752 37.8541 37.8268 37.2811 37.2223 37.157 36.1893 36.1644 36.1402 36.1189 35.1168 35.0576 35.0069 34.9657 32.6286 32.5702 32.5215 32.4816 29.0386 28.18 28.0681 27.9743 26.18 26.1445 23.2725 22.7521 21.8642 21.8599 21.4117 21.4039 20.8153 20.8008 18.8253 14.6403 11.8925 11.0514 7.9243 7.9001 7.8785 6.6611 6.6574 6.6543 9.1884 9.2243 9.2575 9.288 9.3161
39.7386 40.0729 40.0654 40.12 39.2805 39.2794 39.2783 39.0661 39.0664 39.0666 39.4762 39.1514 39.1091 39.1012 39.091 39.078 38.4083 38.396 37.8773 37.8463 37.3137 37.2422 37.1603 36.1953 36.1621 36.1301 36.1033 35.0966 35.0261 34.9682 34.0184 32.5987 32.5345 32.483 30.6301 28.9703 28.0843 27.9699 26.1758 26.1334 23.2721 22.7519 21.8665 21.8615 21.857 21.4053 20.8168 20.8004 18.8236 14.6412 11.8932 11.0506 7.9252 7.8981 7.874 6.6577 6.6537 6.6504 9.1788 9.2185 9.255 9.2885 9.3192 11.6628
39.7386 39.742 40.0736 40.0647 40.1177 39.2803 39.279 39.2776 39.0674 39.0678 39.0682 39.4759 39.1576 39.1135 39.1035 39.0902 38.4252 38.4136 37.9091 37.8748 37.8267 37.2736 37.1686 36.2048 36.1584 36.1144 36.0799 35.0643 34.98 34.0349 32.6421 32.5544 32.4855 30.6537 29.0063 28.1069 27.9646 26.1709 26.1193 22.7702 22.7519 21.8693 21.8633 21.8581 21.4067 20.8185 20.7996 18.8213 14.6424 11.8943 11.0499 7.9265 7.8959 7.869 6.6539 6.6495 6.6459 9.1678 9.2118 9.2522 9.2891 11.6324 11.6675 14.8561
39.7636 39.7422 39.7463 40.0743 40.0638 40.0516 39.2799 39.2783 39.2766 39.0691 39.0697 39.0702 39.4755 39.1661 39.1193 39.1065 39.0889 38.4372 38.4195 37.9174 37.8601 37.3243 37.1867 36.2205 36.1517 36.0882 35.1393 35.0123 34.0677 32.7125 32.5866 32.4903 30.6865 29.0566 28.8963 26.248 26.1652 26.1011 24.2513 22.7522 21.8728 21.8655 21.8592 21.4083 20.8203 20.7984 18.8182 14.644 11.0859 11.0495 7.9283 7.8936 7.8632 6.6495 6.6446 6.6406 9.1548 9.2039 9.2488 9.2897 11.6345 11.673 11.7076 18.1206
39.2321 39.7671 39.7468 40.0443 40.075 40.0625 40.0476 39.2794 39.2773 39.2751 39.0712 39.0721 39.0729 39.4747 39.2582 39.1274 39.1106 39.0869 38.4549 38.4247 37.9166 37.5922 37.2237 36.2493 36.1384 36.0406 35.0892 34.9275 34.0123 32.6423 32.4995 31.3087 30.1243 28.9164 26.2672 26.1585 26.0769 24.2439 22.7531 21.8772 21.8682 21.8606 21.4101 21.3978 19.7715 17.4454 14.6462 11.0918 11.0494 7.9309 7.891 7.8564 6.6443 6.6389 6.6346 9.1396 9.1947 9.2449 9.2904 11.6371 11.6794 11.7174 18.1286 18.1765
39.2238 39.2362 39.7714 39.7526 40.0467 40.0758 40.0604 40.042 39.2785 39.2757 39.2728 39.0739 39.0753 39.0767 39.4734 39.2658 39.1391 39.117 38.5045 38.4843 38.0169 37.8745 37.4691 36.3086 36.1076 35.9453 34.9948 34.0723 33.3655 32.5176 31.3246 30.1444 28.9451 26.2991 26.1508 26.0437 24.2347 22.7549 21.8831 21.8716 21.8621 21.412 21.3972 19.7699 17.4455 14.6492 11.0998 11.05 7.9343 7.8882 7.8485 6.6382 6.6321 6.6274 9.1215 9.1837 9.2402 9.2912 11.6402 11.6871 11.7288 18.138 18.1903 25.5093
38.5834 39.2265 39.2413 39.7763 39.7601 40.0496 40.0766 40.0574 40.0341 39.277 39.2732 38.8373 38.8445 39.0799 39.0826 39.4711 39.2753 39.1563 39.1299 38.5883 38.2545 38.0243 37.5102 36.4467 36.0261 35.7294 34.2676 33.4322 32.554 31.3414 31.1913 29.5357 26.3547 26.1428 24.8311 24.2227 22.7584 21.8911 21.876 21.8639 21.4141 21.396 19.7672 17.4456 14.6532 11.1108 11.0513 7.9391 7.8851 7.8391 6.6309 6.6241 6.6189 9.0997 9.1706 9.2347 9.2921 11.644 11.6962 11.7423 18.1491 23.3281 25.5136 28.94
38.5732 38.5867 39.2298 39.7692 39.7828 39.7954 40.0532 40.0774 40.0528 40.0224 39.2746 39.2692 38.8423 38.852 39.087 39.093 39.2469 39.1719 39.1791 38.6488 38.7711 38.5085 37.539 36.6906 35.8726 34.8254 33.7158 32.2006 31.3426 31.1061 28.5311 27.3525 26.1371 24.8189 24.324 22.0645 22.0415 21.8819 21.8659 21.4161 21.3937 19.7625 17.4456 14.6589 14.593 11.054 7.9458 7.8817 7.8279 6.6221 6.6144 6.6087 9.0734 9.1548 9.2279 9.2932 11.6488 11.7072 11.7583 18.1621 23.3329 25.5186 28.9407 28.9634
38.561 38.5743 38.5905 39.234 39.7754 39.7915 39.8074 40.0577 40.0394 40.0455 39.2267 39.2705 39.2622 38.8479 38.8614 39.0993 39.1149 38.61 39.1379 39.1256 38.8447 39.6593 39.1929 36.5099 35.8749 34.506 32.5391 31.6213 30.89 28.5953 28.3755 25.459 24.8051 23.432 22.9958 22.056 21.8904 21.8682 21.4178 21.3894 18.8497 17.4453 14.6671 14.5858 11.0588 7.9553 7.878 7.8142 6.6113 6.6025 6.5963 9.0411 9.1353 9.2196 11.5795 11.6548 11.7205 18.098 18.1777 23.3386 25.5246 28.9416 28.9667 32.991
38.5468 38.5594 38.5753 38.5951 39.2395 39.7841 39.8036 39.8241 40.0635 40.0387 40.0334 39.2308 39.2633 38.8421 38.853 38.8725 38.917 38.6544 38.7148 38.9655 38.5104 38.2182 37.1863 36.1489 34.0859 32.4464 31.0215 29.986 28.8832 28.2954 25.6451 24.7966 23.816 22.6004 22.0807 21.9032 21.8706 21.4186 21.3814 18.8528 16.9744 16.9188 14.5767 11.067 10.9754 7.874 7.7971 6.5978 6.5876 6.5809 6.5768 9.1112 9.2093 11.5761 11.6623 11.7369 18.107 18.1965 23.3453 28.9114 28.9427 28.9706 32.9892 33.0147
38.5303 38.5418 38.5567 38.576 38.6008 39.2469 39.7963 39.8212 39.8483 40.0711 40.0361 40.0127 39.2371 39.2498 38.8436 38.8523 38.8786 39.0104 39.1044 38.7858 38.5135 37.5647 36.5677 36.0864 33.3275 31.9579 29.5974 28.6179 27.9001 26.7913 24.8389 23.7875 22.9224 22.5356 21.9246 21.8723 21.8406 20.3853 18.8566 16.982 16.9083 12.8563 11.0807 10.0356 7.8699 6.9976 6.945 6.5686 6.5614 6.5575 9.0808 9.1964 11.5722 11.672 11.7572 18.1182 18.2193 23.3536 28.9087 28.944 28.9752 32.9873 33.0157 35.3402
38.5117 38.5214 38.5345 38.5522 38.5759 38.6079 39.2573 39.8136 39.8483 40.1149 40.0809 40.0284 39.9757 39.2469 38.8206 38.8439 38.8205 38.7972 39.2528 39.2551 37.4695 37.0145 35.8896 34.3111 31.7446 30.0506 28.5883 27.6469 26.6287 25.1004 23.7911 22.7976 22.5827 21.9661 21.87 21.8218 21.1976 18.8613 16.9943 16.8924 12.8717 11.104 10.0339 7.8659 6.9873 6.9217 6.5438 6.5362 6.5331 9.0419 9.1798 11.5679 11.6845 11.7829 18.1323 23.3071 23.3636 28.9056 28.9457 28.9808 32.9853 33.0171 35.3397 35.368
37.2209 38.4984 38.5087 38.5235 38.5445 38.5744 38.6171 39.2731 39.8418 39.8924 40.1449 40.0923 40.0084 39.1743 39.1305 38.5902 38.7666 38.5987 38.0213 37.7769 37.2689 35.3956 33.9943 32.6315 30.5027 29.138 27.6189 26.6557 25.5102 24.0839 22.8292 22.9468 22.0644 21.848 21.6347 20.7613 18.8671 17.0152 16.8667 12.8989 12.7835 10.0353 7.0867 6.9749 5.6723 6.5105 6.5029 6.5013 8.9909 9.1581 11.5628 11.701 11.8156 18.1503 23.3111 23.376 28.9019 28.9477 28.9876 32.9833 33.019 35.3395 35.371 35.3987
37.2196 37.2265 37.2345 38.4901 38.5063 38.5312 38.5697 38.6291 38.7205 39.8929 39.9704 40.3289 40.0959 39.956 39.1912 38.9869 38.9499 39.362 37.4348 36.6657 36.1496 33.5894 33.4684 31.1087 30.0208 28.4293 26.9563 25.5184 24.6934 22.8386 22.6341 22.5997 21.5952 20.8653 20.7538 18.8729 17.0535 16.8218 12.9501 12.7759 10.0436 7.1133 6.9597 5.6532 6.464 6.4573 5.2154 8.9229 9.129 11.557 11.723 11.8583 18.1736 23.3163 23.3916 28.8974 28.9504 28.996 32.9812 35.4329 35.4697 35.3751 35.4058 37.2704
37.2172 37.2245 37.2333 37.2437 37.256 38.4786 38.5074 38.5576 38.6454 39.261 39.9991 40.0058 40.3369 40.0177 39.3737 39.0511 38.3921 37.983 37.5996 35.4576 34.0147 33.4301 31.0074 30.2119 29.3886 25.9464 25.4379 24.9478 24.2268 22.6681 22.4645 21.3962 21.006 20.7207 18.8724 17.1243 15.2826 13.0545 12.7686 10.0683 7.1636 6.941 5.6245 6.3962 5.163 5.1966 8.8295 11.299 11.5502 11.7532 11.915 18.2043 23.3231 23.4115 28.8919 28.9538 29.0064 32.9792 35.4299 35.4715 35.3808 35.4149 37.2716 32.7597
37.2134 37.2209 37.2301 37.2415 37.2557 37.273 38.4323 38.4623 38.5268 38.6669 39.0113 40.2719 40.6216 40.2303 39.7856 39.369 38.6731 37.6756 35.2237 33.9151 32.6485 31.7184 30.4401 29.3102 27.5981 26.2621 24.3553 23.926 23.2312 22.5029 21.9139 21.1066 20.3912 18.7453 17.5939 15.4467 14.9438 12.767 10.1329 7.2639 6.9182 5.5788 5.4655 5.1211 4.7924 7.7165 11.2214 11.5422 11.7955 11.9922 23.2027 23.3323 23.4374 28.885 28.9583 29.0197 32.9773 35.4272 35.4748 35.3884 35.4265 37.2732 32.7619 15.7455
37.2082 37.2154 37.2245 37.2363 37.2517 37.2719 37.2979 37.3296 38.3717 38.4434 38.687 39.1746 40.8777 40.9937 39.5104 38.9155 38.2409 35.201 33.7182 32.9114 31.5865 31.2241 29.27 28.3464 26.0298 24.9796 23.7558 23.5169 22.7478 21.7194 20.7513 19.8407 18.9204 17.0944 16.2504 14.7901 12.7813 10.2982 8.0171 5.7936 5.5007 5.3422 5.0526 4.7572 4.8088 11.111 11.5325 11.8566 16.5348 23.1849 23.3449 23.4717 28.8762 28.9643 29.0369 32.9757 35.4252 35.4801 35.3988 37.2769 37.2751 32.765 21.1947 15.7157
37.2014 37.2077 37.216 37.2271 37.2423 37.2638 37.2946 37.3381 37.3948 38.1863 38.1985 38.2473 39.9575 40.4292 39.6622 38.1783 37.5459 34.2569 33.1405 31.6792 30.6889 29.322 28.3398 27.297 25.1503 24.5563 23.4318 22.5996 21.6552 21.0917 20.2691 19.3253 16.8394 16.3836 14.8043 12.8645 11.5177 8.2121 5.8707 5.3575 3.8337 4.9287 4.6944 4.7825 10.9477 11.5208 11.9478 16.5972 23.1609 23.3628 23.5184 28.8647 28.9725 29.0595 32.9748 35.4244 35.4883 35.4129 37.2799 37.2777 32.7691 21.5212 15.7222 15.6815
36.5288 36.5665 37.2044 37.2133 37.2261 37.2453 37.2757 37.3267 37.4146 37.5469 37.5952 37.4005 37.4608 37.6089 39.1886 37.3376 34.5906 33.0291 31.3671 30.3344 29.8037 28.5353 26.8617 25.5048 24.3614 23.3433 22.7581 21.7705 21.0853 19.7392 18.3575 17.6679 16.1834 14.4535 12.5701 11.6942 8.3906 7.2149 5.0953 3.7446 4.6709 4.5696 4.7405 7.0189 11.5062 12.089 16.6953 23.1273 23.3889 23.5837 28.8493 28.9839 29.09 32.9752 35.4258 35.5008 35.4324 37.2839 37.9118 32.7746 21.5349 15.7308 15.6835 10.6213
35.6175 36.4836 36.5236 36.5797 37.2028 37.2145 37.2344 37.2722 37.358 37.6068 38.5257 37.0936 36.9206 36.3294 34.7723 34.2965 32.5338 31.7014 30.5291 29.3952 28.3282 26.2887 25.8079 24.3741 23.3844 22.4693 22.1821 20.7207 20.3482 18.8516 17.6488 15.7107 14.441 13.1807 11.4397 8.4357 7.225 4.4333 3.4354 3.2401 4.2828 5.2888 6.9907 11.4873 13.7361 16.8541 23.079 23.4284 26.8599 28.828 29.0005 32.523 32.9778 35.4308 35.52 38.3299 38.3455 37.9129 32.7823 21.5532 15.7423 15.6866 10.6224 10.2727
34.4826 34.5187 34.5729 34.6547 36.5011 36.587 37.1733 37.1692 37.1544 36.8415 36.4742 35.5212 35.7559 34.0317 33.7982 33.1848 30.8789 30.1992 28.1577 27.9057 26.7745 25.5559 24.3428 23.7257 22.8632 21.9151 20.966 19.9292 19.4029 17.391 16.1049 14.935 12.6645 10.8165 9.7879 7.5178 5.0424 3.3294 1.9012 3.0882 4.967 5.8958 12.8023 14.5341 20.5061 20.875 23.4909 26.8456 26.9817 29.0253 32.5138 32.9848 35.4421 35.5494 38.3317 38.3503 37.9145 32.8565 27.4656 15.7578 15.6913 10.6238 10.6154 10.2665
32.343 33.142 33.1542 33.1739 34.477 34.5891 34.6236 35.2745 35.6785 35.5525 35.0823 34.2277 34.169 32.4081 31.4382 30.3596 29.8498 28.6168 27.5026 26.7831 25.3264 25.1634 23.6915 22.6478 21.8733 21.4133 20.0455 19.2112 17.3483 16.0932 14.0591 12.169 11.6561 9.6801 6.2406 4.2174 3.4668 2.4619 2.1306 5.3404 7.5622 11.4075 16.1755 18.6761 21.0098 26.528 26.8197 27.0181 30.5683 32.5069 32.6674 35.4648 35.5952 38.3349 38.3574 37.9168 32.8779 27.4766 15.7792 15.6984 10.6258 10.6158 10.2663 10.2594
32.3471 32.3557 32.3659 32.3776 32.5696 32.5708 33.1007 33.1049 33.063 32.6679 32.6692 32.1944 31.974 30.8085 30.4081 29.6513 28.7578 27.2805 26.8772 25.7683 25.0605 23.7327 22.9506 22.1859 21.2422 19.7619 18.2775 17.6312 16.1536 15.2576 13.0318 11.6028 8.3224 6.9076 3.7782 2.9602 2.9014 2.6795 5.5753 9.8828 11.6637 15.4827 18.7367 21.2935 25.4458 26.7662 27.0796 30.5317 32.5084 32.7245 35.1828 38.099 38.3406 38.3682 37.9202 32.9092 27.235 21.4803 15.7092 10.6287 10.6164 10.2661 10.258 10.2513
32.35 32.3602 32.373 32.3892 32.4098 32.4348 32.6205 32.596 32.1807 31.5829 31.3748 31.0276 30.5002 29.8341 28.5225 28.0398 27.637 26.3622 25.8843 24.9853 24.1767 22.9185 22.5646 21.2063 19.9414 19.4435 17.6826 16.8146 14.7654 12.3071 10.498 9.0421 7.0189 5.4014 2.568 2.4773 4.1867 4.7006 9.4754 11.7653 13.9884 18.8066 23.6819 24.3094 26.6302 29.2779 30.4774 32.1402 32.836 35.2721 38.101 38.3507 38.9908 37.9254 32.9563 32.7757 21.5005 15.7257 15.623 10.6176 10.2661 10.2563 10.2484 9.2378
32.3509 32.362 32.3766 32.3962 32.4241 32.4661 32.5317 32.607 32.4548 32.0499 31.8501 30.0415 28.8514 28.584 27.7581 27.0619 26.3344 25.6037 24.5264 23.7188 22.6228 21.8998 21.244 20.1972 18.961 17.4395 16.0262 14.8616 13.549 10.7712 9.0854 6.772 3.591 2.8771 2.219 3.2067 5.294 8.5836 12.0848 15.0081 19.6644 20.924 24.5638 26.1622 29.0307 30.0887 32.28 34.4544 38.0171 38.1077 38.3695 38.9942 37.9339 37.9613 32.7895 21.533 15.7512 15.6201 10.6195 10.2663 10.2543 10.2448 9.2404 9.2335
31.663 31.6926 31.9994 32.0366 32.0906 32.1756 32.5684 32.8586 33.1833 32.2158 30.7044 28.9213 28.4497 27.5292 26.6573 26.4299 25.2804 24.5103 23.2844 22.8041 21.908 21.6534 19.9006 18.8825 17.6512 16.2469 15.4314 13.2165 10.4631 8.75 7.4621 3.6459 3.5041 3.2229 2.9916 6.1961 9.6317 12.5115 14.6884 19.5104 21.3919 25.6709 26.4764 28.6058 30.6668 32.7384 34.8226 37.9819 38.1262 38.4061 39.0005 38.2477 37.9615 32.8167 27.0877 15.7918 15.6192 10.6227 10.6026 10.2518 10.2402 9.2437 9.2353 11.879
31.6354 31.6582 31.6885 31.7302 31.7911 31.8857 32.0415 32.3178 32.254 30.8471 29.4348 28.4953 27.766 26.7562 26.2759 24.9825 24.4647 24.0481 22.6467 21.7339 20.6962 20.2959 17.8329 17.7736 15.7717 14.3078 12.1435 10.9498 8.519 7.432 3.2464 2.6864 3.6558 4.2388 6.4327 10.7755 12.6929 16.8795 17.6011 20.8527 24.4387 29.886 29.4579 33.4523 35.3536 36.5251 37.9324 38.1766 38.9047 39.0127 39.0638 37.9631 32.6297 27.1028 21.246 15.6223 10.6282 10.6015 10.2486 10.2342 9.2479 9.2375 11.8616 11.9204
31.6028 31.6165 31.6333 31.6541 31.6797 31.7103 31.587 31.6396 30.7174 29.5709 28.2083 27.4161 26.6488 26.0627 25.3697 23.8909 22.676 21.8373 21.6766 20.7662 19.9509 18.6067 16.3049 15.0363 13.5018 12.4867 10.6229 8.5716 6.1883 4.0582 3.3162 3.5355 5.4597 5.4547 11.4046 12.4089 15.5633 18.5815 21.7198 24.0493 26.547 28.4242 32.0591 34.9536 36.5917 37.5846 38.3017 38.9345 39.0428 39.0683 37.9693 32.7821 27.1461 18.5478 15.6338 10.6376 10.6007 10.2445 10.2261 9.2534 9.2404 11.8381 11.9111 11.9721
31.5678 31.5716 31.5738 31.3452 31.3485 31.3334 31.2616 30.5778 29.1992 28.1414 27.1163 26.6081 25.341 25.4371 24.3462 23.4431 22.5915 21.6358 20.8265 19.6886 17.2431 16.1885 15.0531 12.5031 11.9919 9.302 6.5218 5.563 3.4603 1.9115 3.2574 4.2096 7.8973 9.7606 13.7733 17.063 19.7618 21.151 24.4257 24.499 29.5762 32.6901 32.2229 35.8033 37.8869 38.3441 39.0735 39.1404 39.0771 37.991 33.1211 27.2635 18.6298 15.6628 10.6551 10.6009 10.2389 9.582 9.2611 9.2443 11.8055 11.8983 12.5222 12.5707
31.2819 31.2831 31.2807 31.2709 30.6096 30.546 29.4018 29.1643 28.6805 27.0595 26.24 25.0507 24.1922 23.5649 22.9765 22.2792 20.7336 20.2264 18.8681 17.4236 16.2002 14.7179 13.6413 11.436 10.0842 6.4239 6.127 1.8741 1.4848 3.4072 6.4359 9.5398 12.6642 14.4134 19.0655 18.5295 22.1968 25.2327 26.1724 29.2294 31.662 32.4054 34.3774 36.3534 37.6737 39.5036 39.4978 39.0965 38.0827 35.538 27.6116 18.8302 18.1561 15.1984 10.6038 10.548 9.5827 9.5829 9.2496 11.7585 11.8799 12.5212 12.0317 12.0536
31.2505 30.5357 30.5226 30.4936 30.4364 29.2505 29.1241 28.8873 26.7628 25.5483 24.5558 23.7608 22.3642 21.6994 21.8705 21.1751 19.6967 18.909 16.694 15.7791 14.4696 12.7405 11.0835 8.9735 6.2441 4.6085 3.562 2.3212 4.7958 8.446 9.7054 12.0968 16.0857 20.181 21.3306 26.7324 24.9041 26.7481 29.2068 32.1018 33.8735 35.0218 34.6592 36.4215 37.4713 37.7837 38.8183 38.5566 36.2154 30.5427 23.9095 17.9992 14.9846 10.6142 10.5235 9.5832 9.5836 9.2574 11.6878 11.8523 12.5194 12.0436 12.0716 12.0907
