normal_rasters/0772100000293567.ascii
ncols 54 
nrows 42 
xllcorner 158648.323002
yllcorner 383603.233002
cellsize 0.25
nodata_value -9999 
39.7694 39.7676 39.7638 39.7575 39.748 39.7352 39.697 38.4327 38.3376 37.8474 35.6969 33.6306 33.4709 30.9069 28.3209 24.4386 24.3069 24.1678 20.434 20.3402 18.568 17.7281 17.6493 23.2405 23.1203 22.8174 22.7719 22.9881 22.7125 22.6793 16.4484 16.4772 17.4372 19.1915 19.8319 19.9519 22.5399 30.4634 31.6756 38.6953 38.815 38.9355 39.0476 40.8286 40.8668 40.9003 40.9277 40.9487 40.9637 41.4097 41.4143 41.4169 41.5798 41.8582 
39.7833 39.783 39.7804 39.7749 39.7655 39.7517 39.7118 39.6883 38.3902 38.2619 35.7426 33.6594 33.4632 30.9064 28.3294 26.4258 24.335 24.1622 20.4501 20.3344 19.0093 17.7516 17.654 23.1829 23.144 22.9049 22.8508 23.0392 22.6915 22.5687 16.4522 16.2142 17.438 19.1866 19.837 19.9883 22.5651 29.8127 31.6013 38.6615 38.8124 38.9658 39.1074 40.8352 40.883 40.9233 40.9544 40.9765 41.4179 41.4242 41.4276 41.5886 41.8619 41.86 
39.9056 39.8006 39.7999 39.7959 39.7874 39.7731 39.7314 39.7035 38.4588 38.3076 35.8085 33.7019 33.4555 30.9067 28.3427 26.476 24.3757 24.1562 21.9747 20.3286 19.0152 17.7841 17.6608 23.0933 23.1709 23.0272 22.9641 22.5656 22.6598 22.4127 16.4564 16.2356 17.438 19.6483 19.8445 20.0401 24.0553 28.0679 30.8571 37.4133 38.8014 39.0026 39.1866 40.8462 40.9074 40.9559 40.9903 41.0122 41.437 41.4416 41.8691 41.8666 41.8641 42.5418 
40.0007 40.01 39.8227 39.8214 39.8149 39.8011 39.7781 39.7246 39.6821 38.3704 38.1567 33.7663 33.4489 30.908 28.3643 28.2294 24.4367 24.1506 21.9759 20.3233 19.0236 18.5242 17.6707 22.9496 23.1984 23.0865 23.1359 22.6372 22.6066 22.1837 16.4608 16.2655 17.4363 19.5937 19.8561 20.1168 24.1599 27.8482 30.2555 37.3585 38.7737 39.0474 39.295 40.8653 40.9454 41.0031 41.039 41.4541 41.4607 41.876 41.8728 41.8694 42.5404 42.5498 
40.008 40.02 40.0324 39.8519 39.8494 39.838 39.8141 39.7552 39.7006 38.4577 38.1931 33.868 33.4462 30.9106 28.3999 28.2201 24.5313 24.1473 21.9811 20.3201 19.0366 18.5413 17.6861 22.7122 23.2167 23.2597 23.3439 22.742 21.982 16.3751 16.2001 16.3095 18.0055 18.6395 19.8751 20.2346 24.7605 26.9646 30.1704 37.2531 38.7115 39.1004 40.7617 40.901 41.0077 41.0728 41.478 41.488 41.8857 41.8812 41.8765 42.5396 42.551 42.5597 
40.0144 40.0294 40.0459 40.063 39.8924 39.8871 39.8651 39.8013 39.7298 38.5803 38.25 34.0354 33.4541 30.9143 28.4609 28.2126 24.6828 24.1524 21.9934 20.3219 19.0588 18.9239 17.7106 22.308 23.1892 23.5121 23.7805 22.9059 21.6875 15.8564 16.2062 16.3806 17.2859 18.6016 19.9082 20.5541 22.6978 25.0314 30.0368 37.0445 37.5309 39.1557 40.7513 40.9748 41.1139 41.5135 41.53 41.735 41.8933 41.8863 42.5406 42.5544 42.5644 42.5717 
40.019 40.0372 40.0584 40.0824 40.1076 39.9517 39.9388 39.8911 39.7793 39.6456 38.3389 34.3249 33.4887 30.9158 28.5697 28.2144 25.8316 24.1831 22.0161 20.3342 19.1027 18.875 17.6456 21.6118 22.7116 23.8623 24.6467 23.1678 21.0205 15.82 16.1977 16.5092 17.6784 18.5333 19.9676 20.7722 22.7132 24.8581 27.8434 34.1958 37.3488 39.5571 40.7433 41.1468 41.297 41.6015 41.7705 41.9126 41.9009 42.5455 42.5621 42.5731 42.5806 42.5856 
39.8391 39.8679 40.0678 40.0997 40.1374 40.0724 40.0452 40.008 39.8702 39.6611 38.7712 35.2849 33.5882 31.7409 28.9273 28.252 25.9922 24.2918 22.4167 20.3096 19.2085 18.7648 17.6887 16.7685 21.7889 23.9355 26.5179 23.3118 19.336 15.4036 16.1274 16.7738 17.6439 17.7538 20.1209 21.5052 22.744 24.6137 28.0269 34.0435 36.7927 39.2818 40.6961 41.5613 41.741 41.8351 41.9487 42.5287 42.56 42.5783 42.589 42.5954 43.7931 43.8285 
39.9633 39.8588 39.8979 39.9506 40.1623 40.2293 40.2098 40.2042 40.0503 39.7033 38.7571 36.4708 33.0236 31.4797 29.1185 27.965 26.1529 23.9551 22.283 20.3016 19.5058 18.3506 17.7334 16.6311 19.074 19.3759 39.6287 18.7087 17.4656 15.6635 15.7348 17.1862 17.6706 17.8185 19.0723 21.3521 23.1671 24.4276 28.1674 32.8771 35.0095 38.3978 40.152 41.8984 42.0013 42.0462 42.4153 42.4373 42.446 42.4478 43.7761 43.8292 43.8657 43.8912 
39.9411 39.9679 39.8784 39.9323 40.0124 40.1523 40.4081 40.5054 40.4424 39.8114 39.0807 37.4339 33.9461 30.6075 29.4289 28.7811 26.3049 24.9866 21.5661 20.2434 19.1404 18.1555 17.6325 16.0406 15.3654 19.5347 21.6497 18.4774 14.4571 14.6711 14.7203 16.0323 17.1541 18.0828 18.6395 21.1793 23.3611 24.7207 26.6667 32.1802 35.244 37.3135 39.7731 41.2757 42.4229 42.5095 42.5172 42.5099 43.7626 43.8496 43.9016 43.9328 43.9515 43.9628 
40.124 39.9327 39.962 40.0063 39.9602 40.0818 40.3144 40.7855 40.9019 39.921 39.4147 37.547 33.723 30.8783 30.0585 27.5726 26.1974 24.1655 21.8538 19.9889 17.8799 17.3363 15.9452 15.426 14.2315 13.517 14.5545 13.2097 13.0334 13.6818 13.9701 14.3083 15.7647 17.4982 18.3244 19.1584 22.8636 24.6307 26.7073 29.1953 34.9334 37.6507 38.9926 41.2221 42.1588 42.6096 43.5819 43.7611 43.8392 43.8693 43.8781 43.8777 43.8732 44.2087 
40.0886 40.0982 40.1128 39.9285 39.9655 40.0297 40.0427 40.2551 40.1751 38.9852 38.3375 34.8625 33.4518 30.7818 28.6843 26.7019 25.214 22.9102 21.2534 18.9744 17.4349 15.767 15.2047 14.422 13.5533 12.7227 12.3098 11.962 11.7007 11.8291 13.0965 13.5249 15.1882 16.3186 17.4528 18.8081 20.2362 23.406 25.6744 28.6301 31.8131 36.5402 38.9137 41.2461 43.7641 43.9225 44.1357 44.1349 44.0911 44.35 44.3179 44.2928 44.2731 44.2572 
40.051 40.0496 40.0479 40.0457 39.6716 39.6599 39.7556 39.476 39.0673 38.5865 37.8605 35.8131 32.6962 30.7209 28.6785 25.9071 24.3017 22.5385 19.9007 18.3865 17.2627 15.1131 14.6339 13.6387 12.9099 11.4553 11.0565 11.0953 10.8936 10.6362 11.5577 13.1615 14.1863 15.5865 16.69 17.995 19.6512 21.9078 25.4617 27.9178 31.1889 36.1136 39.05 41.2406 44.9469 45.8522 44.8815 44.4758 44.2777 44.1634 43.9452 43.8821 43.8371 43.8036 
39.6424 39.6373 39.629 39.6149 39.591 39.5494 39.0787 39.067 38.896 37.9635 37.2346 36.1696 32.0909 30.1325 28.0298 25.9864 23.0727 21.4583 19.8023 17.5467 16.2133 15.0382 13.9702 12.8513 12.182 10.7831 10.2719 9.8446 9.838 10.4202 10.796 11.7392 13.6566 14.5249 15.7801 17.4146 19.3425 21.7056 24.2454 27.401 30.1541 35.5555 38.2507 41.8088 44.5472 46.0119 44.7771 44.2829 44.1413 44.0027 43.9169 43.8595 43.8187 43.7883 
39.6202 39.0669 39.0824 39.1043 39.1369 39.1895 39.2137 39.3854 39.1449 37.4554 36.7788 33.6603 31.7353 29.7089 27.4477 25.9309 22.8054 21.0591 18.5034 17.442 15.7358 14.4692 13.1382 12.4139 11.5995 10.1571 9.8374 9.4068 9.0793 9.3906 10.3279 11.1255 12.0187 14.0192 15.4576 16.9197 18.9957 21.0585 23.8878 26.5224 29.4144 32.36 37.6398 40.0605 41.4249 42.9489 43.2156 43.9214 43.8567 43.8005 43.8543 43.3533 43.3013 43.2621 
38.733 38.7545 38.7841 38.8267 39.1262 39.0776 39.1782 39.2892 38.966 37.7443 37.2355 33.5367 32.1234 30.0237 27.3698 25.6041 22.7152 20.1221 18.7159 16.7904 15.7362 14.2971 12.9438 11.8586 10.5503 9.88 8.411 8.4101 8.6048 8.7874 9.3237 10.5547 11.7809 12.873 15.3262 16.3853 18.0946 21.548 23.7562 26.0371 29.0679 30.7794 33.1935 37.6195 40.4622 41.2357 41.9715 42.2232 42.1671 42.1012 42.0455 42.0015 41.9672 41.9402 
38.1774 38.1968 38.2226 38.2583 38.3092 38.3825 38.6071 38.5695 38.1097 37.5655 35.9341 33.8047 31.7605 29.0054 27.5704 23.9228 22.7525 20.3373 18.5053 17.1651 15.8901 13.8976 12.6203 11.5373 10.488 8.8876 7.7991 7.7014 7.6172 8.2658 8.8059 9.7213 11.0306 12.9035 14.2169 16.3767 17.5739 20.1518 23.725 25.0135 27.6982 30.5534 32.6902 35.2834 37.062 38.2071 38.2252 40.2987 40.4514 40.5402 41.6692 41.7096 40.8949 40.8906 
38.1062 38.1048 38.0996 38.0868 38.0576 37.9915 37.8444 37.38 36.9189 36.4124 35.2216 34.0691 32.0675 29.2838 27.2387 24.7798 22.4793 20.2547 18.7607 16.6617 15.765 14.1825 12.6219 10.9155 10.2658 8.1567 7.7049 6.8954 7.1622 7.3949 8.2558 9.1381 10.7667 12.0128 14.6157 16.0356 18.1078 20.5712 23.183 25.0185 26.8689 30.0233 33.9118 36.2496 36.9013 37.9985 38.1055 38.1221 38.5236 38.5262 38.5257 40.5779 40.6335 40.6744 
37.5502 37.5357 37.5115 37.4703 37.1688 37.0968 36.3722 36.4473 36.5684 35.9728 34.684 33.5995 31.6067 30.082 26.2831 25.0823 21.7537 20.089 18.6669 16.4666 15.2666 13.4685 11.9403 10.6788 9.2412 7.9827 7.0011 5.9524 5.9818 7.0839 7.6251 9.0612 10.5434 11.8312 13.6114 15.652 18.6178 20.0873 22.6161 25.5619 26.9023 29.4397 32.6571 36.9265 38.1391 38.275 38.2224 38.1367 38.0958 38.0714 38.2529 38.2423 38.2347 38.2291 
37.4377 37.3975 36.4968 36.4548 36.1936 36.1805 35.7849 35.925 35.9831 34.82 34.0925 33.2918 31.63 28.9234 27.0778 24.4685 21.9461 20.6022 18.2777 16.9642 14.497 13.4914 11.7894 10.6773 8.6135 7.5922 6.2763 5.5478 5.5567 6.0982 7.7639 8.4021 10.0128 11.6763 13.3139 14.6031 17.8814 21.4263 22.784 24.9586 27.8172 29.3495 32.9135 35.3478 38.0862 38.3625 38.1574 38.2977 38.2688 38.2518 38.2407 38.233 38.2493 38.2439 
35.7375 35.7415 35.7459 35.7505 35.7544 35.7543 35.6413 35.5782 35.3756 34.4522 34.0028 32.9974 31.8623 28.8806 26.6346 24.9259 22.4722 20.4548 18.4801 16.5906 14.4606 13.045 11.5488 10.6906 8.7296 6.8447 4.6688 4.5768 5.465 6.0458 7.025 8.5754 9.5206 11.08 13.2041 14.7356 16.7742 20.5842 23.2663 24.2607 27.2602 29.8013 31.9825 35.4061 37.4442 37.9559 38.2528 38.195 38.1787 38.1676 38.16 38.1547 38.1508 37.9658 
36.1189 36.1096 35.7135 35.8322 35.7289 35.6956 35.1706 35.245 35.4406 34.7864 33.9032 32.9129 31.6956 30.0832 26.6755 24.3571 22.5567 20.5944 18.5153 15.555 14.7725 13.5034 11.5073 10.1693 8.4422 6.918 4.4427 3.7919 3.7617 5.7334 7.0984 8.2967 9.5449 11.0222 12.8648 15.3854 17.6521 19.1207 22.7322 25.7262 27.5239 29.462 31.6132 35.4593 37.1647 38.2954 37.9465 37.8503 37.7767 37.9632 37.9511 37.9438 37.8138 37.81 
36.1143 36.1037 35.8628 35.5284 35.5172 35.4969 35.4624 35.4141 35.2726 35.2051 34.2441 33.4069 31.9066 29.0045 27.5494 24.8497 22.4048 20.6803 19.092 16.5517 14.3063 13.0335 11.6545 9.6773 7.9963 6.4303 4.5571 2.5282 3.5876 4.8058 7.1535 7.9886 9.6037 11.0165 12.9852 14.8251 17.3877 19.962 21.5075 25.0365 27.8118 29.3687 32.0573 35.7781 37.6014 37.8399 37.7212 37.8472 37.8252 37.8161 37.8112 37.8081 37.8058 37.8039 
35.887 35.5658 35.5709 35.5765 35.5825 35.5871 35.5847 35.556 35.4424 35.0936 34.4523 33.5784 31.3872 29.693 27.0523 25.6309 22.6087 20.8275 18.3108 17.4336 14.5019 12.8226 11.4515 9.5069 8.2969 5.376 3.8676 2.3022 2.9577 4.5688 6.346 8.0355 9.2393 11.4177 12.7184 15.0325 16.8478 19.5259 22.4111 23.5628 26.783 29.4453 31.2377 33.3206 36.7897 37.1378 37.6654 37.7486 37.7791 37.7909 37.7956 37.7975 37.7981 37.7981 
36.1302 35.8796 35.8856 35.8947 35.5961 35.635 35.7026 35.927 35.7981 35.0525 34.3367 33.6027 31.5583 30.2657 27.2274 25.5786 23.2662 20.5985 18.692 16.7743 15.2918 13.5278 10.9264 10.1904 7.2747 5.8817 3.1693 1.4837 2.4457 3.8506 6.193 8.2491 9.2033 10.7358 12.9485 14.1177 17.2947 19.4746 22.337 23.9604 25.5998 28.3316 30.8016 32.9398 34.8954 36.7385 37.1011 37.1169 37.7625 37.7778 37.7855 37.7896 37.7918 37.7931 
36.3967 36.4009 36.4067 36.2377 36.2377 36.2383 36.2505 36.0897 36.6539 35.2799 34.5181 33.5646 32.7054 29.5073 28.2105 25.061 23.6711 21.8479 19.0623 17.202 15.1396 13.5558 11.4955 9.4427 7.7804 5.6137 3.3957 2.0609 2.1323 3.8061 5.1212 7.3694 9.6281 10.3509 12.0286 14.7868 15.8506 19.5974 21.4303 23.6771 25.6786 27.6308 30.2401 31.7517 35.1097 38.2498 37.0593 36.609 36.448 36.3689 36.3327 37.0384 37.036 37.0336 
36.826 36.8321 36.6649 36.6682 36.669 36.663 36.6403 36.5799 36.4253 36.2077 34.982 33.633 31.9614 29.9874 27.472 25.2862 23.7166 21.4839 19.9463 17.544 15.3504 13.7373 11.8897 9.0487 7.518 5.5733 3.4198 1.9654 1.9407 3.7882 5.2969 6.801 8.638 11.2429 12.3219 13.8622 16.9836 19.1047 21.6438 23.1317 25.6699 27.4278 29.3833 31.881 33.8852 35.6812 35.9294 35.93 35.7838 35.698 35.6429 35.7105 35.68 35.6576 
37.3328 37.3312 37.329 37.326 36.7556 36.7908 36.8409 36.9067 36.9287 36.3551 34.8185 33.8959 31.7487 30.1272 28.0414 25.9834 24.1612 21.4415 19.6815 17.0086 15.8256 13.1962 12.1018 9.1145 7.7909 5.8391 3.4411 1.3699 1.5331 3.9157 5.1875 6.7452 8.0799 10.4313 12.8574 14.1922 16.3718 19.1675 21.5356 23.3688 25.592 27.3701 29.0566 31.7432 33.2999 34.2314 34.648 34.7759 35.6105 35.6167 35.6121 35.6056 35.5994 35.5939 
37.3583 37.3632 37.37 37.3802 37.396 37.4224 37.4695 37.4449 37.6645 37.4616 34.9558 33.7094 32.0175 30.6131 28.4256 26.4614 23.7396 21.9717 19.2318 17.6888 15.3261 13.8588 12.3703 10.7057 7.7158 5.9289 4.1938 1.1014 1.352 3.4186 5.2828 6.547 8.4844 9.4222 12.3723 14.5046 16.5147 18.4984 20.8173 23.4306 24.7468 27.8448 29.6222 30.8904 33.6875 33.8092 33.8442 34.8388 34.9435 34.9938 35.0723 35.0802 35.0831 35.0835 
37.2468 37.2559 37.2681 37.2849 37.309 37.2981 37.3248 37.4186 37.43 36.842 34.7989 33.7454 32.7509 29.9072 28.37 26.7802 23.5984 22.5464 19.2961 17.7616 15.3972 13.7246 12.3066 10.802 9.0222 5.5915 3.3825 2.2899 2.1753 3.2605 5.174 6.5324 8.3024 10.4496 11.1501 14.262 16.1746 18.7006 20.6917 23.0341 25.4691 26.7658 29.4713 30.9987 33.0662 33.7686 33.9131 33.9162 33.8871 34.8519 34.9092 34.9477 34.9736 34.9912 
37.3197 37.3251 37.3318 37.3403 37.3515 37.3667 37.2447 37.2868 37.4333 37.86 35.5173 33.4185 32.2165 31.1298 28.5073 25.9462 24.6464 21.7952 19.8059 17.3392 15.5618 14.5719 11.9331 10.8171 9.2852 7.3996 3.4122 0.8967 1.1858 3.7631 5.5344 7.2049 8.1572 9.7831 12.068 13.0797 15.3402 18.9614 20.8986 22.6668 24.8566 27.4865 29.3617 31.3655 33.3765 34.0662 34.19 34.0262 33.9387 33.8866 33.8517 33.8266 34.8955 34.9251 
37.3125 37.316 37.3199 37.3243 37.093 37.101 37.1073 36.8252 36.8674 36.5017 35.6954 34.4919 32.267 30.6341 29.1779 26.1156 24.1877 22.7901 19.7623 17.8089 15.82 14.3248 12.682 10.6381 8.7157 7.461 5.4727 1.2932 1.4086 3.5026 5.4446 7.1639 8.9669 10.2025 11.8671 13.3325 15.1691 18.1018 20.6494 23.3172 25.1341 26.6669 29.583 31.3117 33.3548 34.3234 34.0852 33.794 33.944 33.8864 33.8498 33.8244 33.8055 33.7908 
37.055 37.058 37.0607 37.0627 37.063 37.0953 36.7501 36.7698 36.703 36.8281 35.7544 34.194 33.492 30.0581 29.1425 27.7446 24.0022 22.4113 20.7496 17.5111 15.9088 13.8374 12.6905 10.4018 9.3921 6.7675 5.2888 3.0693 2.5598 3.4433 5.0572 7.6483 8.7894 9.8872 11.7263 14.1771 14.9217 18.2466 21.2064 22.4363 24.722 27.068 29.9498 31.0191 32.4725 33.471 33.6338 33.5536 33.4591 33.3866 33.3328 33.8079 33.7925 33.7803 
37.045 37.0456 37.0836 37.0767 36.7066 36.7181 36.6226 36.6284 36.3337 36.5309 35.031 34.4099 33.8448 30.6573 28.5283 26.8239 25.4493 22.3942 20.4126 18.5824 16.2119 13.6621 12.2599 11.1214 9.5686 6.8255 4.3452 4.0932 2.7167 3.6944 5.296 7.6648 8.65 9.6304 11.7549 14.356 15.7617 17.8168 20.1143 22.5058 23.344 26.4793 29.7532 31.2022 32.474 33.0209 33.2779 33.3435 33.3361 33.3094 33.2808 33.255 33.2328 33.2137 
37.0728 37.0683 37.0612 36.5662 36.5628 36.5542 36.5372 35.997 36.0021 35.5644 34.9847 34.8039 33.9114 30.3048 28.5543 26.8251 25.4527 22.6801 20.4831 18.0116 15.9375 14.4946 12.0894 11.0906 9.5334 6.961 5.8193 4.3338 3.3945 4.3283 5.6829 7.6637 8.9016 10.2143 11.0482 14.1683 16.1222 17.7476 19.8222 22.4318 24.1125 26.9012 29.0009 31.2261 32.1436 32.886 33.0858 33.1865 33.2243 33.2313 33.2251 33.2141 33.2017 33.1896 
37.0588 36.5407 36.537 36.5301 36.5182 36.4983 35.8848 35.8724 35.5179 35.1187 34.9401 34.7922 33.6829 31.3965 28.843 26.6077 24.5762 23.3706 20.7506 18.5276 16.5119 14.2982 12.4542 11.0887 8.7658 7.1411 6.5411 4.4874 4.3467 4.4717 5.7428 6.9542 9.0276 10.3654 10.906 14.1372 16.2756 16.8749 19.1881 21.2225 24.1407 26.9457 30.2043 30.5831 32.1488 32.8565 32.9949 33.0874 33.1393 33.1642 33.1733 33.1739 33.1702 33.1645 
36.5234 36.5184 36.5108 36.499 35.8363 35.8347 35.8235 35.7925 35.4085 35.027 34.9172 34.8147 33.5289 31.578 29.878 26.4404 24.2594 23.4973 20.9598 17.1751 16.5549 14.3643 13.8581 10.4759 8.663 7.254 6.8944 4.5671 4.4824 4.5358 5.4479 6.8609 8.5747 10.4637 10.8225 13.1905 16.3492 16.7617 19.0983 21.0618 24.1725 26.967 28.9356 31.3053 32.149 32.8572 32.9537 33.0289 33.0801 33.1116 33.1291 33.1376 33.1405 33.1401 
36.5063 36.4989 36.4884 35.8108 35.8076 35.7988 35.7804 35.4057 35.0433 34.98 34.9057 34.8339 33.4223 31.6294 30.1758 27.8492 24.0712 22.6255 21.0807 17.023 16.5885 14.3809 14.0224 10.3358 8.6089 8.1979 7.0867 4.6126 4.5687 5.1394 5.4263 6.8057 10.3062 10.5249 10.7742 13.1161 16.386 16.6835 19.0535 20.9758 24.1993 26.98 28.8502 31.2798 31.5053 32.2412 32.9358 32.9951 33.0405 33.0725 33.0935 33.1066 33.114 33.1175 
36.4914 36.4823 35.7943 35.791 35.7841 35.772 35.3959 35.0351 34.9997 34.9526 34.8993 34.8471 33.3522 31.6553 30.3549 27.9968 23.9551 22.6068 21.1476 16.9267 16.6111 14.3813 14.1197 10.2433 9.9184 8.2866 7.2016 5.1588 4.6246 5.1964 5.412 6.7711 10.4004 10.564 10.7451 12.7238 16.4046 16.6276 19.0295 20.9308 24.2206 25.7272 28.7989 29.1409 31.4455 32.2176 32.929 32.9757 33.0144 33.0441 33.0659 33.081 33.091 33.0973 
36.4787 35.783 35.7799 35.7745 35.7658 35.4263 35.3685 35.0009 34.9716 34.9354 34.8955 34.8561 32.9737 31.6694 30.4648 28.1022 24.9987 22.5899 19.8007 16.8633 16.6259 14.3768 14.1797 10.1819 9.9335 8.3433 7.7064 5.2157 4.6619 4.7135 5.4028 6.7484 10.4641 10.5902 10.7268 12.6657 15.5847 16.5865 19.0159 21.8784 22.306 25.6787 28.7675 29.0422 31.4028 31.5325 32.253 32.9648 32.9973 33.0239 33.0447 33.0604 33.0718 33.0798 
35.7748 35.772 35.7677 35.7612 35.4191 35.3658 34.9955 34.9768 34.9526 34.9239 34.893 34.8623 31.9286 31.6777 31.4228 26.3324 22.869 22.5754 22.281 19.4928 16.6357 14.3711 14.2182 10.1403 9.9457 8.3811 7.7815 5.2542 4.6876 4.7276 5.3971 6.7327 10.5088 10.6084 11.9148 12.4808 15.106 16.5553 19.0077 21.9151 22.2654 25.6455 28.748 28.9721 31.3719 31.4814 32.2316 32.9589 32.9861 33.0095 33.0288 33.0441 33.0559 33.0648 
35.7662 35.7626 35.7576 35.413 35.4033 34.9883 34.9759 34.9594 34.9391 34.9159 34.8913 34.8668 31.8793 31.6828 31.4838 26.3353 25.9634 22.5631 22.3285 19.5247 16.6422 14.3654 14.2438 11.734 9.9555 8.4074 7.8339 5.2809 4.7058 4.7375 5.3934 5.5007 9.0559 10.6215 11.9229 12.4485 15.0604 16.5311 19.0027 21.946 22.2366 25.6225 28.7357 28.9213 31.3492 31.4425 31.5245 32.956 32.9789 32.9993 33.0168 33.0312 33.0429 33.0521 