normal_rasters/0772100001000778.ascii
ncols 63 
nrows 65 
xllcorner 158308.657013
yllcorner 383926.035004
cellsize 0.25
nodata_value -9999 
[rows 0 to 32 of 65, columns 0 to 62 of 63]
36.6572 36.659 36.3699 36.5435 36.858 36.8579 36.6694 36.6671 36.6643 36.6609 36.2805 36.2662 35.526 34.5575 34.5361 34.0491 34.0226 36.324 36.3508 36.3858 36.1574 36.1832 36.2136 36.0242 36.0191 36.0135 36.0074 36.001 35.9945 35.9885 35.9831 35.9787 35.101 35.0643 30.2372 28.0995 27.4525 25.6652 25.6192 23.6639 23.6362 23.6126 23.5927 22.1275 22.1168 22.1075 21.2067 21.2012 21.1964 20.7526 20.7517 20.4519 20.342 20.3403 19.8326 19.8285 19.8248 19.5822 19.2901 19.2889 19.2878 19.2869 19.2861
36.8619 36.657 36.6591 36.3708 36.3774 36.859 36.859 36.6708 36.668 36.6645 36.6604 36.2784 35.9549 35.5255 34.5568 34.5289 34.0381 34.0036 36.3082 36.3457 36.1327 36.1624 36.1988 36.2403 36.0185 36.0125 36.0056 35.998 35.9903 35.9831 35.9771 35.1093 35.0615 33.2828 28.1057 27.4527 27.4148 25.6174 23.6687 23.6358 23.6082 23.5852 22.127 22.1147 22.1042 21.2067 21.2005 20.7535 20.7524 20.7514 20.4517 20.3419 20.34 19.8329 19.8284 19.8244 19.582 19.2899 19.2887 19.2875 19.2865 19.2856 16.858
36.9276 36.8608 36.6567 36.6592 36.6621 36.3795 36.8603 36.8603 36.6724 36.669 36.6648 36.6596 36.2751 35.9539 35.5239 34.5542 34.5168 34.0201 36.2545 36.2934 36.3475 36.1335 36.1775 36.2298 36.0171 36.0111 36.0032 35.9939 35.9845 35.976 35.1243 35.0602 33.2834 28.1157 27.4542 27.4069 25.6157 23.6749 23.6353 23.6026 23.5758 22.1261 22.1119 22.1001 21.2067 21.1996 20.7534 20.7522 20.7511 20.3442 20.3418 20.3396 19.8333 19.8283 19.8238 19.5817 19.2898 19.2883 19.2871 19.286 19.2851 16.8589 16.8487
36.9313 36.9257 36.8595 36.6564 36.6593 36.6628 36.3821 36.8619 36.8619 36.6743 36.6701 36.6648 36.6581 35.9653 35.7927 35.228 34.5478 34.0452 33.9901 36.2244 36.2829 36.0923 36.1456 36.213 36.0144 36.0093 36.0002 35.9883 35.9762 35.966 35.0621 33.2895 29.4994 27.4582 27.3974 25.6141 23.6834 23.6348 23.5954 23.5638 22.1249 22.1084 22.0948 21.2066 21.1985 20.7534 20.752 20.7508 20.3443 20.3416 20.3392 19.8337 19.8281 19.5847 19.5814 19.2694 19.288 19.2866 19.2855 19.2845 16.8599 16.8487 16.9345
36.9358 36.9299 36.9232 36.8579 36.656 36.6594 36.6636 36.3854 36.8639 36.8639 36.6768 36.6714 36.6644 36.6557 35.9669 35.7908 34.5916 34.5339 34.0173 36.1327 36.1926 36.0319 36.0954 36.184 36.0091 36.0076 35.9967 35.9798 35.9636 35.0717 34.2915 29.4931 27.4666 27.3861 25.613 23.6952 23.6342 23.5859 23.5481 22.1231 22.1036 22.0879 21.2688 21.197 20.7533 20.7517 20.7503 20.3446 20.3414 20.3387 19.8342 19.8279 19.5847 19.5809 19.2694 19.2875 19.286 19.2848 19.2837 16.8609 16.8487 16.9346 16.9304
36.8987 36.9351 36.928 36.9201 36.8559 36.6554 36.6596 36.6647 36.3896 36.8665 36.8665 36.6798 36.6727 36.6634 35.9862 35.9686 35.7862 34.5923 34.5036 33.9639 36.0644 36.1631 36.011 36.1285 35.9982 36.0084 35.9921 35.965 35.0996 34.2648 29.4866 27.4837 27.3724 25.613 23.7121 23.6336 23.573 23.5271 22.1204 22.0971 22.0788 21.2673 21.195 20.7533 20.7513 20.4241 20.3449 20.3413 20.3381 19.8349 19.8277 19.5846 19.5804 19.2693 19.2868 19.2853 19.2839 19.2828 16.862 16.8486 16.9348 16.9301 14.5951
37.2138 36.9 36.7869 36.9256 36.9159 36.8532 36.6546 36.6598 36.6663 36.3951 36.87 36.6905 36.6838 36.6741 36.6609 35.9957 35.817 35.7755 34.8205 34.4351 35.8805 35.9756 35.8608 36.0032 35.9759 36.0207 35.9819 35.9336 34.2266 32.3919 27.5178 27.3561 26.5069 24.649 23.6329 23.5551 23.4982 22.1162 22.088 21.2758 21.2651 20.7559 20.7532 20.7509 20.4248 20.3453 20.341 20.3374 19.8356 19.8274 19.5845 19.5798 19.2691 19.2861 19.2843 19.2829 19.2817 16.8632 16.8483 16.9349 16.9298 14.5968 11.7089
37.2142 37.2158 36.9015 36.7875 37.0647 36.849 36.8497 36.6535 36.66 36.6684 36.4639 36.9355 36.7966 36.6891 36.6751 36.6556 36.011 35.8212 34.9212 34.7655 33.199 35.6816 35.5936 35.6382 35.9449 36.0731 35.9321 34.1684 32.2901 28.5345 27.3373 26.3394 24.6541 23.6322 23.5289 22.1564 22.1095 22.0748 21.2748 21.2618 20.7563 20.753 20.7503 20.6421 20.3458 20.3408 20.1221 19.8365 19.5906 19.5844 19.579 19.2688 19.285 19.2831 19.2816 16.8828 16.8645 16.9413 16.935 17.2455 14.5988 11.714 11.7004
36.648 37.2163 37.2183 36.8018 36.7882 37.0612 36.8444 36.8449 36.6518 36.6602 36.6716 36.2589 36.7794 36.8042 36.6964 36.6748 36.6443 36.0387 35.8231 34.9245 34.5782 33.1661 35.1608 34.2711 36.3846 36.0387 33.9198 32.6091 28.5242 27.3188 25.6388 24.6659 23.6318 23.4892 22.5627 22.0986 22.0552 21.2727 21.2568 20.757 20.7528 20.7495 20.3537 20.3466 20.3406 20.1222 19.8377 19.5914 19.5842 19.578 19.2684 19.2837 19.2817 19.28 16.8865 16.8659 16.9422 16.9351 17.2452 14.7654 11.7198 11.7047 8.3537
36.6388 36.6523 37.219 37.2216 36.8059 36.7891 37.0564 36.8379 36.8381 36.6492 36.6605 36.6765 36.2818 36.7912 36.816 36.707 36.6704 36.2625 35.9655 35.8104 34.7865 33.6617 32.5748 36.8012 37.2548 32.821 29.8653 28.5431 27.4458 25.6393 24.6897 23.632 22.6246 22.5423 22.0798 22.0247 21.2687 21.2489 20.7579 20.7526 20.7485 20.3564 20.3476 20.3403 20.1223 20.1172 19.5925 19.5839 19.5767 19.2679 19.282 19.2798 19.278 16.8907 16.8673 16.9431 16.9352 17.2449 14.7684 11.7264 11.7095 8.3601 7.5143
36.6277 36.6414 36.6578 37.2227 37.2262 36.8115 36.7904 37.0496 36.8285 36.8278 36.645 36.6607 36.6848 36.3204 36.8318 36.8367 36.7213 36.6538 36.3362 36.1588 35.4094 34.079 32.6601 32.1297 30.5988 30.0874 28.4937 26.8803 25.6598 25.3505 24.377 22.6385 22.5055 22.0448 21.9749 21.2608 21.2363 20.7591 20.7522 20.6435 20.3603 20.3492 20.34 20.1224 20.1161 19.5937 19.5835 19.3054 19.2671 19.1612 19.2773 19.2755 16.8955 16.8689 16.9442 16.9352 17.2444 14.7719 11.7339 11.7149 8.3671 7.5207 6.5735
36.6144 36.6279 36.6445 36.6648 37.2473 37.1305 36.8194 36.7921 37.0396 36.8142 36.8114 36.6374 36.6606 36.7001 36.3939 36.6057 36.6959 36.6388 36.6278 36.5694 35.7551 34.5119 33.0878 31.166 29.6634 28.7062 27.1058 25.3606 25.1218 23.6576 22.674 22.4335 22.3299 21.3661 21.2449 21.215 20.761 20.7517 20.6433 20.366 20.3514 20.3396 20.1224 20.1147 19.5954 19.5829 19.3051 19.2659 19.1594 19.2741 19.2722 16.9013 16.8707 16.9454 17.2501 17.2439 14.776 11.7426 11.7211 8.3751 8.3515 7.4948 6.5437
36.5986 36.6114 36.6277 36.6483 36.6741 37.2524 37.1408 36.8313 36.7945 37.0241 36.5373 36.7831 36.6225 36.6593 36.7317 36.6239 36.5311 36.5389 36.2327 37.0208 37.7631 33.4588 32.5527 29.6772 29.1225 27.4888 26.131 25.1833 23.4484 23.0015 22.2917 21.7877 21.3273 21.2894 21.1776 20.7636 20.7509 20.643 20.3746 20.355 20.1352 20.1225 20.1127 19.5975 19.582 19.3045 19.1655 19.1568 19.2698 18.9444 16.9081 16.9446 16.9269 17.2504 17.2433 14.7808 11.7527 11.7281 8.3842 8.3575 7.4989 6.5454 6.3912
35.903 36.5918 36.607 36.6271 36.6533 37.2469 37.26 37.1567 36.8499 36.7981 36.9981 36.522 36.5691 36.591 36.6531 36.7965 36.812 37.4062 35.4358 37.2315 45.6882 35.022 31.7693 28.6028 27.9999 26.6673 24.8999 23.365 22.921 21.9643 21.4747 21.2124 21.2019 20.8998 20.8933 20.7494 20.6427 20.3881 20.3608 20.1399 20.1226 20.1098 19.6003 19.5806 19.3033 19.1634 19.1532 19.2639 18.9424 18.9471 16.9503 16.9294 17.2509 17.2426 14.7866 11.7646 11.7363 8.3946 8.3641 7.1217 6.547 6.3899 6.3467
35.8875 35.9046 35.9258 36.6003 36.6255 36.6598 37.2529 37.2724 37.0207 37.1391 36.8044 36.6527 36.4894 36.3307 36.5292 36.6381 36.7295 36.2979 35.041 34.3284 34.5351 31.1264 29.0458 27.4434 26.1559 25.2676 23.7293 23.0492 22.5181 21.2614 20.948 20.9367 20.8849 20.8103 20.7467 20.643 20.4101 20.3709 20.1475 20.1227 20.1052 19.6043 19.319 19.3013 19.16 19.1478 19.0589 18.9396 18.9455 16.9575 16.9325 17.2514 17.2418 14.7936 11.7788 11.7458 8.4066 8.3715 7.1268 6.5484 6.5045 6.3397 6.2978
35.8692 35.8848 35.9048 35.9304 36.0234 36.6219 36.6688 37.2629 37.0266 37.0591 37.1575 36.8172 36.5011 36.4031 36.2661 36.5223 36.516 35.8743 34.0234 31.6119 31.067 30.3052 28.497 27.1677 25.1696 24.7153 22.9102 22.3532 22.009 21.3276 20.9944 20.8716 20.8064 20.7854 20.65 20.6268 20.3892 20.1613 20.1231 20.0979 19.61 19.3209 19.2975 19.1545 19.1397 18.6386 18.9355 18.9432 16.9669 16.9364 17.2522 17.2407 14.8022 11.7959 11.7571 8.4206 8.3799 7.1324 6.5495 6.4998 6.3309 6.2842 6.2441
35.8483 35.8617 35.8793 35.9026 35.9337 36.0336 36.0689 36.682 37.2824 37.079 37.1285 37.0882 36.6674 36.4366 35.9535 35.9743 35.8512 34.8654 30.916 30.8927 29.5971 27.7535 26.7388 25.5156 24.0348 22.9381 22.5066 22.0516 21.4302 21.2086 20.9991 20.6787 20.7504 20.685 20.595 20.4425 20.1897 20.1255 19.8188 19.6184 19.3227 19.2905 19.1451 19.1273 18.6368 18.9296 18.9397 16.9793 17.2534 17.2533 17.4015 14.8131 11.8171 11.7707 8.4373 8.3893 7.1384 6.5502 6.4934 6.3198 6.2676 3.2621 3.2404
35.8251 35.8355 35.8498 35.8694 35.8964 35.934 36.0437 36.0906 36.1685 37.3297 37.202 37.2439 37.0771 36.6363 35.986 35.2862 34.8109 31.7119 29.2376 28.6036 27.5299 27.2033 25.4125 23.6587 23.1523 22.5772 22.2059 21.7464 21.0883 20.9468 20.7362 20.8286 20.7837 20.6562 20.517 20.2589 20.1388 19.8346 19.7763 19.323 19.2771 19.0184 18.7157 18.6335 18.7265 19.005 19.0237 17.2622 17.2548 17.4005 14.8271 11.8438 11.7873 11.739 8.4 7.1448 6.5501 6.4847 6.3057 6.2469 3.2611 3.2401 3.2438
35.7999 35.8068 35.8168 35.8314 35.8528 35.8841 35.9295 35.9955 36.1074 36.2343 36.9631 37.4121 37.1557 37.1622 35.9902 34.9618 32.5726 29.5315 28.2162 27.0478 25.4139 25.2104 24.4486 23.2418 22.5474 22.2882 21.6579 20.9817 20.6956 20.6838 20.8298 20.7052 20.617 20.4932 20.4352 20.1406 19.9136 19.7483 19.3184 19.25 18.671 18.7083 18.6273 18.7204 18.7929 19.0236 17.2753 17.257 17.3996 14.8456 11.8782 11.808 11.7489 8.4123 7.1517 6.5488 6.4728 6.2875 3.2598 3.26 3.2396 3.2439 3.2476
34.4606 34.8056 34.8425 34.8896 35.8045 35.829 35.8685 35.9275 35.9995 36.0719 36.1858 37.0293 37.5911 35.9681 35.0866 32.4575 29.9275 27.8964 27.1893 25.6098 24.8575 23.8044 23.4067 22.936 21.963 21.6817 21.081 20.8609 20.7584 20.809 20.7064 20.5927 20.4966 20.3811 20.2259 19.8522 19.5015 19.3013 18.9265 18.6648 18.6917 18.6149 18.5172 18.7847 19.023 17.2954 17.2405 17.3988 17.3825 14.8079 11.8346 11.7606 8.4263 7.1587 7.0717 6.4562 3.2582 3.2583 3.2585 3.239 3.244 3.2482 3.2519
34.388 34.4558 34.5435 34.8738 34.9376 35.0278 35.162 35.504 35.7426 35.7682 35.4478 34.3115 33.5694 32.5807 32.0832 30.211 28.7615 26.9775 25.0187 24.6881 23.4423 22.8805 22.628 21.8445 21.2993 21.0844 20.9499 20.8268 20.7808 20.7597 20.3685 20.2025 20.1398 19.8342 19.5638 19.3776 19.2434 18.8822 18.6349 18.5978 18.5884 18.5178 18.5937 19.3295 17.3283 17.2501 17.3984 17.3765 14.824 11.8698 11.7745 8.4423 7.1654 7.06 6.4329 3.256 3.2563 3.2567 3.2383 3.2441 3.2491 3.2532 3.4338
34.2937 34.3508 34.4286 34.5344 34.8986 34.9818 35.1135 35.3523 35.9165 37.2202 35.2083 32.7495 32.4309 30.8567 29.7111 26.5416 26.0375 25.7054 24.1075 23.5609 22.4951 22.1887 21.7258 21.3507 21.1305 20.995 20.962 20.9304 20.7927 20.6674 19.9803 19.9973 19.6496 19.5447 19.3695 19.1236 18.9414 18.4925 18.391 18.4416 18.5805 18.6023 19.3151 19.3479 17.4451 17.3991 17.3682 14.8474 11.9183 11.7912 8.4604 7.1708 7.041 6.3995 3.2532 3.2537 2.7692 3.2374 3.2443 3.2501 3.4298 3.4348 3.439
33.2215 33.2809 33.3674 34.352 34.4722 34.8903 34.9708 35.0904 35.2231 34.7043 33.4305 32.1361 30.7058 29.584 27.9455 25.5279 24.676 24.1525 23.2999 22.8467 22.2851 21.744 21.2797 21.0455 20.8798 20.9707 20.9428 20.8573 20.3792 19.9605 19.8805 19.3918 19.3511 19.2134 19.0694 18.8872 18.5445 18.112 18.3874 18.5942 18.6282 19.1162 19.3432 17.4783 17.4028 17.3562 14.8845 11.989 11.8112 8.4801 7.546 7.0097 6.3506 3.3326 3.2502 2.7703 3.2362 3.2446 3.2514 3.4302 3.436 3.4409 4.9062
31.6608 31.689 31.7308 31.7946 31.8955 32.9516 33.1997 33.9594 33.8484 33.4158 32.1836 31.5453 29.1933 27.8655 26.1991 25.0654 24.0756 23.3785 22.9799 22.4475 21.9106 21.6073 20.8062 20.764 20.8173 20.933 20.6818 20.3409 20.022 19.7388 19.5043 18.9235 18.9532 18.9123 18.5701 18.6549 18.4565 18.4688 18.6122 18.714 19.0698 19.3295 17.5588 17.4149 17.3381 14.6968 12.0997 11.8344 8.4989 7.5185 6.53 3.3357 3.3281 3.2453 2.7715 3.2347 3.2449 3.2532 3.4309 3.4377 3.4432 4.9 4.93
30.3207 30.3209 30.3209 30.465 30.4386 30.3938 30.3144 29.1052 29.6184 29.5985 30.3959 29.5611 27.4488 26.6578 24.4072 24.1624 23.5637 22.8972 22.5564 21.8693 21.2483 21.0478 20.9491 20.9707 20.9463 20.8626 20.3307 20.0078 19.4958 18.8382 18.6649 18.5504 18.5979 18.5148 18.3004 18.4609 18.5562 18.5963 18.7724 18.9185 19.315 17.6822 17.4512 17.3115 14.8848 12.2914 11.8569 8.5082 7.4559 3.8702 3.332 3.3218 2.7591 2.7725 3.2325 3.2454 3.2555 3.4318 3.4399 3.4463 4.892 4.9277 4.9585
27.9377 28.3014 28.3369 28.3821 28.7239 28.7555 28.7623 28.6762 28.8493 28.3997 28.545 27.0236 25.9982 25.3759 24.0331 23.6882 22.9154 22.569 21.5366 21.4068 21.1375 20.9759 20.8986 21.0069 20.8817 20.3711 20.3024 19.4494 19.0616 18.7023 18.2729 18.1865 18.1978 18.1208 18.2978 18.495 18.6393 18.8969 19.083 19.3739 19.154 17.5649 17.3159 15.3915 14.7342 11.855 7.7394 7.315 3.8672 3.3268 3.3123 2.7544 2.773 3.2293 3.246 3.3022 3.4333 3.443 3.4504 4.8813 4.9244 4.9613 7.2324
27.9261 27.9593 28.0048 28.0701 28.1686 28.5902 28.7661 29.0568 28.5782 28.1658 27.4982 25.8983 25.1998 24.1168 23.1891 22.8189 22.5772 21.6678 21.413 21.2701 21.0085 20.9713 20.9771 21.0013 20.5269 20.1877 19.9606 19.2994 18.8513 18.5813 18.2335 18.2165 18.1867 18.3587 18.5115 18.619 18.864 19.0683 19.3818 19.6823 19.034 14.6676 17.6903 15.0331 11.6682 7.5661 6.9924 3.8641 2.9779 3.2972 2.7452 2.7722 2.7922 3.2471 3.3049 3.3152 3.4473 3.456 4.867 4.9198 4.6554 4.6777 6.8903
27.9069 27.936 27.9766 28.0366 28.1332 28.3081 28.6886 29.6984 29.1438 27.7833 26.2993 25.5198 24.4935 23.6663 23.1544 22.3741 22.1143 21.4147 21.175 21.0336 20.8655 20.906 20.8262 20.6922 20.3004 20.0832 19.3268 19.0999 18.6881 18.5379 18.4846 18.3235 18.3908 18.4487 18.5571 18.7212 19.2068 19.0614 19.675 19.8931 19.9148 17.4648 14.4471 10.0156 6.8374 6.2759 3.8598 2.9858 2.8073 2.8075 2.7684 2.7988 3.2898 3.3092 3.3223 3.4537 3.4639 4.8471 4.9132 4.6568 4.6846 6.8911 6.9629
27.881 27.9023 27.931 27.9717 28.0332 28.1344 28.3159 28.5378 27.429 26.6198 25.6243 24.9264 24.0802 23.004 22.3833 21.5019 21.4724 21.1471 21.0294 20.9248 20.8526 20.7414 20.414 20.3337 20.2015 19.1841 18.8435 18.8872 18.7066 18.6012 18.6226 18.3724 18.4445 18.4652 18.4845 18.4883 18.786 19.0227 18.5801 19.3572 16.433 19.2114 8.6478 5.6471 4.5913 3.8339 3.0059 2.7726 2.7765 2.7567 3.0641 3.2887 3.3161 3.3334 3.4634 3.4753 4.8188 4.9033 4.6575 4.6931 6.891 6.9784 6.8055
27.8506 27.862 27.8751 27.8892 27.9009 27.8955 27.8139 27.1625 26.4814 25.9009 24.7068 23.723 22.855 21.9674 21.8975 21.087 21.0222 21.0335 20.8821 20.8379 20.7508 20.424 20.1174 20.0826 19.9287 19.0601 18.8428 18.7722 18.6879 18.5167 18.4227 18.3151 18.3528 18.4191 18.4009 18.2203 18.5793 18.4265 18.1754 18.1169 16.9719 12.681 6.3308 4.4814 3.7788 3.049 2.7702 2.6888 2.6601 2.8589 3.2876 3.3284 3.4611 3.4789 3.7763 4.7773 4.888 4.6566 4.7033 6.8891 6.9977 6.8264 8.0042
27.8188 27.8203 27.8186 27.0503 27.0465 27.0038 26.8732 26.5918 25.3038 24.5245 23.8935 22.7594 22.2841 21.7661 21.341 21.2514 20.9669 20.8941 20.8175 20.7651 20.3903 20.2627 19.8773 20.0226 19.481 19.0792 18.8817 18.7877 18.69 18.4291 18.354 18.2724 18.2522 18.3248 18.2462 18.1886 18.7893 18.9023 18.7856 17.01 12.6141 7.7414 6.8872 6.5955 3.6549 2.5367 2.3738 2.5981 2.8817 3.29 3.3528 3.4873 3.7694 3.777 3.8421 4.5707 4.6522 4.716 6.8841 6.784 6.8517 8.0264 8.0541
26.9345 26.934 26.9258 26.9029 26.8526 26.7525 26.566 25.0754 24.7774 23.8151 23.1561 21.6054 21.7752 21.4238 21.1141 20.9669 20.8651 20.7644 20.615 20.3916 20.2449 19.8344 19.6689 19.7423 19.2479 19.0467 18.8709 18.8829 18.8063 18.5095 18.4062 18.2518 18.1502 18.0463 18.13 18.2025 19.7169 19.5134 16.5324 13.7193 9.4533 7.4716 6.9758 6.1838 3.0488 1.6514 2.1878 3.0416 3.3093 3.4044 3.6609 3.7676 3.7792 3.8446 4.5241 4.6404 4.7313 6.8725 6.7925 6.8827 8.054 8.0892 9.6576
26.8676 26.8523 26.8253 26.779 26.702 26.1504 25.0381 24.9135 23.922 23.1362 22.1494 21.3728 21.2536 21.0307 20.9877 20.8373 20.7418 20.687 20.5576 20.3552 20.2912 19.7417 19.3252 19.0272 19.0747 18.9464 18.8675 18.9079 18.6399 18.545 18.2487 18.126 18.0985 17.9911 18.0581 18.2178 18.6685 18.4994 14.1481 10.2714 8.4787 7.1868 5.8578 6.0856 4.6454 2.4281 2.9641 3.5285 3.6055 3.664 3.8033 3.7855 3.9315 3.5796 4.6116 4.7484 6.6203 6.7964 6.9215 8.0894 8.1353 9.683 9.6891
