normal_rasters/0772100001000775.ascii
ncols 66 
nrows 67 
xllcorner 158293.924011
yllcorner 383912.024994
cellsize 0.25
nodata_value -9999 
[rows 0 to 30 of 67, columns 0 to 65 of 66]
35.085 34.7952 34.7942 35.0046 34.964 35.0666 35.0664 35.44 35.5911 35.9185 36.2419 36.2536 36.2673 35.8984 36.5106 36.5136 36.5167 36.5346 36.5312 36.5264 36.5196 36.5108 36.4998 36.4867 36.4722 36.4572 36.4428 36.0211 36.0034 35.1852 35.1648 35.1453 35.1277 35.1125 35.0998 35.0895 33.5588 33.5163 33.4802 33.45 33.4248 30.4717 27.995 27.4295 25.528 22.8306 21.3827 20.8544 20.8535 20.8209 20.82 20.7549 20.6466 20.1123 20.1105 20.1088 20.1073 20.106 20.1048 20.1037 19.9132 19.912 19.911 19.3007 19.299 19.2975
34.8372 35.0847 34.7953 34.7942 35.0048 34.9643 35.0667 35.0664 35.1909 35.5888 35.9157 36.2406 36.2543 36.2708 35.9096 36.5157 36.5196 36.5236 36.5401 36.5357 36.529 36.5195 36.5069 36.4912 36.473 36.4538 36.4355 36.0207 35.9991 35.1904 35.1648 35.1411 35.1205 35.1035 35.0899 33.5815 33.5283 33.4839 33.4473 33.4174 30.4694 27.9915 25.5757 25.5132 22.8268 21.3827 20.8548 20.8537 20.821 20.8201 20.755 20.6466 20.1129 20.1108 20.1089 20.1073 20.1058 20.1045 19.914 19.9127 19.9115 19.3024 19.3005 19.2987 19.297 19.0059
34.8357 34.838 35.0844 34.7954 34.7942 34.9636 34.9647 35.0667 35.0665 35.1904 35.5858 35.5972 36.2387 36.2551 36.275 36.4732 36.5222 36.5274 36.5508 36.5474 36.5412 36.5315 36.5173 36.4983 36.4752 36.45 36.4258 36.0195 35.9926 35.1953 35.1626 35.1336 35.1096 35.0909 33.6121 33.544 33.488 33.4429 33.4069 30.4661 27.9863 25.5673 25.4942 22.822 21.3829 20.8552 20.854 20.8212 20.8201 20.755 20.5281 20.1135 20.1111 20.109 20.1072 20.1055 20.104 19.9136 19.9121 19.9108 19.3023 19.3002 19.2982 19.2965 19.0056 19.0042
34.8339 34.8363 35.0848 35.084 34.7956 34.7941 34.9639 34.9652 35.0668 35.0665 35.1897 35.5818 35.5952 36.2358 36.2556 35.8972 36.4778 36.4723 36.5381 36.5618 36.5571 36.5481 36.5328 36.5101 36.48 36.4456 36.4124 36.0168 35.244 35.1986 35.156 35.1205 35.0932 35.0734 33.5651 33.4926 33.4356 33.3916 28.0974 27.9784 25.5558 25.4693 22.8159 21.3832 20.8558 20.8543 20.8215 20.8202 20.755 20.5711 20.1143 20.1116 20.1092 20.1071 20.1052 20.1036 19.9131 19.9115 19.91 19.3021 19.2998 19.2977 19.2958 19.0052 19.0037 19.0023
34.8318 34.8343 34.8371 35.0844 35.0836 34.7958 34.7941 34.9642 35.0671 35.0668 35.0665 35.1889 35.5764 35.5923 36.2314 36.2558 35.9098 36.4833 36.4835 36.5532 36.5775 36.571 36.5564 36.5302 36.4905 36.441 36.3925 36.0111 35.262 35.1977 35.1412 35.0983 35.0688 33.5946 33.4974 33.4234 33.3686 28.1153 27.9666 25.5397 22.842 22.8081 21.4253 20.8564 20.8547 20.8533 20.8202 20.755 20.5712 20.3658 20.1121 20.1094 20.1069 20.1048 20.103 19.9125 19.9107 19.9091 19.3019 19.2993 19.2971 19.0065 19.0047 19.0031 19.0154 16.1537
34.6469 34.832 34.8349 34.8382 35.084 35.083 34.7961 34.7941 34.9647 35.0672 35.0669 35.0665 35.1878 35.0171 35.588 36.2245 36.2553 36.4693 36.4899 36.4992 36.5764 36.602 36.5921 36.5656 36.5137 36.4379 36.361 35.9999 35.2819 35.1855 35.1105 35.0619 33.638 33.5018 33.4024 33.3324 28.1386 27.9481 25.5166 22.8395 22.7977 21.4871 20.8573 20.8552 20.8535 20.8202 20.8187 20.5713 20.3661 20.1128 20.1096 20.1068 20.1044 20.1023 19.9117 19.9098 19.3048 19.3016 19.2988 19.2963 19.006 19.0041 19.0023 19.0153 16.1537 16.1308
34.6432 34.6471 34.8323 34.8358 34.8397 35.0835 35.0823 34.7964 34.794 34.9652 35.0674 35.067 35.0666 35.013 35.0176 35.5816 36.2135 36.2531 36.4692 36.4975 36.5389 36.6148 36.6444 36.6282 36.5682 36.4442 36.3051 35.9787 35.2959 35.144 35.0504 33.7051 33.5042 33.3643 33.2727 28.1695 27.9185 25.4826 23.1381 22.7834 21.6628 20.8585 20.8559 20.8537 20.8202 20.8184 20.6671 20.3874 20.1136 20.1098 20.1066 20.1038 20.1015 19.9108 19.9086 19.3048 19.3012 19.2981 19.2953 19.0054 19.0033 19.0014 19.0151 16.1537 16.1286 16.1057
34.0685 34.6428 34.6473 34.8328 34.837 34.8417 35.0829 35.0815 34.7969 35.342 34.9659 35.0676 35.0672 35.0667 35.0123 35.0179 35.0254 35.8612 35.8662 36.4647 36.505 36.5712 36.6096 36.7325 36.7024 36.5013 36.1938 35.6011 35.261 35.0273 34.4522 33.5001 33.2912 29.6355 28.2103 27.8692 23.2133 23.1297 21.6695 21.6586 20.9019 20.8567 20.854 20.8202 20.818 20.6671 20.388 20.1147 20.1102 20.1064 20.1032 20.1005 19.9097 19.8233 19.3046 19.3007 19.2972 19.2941 19.0047 19.0024 19.0003 19.0149 16.1536 16.1259 16.1009 10.2066
34.0623 34.0698 34.6424 34.6477 34.8336 34.8387 34.4862 35.0821 35.0803 34.7974 35.3389 35.0682 35.0678 35.0674 35.0668 34.6585 35.0179 35.0276 35.846 36.3406 36.4474 36.5069 36.625 36.7789 36.9258 36.8513 36.0203 35.7352 34.9588 34.3587 33.4831 32.6167 30.3801 28.9967 26.4513 24.0833 23.1177 21.8238 21.6528 20.9036 20.8578 20.8543 20.82 20.8174 20.5918 20.3886 20.1161 20.1107 20.1061 20.1023 20.0992 19.9083 19.8223 19.3044 19.2999 19.296 19.0067 19.0038 19.0012 19.0135 19.0148 16.1532 16.1227 16.5196 10.2093 10.3791
34.055 34.0625 34.0713 34.6419 34.6482 34.8348 34.841 34.4878 35.0811 35.0788 34.7982 34.856 35.0686 35.0682 35.0677 35.0671 34.6703 34.6623 35.2808 35.2238 36.0592 36.3917 36.4753 36.7138 37.4548 36.9323 35.9026 34.8516 34.1141 32.8423 31.4615 30.2566 29.1973 25.1617 24.0881 23.0992 21.8201 21.6444 21.1417 20.8595 20.8547 20.8197 20.7214 20.5922 20.3895 20.1181 20.1114 20.1058 20.1012 19.9103 19.823 19.8211 19.3041 19.2989 19.2946 19.0058 19.0026 18.9998 19.0131 19.0145 16.1527 16.1188 16.5142 10.2126 10.3801 10.3386
34.0467 34.0539 34.0626 34.073 34.6413 34.6491 34.8366 34.8444 34.4897 35.0797 35.0768 34.7993 34.8568 35.0691 35.0686 35.0682 35.0157 34.689 34.6753 35.2643 34.5819 35.4776 36.0263 36.2712 37.9799 39.472 36.3917 33.0081 32.9833 31.7892 29.6314 26.6562 25.314 24.1072 23.0682 21.8162 21.6311 21.141 21.0443 20.8553 20.8192 20.7213 20.5928 20.3908 20.3868 20.1123 20.1054 20.0998 19.9085 19.8217 19.8195 19.3035 19.2976 19.2926 19.0047 19.0011 18.998 19.0126 16.1942 16.1518 16.114 13.6261 13.59 10.3818 10.3355 3.5879
33.979 34.0439 34.0524 34.0627 34.0752 34.6407 34.6505 34.8394 34.4925 34.4918 35.0777 34.9769 34.8621 34.8583 35.0695 35.069 35.069 34.8776 34.7228 34.6927 34.8475 35.0645 35.5673 35.852 36.1091 38.9646 37.2384 32.1854 30.2375 27.9702 27.2642 26.0664 24.1662 23.7639 21.8137 21.6077 21.1404 21.0449 20.8559 20.8181 20.7209 20.5936 20.5288 20.3873 20.1136 20.1048 20.0979 19.8234 19.82 19.3108 19.3026 19.2958 19.2901 19.0031 18.9991 19.0099 19.0121 16.1985 16.1506 16.1081 13.627 13.5865 10.3842 10.3325 6.9919 3.5827
33.973 33.9765 33.9809 34.0501 34.0625 34.0779 34.0891 34.6526 34.8438 34.4955 34.4943 35.0748 34.9764 34.8661 34.8613 35.0695 35.0688 35.0208 34.917 34.7973 34.8752 34.7099 35.0133 35.6117 34.8765 33.8963 31.9806 30.9957 28.3028 27.4538 26.0222 24.7224 22.8321 21.8181 21.2882 21.2947 21.0469 20.8567 20.7647 20.7202 20.5948 20.5301 20.3882 20.1156 20.104 20.0953 19.8218 19.8177 19.311 19.3012 19.2932 19.0065 19.001 18.9965 19.0089 19.0115 16.2034 16.1489 16.2229 13.6282 13.5824 10.3877 10.3295 6.9896 3.584 3.1751
33.9663 33.9693 33.9732 33.9783 34.0468 34.062 34.0813 34.0957 34.6562 34.5001 34.4991 34.4971 34.3839 34.9758 34.8735 34.8685 35.3712 35.0631 35.0413 35.0299 34.9281 34.535 34.0025 34.064 32.745 32.3233 29.9359 28.5681 27.0554 26.0809 25.3211 23.6432 21.9388 21.2555 21.2756 21.1315 20.8575 20.7638 20.7185 20.5969 20.5321 20.3895 20.1187 20.1029 20.0915 19.8196 19.8146 19.3109 19.2991 19.2896 19.0045 18.9981 18.5749 19.0076 18.8812 16.2091 16.1465 16.221 13.6297 13.5775 10.3926 10.3266 6.9873 3.5857 3.1761 3.4594
33.9589 33.9611 33.9642 33.9686 33.9747 34.0419 34.0608 34.0858 34.1051 34.1114 34.5054 34.5034 34.4997 34.3936 34.7567 34.783 34.8882 35.2845 35.2661 34.8306 36.4259 34.3187 34.0791 32.1278 31.5243 29.9587 28.1906 27.3471 26.6773 25.3416 23.7446 22.6108 21.2726 21.2403 21.121 21.0076 20.7605 20.7142 20.6009 20.536 20.3919 20.1238 20.1012 19.8256 19.8162 19.8099 19.3104 19.2957 18.9887 19.0014 18.9941 18.5733 19.006 18.8811 18.8849 16.2611 16.2187 13.6316 13.5716 10.3992 10.3239 4.0411 3.5877 3.1772 3.1684 3.0892
33.539 33.4487 33.9541 33.9573 33.9622 33.9693 33.9796 34.0583 34.0919 34.119 34.1297 34.5129 34.5083 34.5006 34.4104 34.7598 34.8134 34.7528 34.7618 34.5433 34.6907 33.2799 32.6168 30.6002 30.1328 28.3413 27.9614 26.5824 25.1531 23.8316 23.0782 22.1337 21.6607 21.0125 20.9545 20.7426 20.6818 20.6104 20.5445 20.3965 20.319 20.0986 19.824 19.8109 19.7078 19.3089 19.2904 18.9856 18.9967 18.5762 18.5709 18.6971 18.881 18.8855 16.2661 16.6333 16.6004 13.5646 10.4083 7.333 4.0425 3.3305 3.1787 3.1686 2.6979 2.4059
33.5267 33.5342 33.5436 33.9445 33.9476 33.9528 33.9612 33.9741 34.0534 34.6892 34.1413 34.1618 34.524 34.5113 34.495 34.2648 34.7537 34.7166 35.04 34.7507 33.8476 32.549 30.2471 29.1054 28.4457 26.6251 26.0955 25.4552 24.5472 23.0136 22.0942 21.6243 21.6099 20.9129 20.6602 20.6502 20.6415 20.5681 20.4072 20.3146 20.0085 19.8215 19.709 19.7016 19.3055 18.9964 18.9803 18.7336 18.5731 18.5671 18.696 18.8809 19.0616 16.2731 16.6329 16.5935 13.7755 13.7225 7.3372 4.0445 3.5155 3.5813 3.1689 2.6981 2.4062 2.848
31.1235 32.1484 33.5276 33.5388 33.9311 33.9335 33.9385 33.948 33.9645 33.9922 34.679 34.182 34.3944 34.5427 34.4937 34.2364 34.4856 34.3927 34.1754 33.5671 32.5331 29.7534 28.14 28.0035 27.8359 26.2679 24.665 23.8306 22.9249 22.3073 21.7297 21.1817 21.0612 20.8519 20.725 20.6831 20.6825 20.4689 20.3003 20.0217 19.817 19.7007 19.6901 19.2338 18.9916 18.9709 18.7297 18.5677 18.435 18.8721 18.8809 19.0647 16.7587 16.6331 16.5853 13.7722 13.7094 7.3433 4.047 3.5173 3.324 3.1694 2.6983 2.4066 2.8475 2.6886
31.0672 31.1305 32.4443 33.5185 33.5319 33.5631 33.912 33.9157 33.9255 33.9465 33.9877 34.6646 34.7528 34.5011 34.5843 34.2107 34.799 33.6481 33.1441 32.1553 30.551 28.3066 27.2949 26.3683 26.1439 24.9704 23.9005 23.1477 22.0908 21.7583 21.2499 21.0133 20.936 20.8434 20.6743 20.6228 20.3819 20.2543 20.0632 19.8088 19.6804 19.6657 19.2308 18.9805 18.5705 18.5695 18.5581 18.4306 18.8696 19.0546 19.0696 16.7769 16.6346 16.5754 13.7691 13.6933 7.3521 4.0504 3.5196 3.3253 3.17 2.7987 2.4069 2.6347 2.6883 2.6891
30.6914 31.0592 31.1352 32.4347 33.5054 33.5216 33.5536 33.5591 33.5693 33.8845 33.9097 33.9745 34.6409 34.6139 34.8695 34.0205 32.9572 32.6459 31.8945 30.0211 29.1462 26.9293 25.9222 24.647 24.3743 23.0833 22.7789 22.4865 21.8486 21.2962 20.9695 20.8878 20.8526 20.7963 20.5407 20.5051 20.2605 20.1346 19.8245 19.6111 19.4076 19.0269 18.9305 18.5598 18.5519 18.4011 18.4232 18.5956 19.0587 19.0773 16.8044 16.6384 16.5633 13.7664 13.6734 7.8052 4.0551 4.0411 3.3269 3.1709 2.7987 2.4072 2.6351 2.688 2.6888 2.6896
27.3529 30.6731 30.7379 31.135 31.5847 33.335 33.3547 33.5377 33.5425 33.5553 33.5852 33.6424 33.9595 34.4166 34.6756 34.252 31.6875 30.2506 30.1921 28.7674 27.272 25.5246 24.8703 23.1602 22.9456 22.7423 22.4263 21.7264 21.5421 21.085 20.8701 20.8653 20.7359 20.4867 20.3819 20.3289 20.1428 20.0157 19.5254 19.3196 19.0323 18.6112 18.523 18.3788 18.4014 18.5582 18.6011 19.0666 19.5149 16.8474 16.6464 16.5482 13.7646 13.6481 7.7976 4.0616 4.0444 3.5116 3.3129 2.7988 2.4074 2.6355 2.8459 2.6886 2.6895 2.7627
26.6432 26.7158 30.6435 30.7191 31.1255 31.5927 32.1275 33.3367 33.5095 33.5104 33.5321 33.641 33.6593 34.5306 34.0178 33.0294 31.1731 29.2143 27.8993 27.1306 25.4011 24.6155 24.0497 22.8775 22.0915 21.8958 22.0363 21.2754 21.2115 20.8893 20.8686 20.7709 20.6956 20.4323 20.2933 20.1225 19.8971 19.7936 19.3848 18.9993 18.4967 18.3876 18.307 18.2725 18.5484 18.6123 19.0816 19.5165 19.7405 16.6626 16.7698 13.765 10.7633 7.7874 7.3412 4.0492 3.5134 3.3123 2.7988 2.4076 2.4109 2.6345 2.6882 2.6893 2.7624 3.2339
26.595 26.6698 26.7666 26.8903 30.6862 30.8122 31.5874 32.1498 32.7082 33.1393 33.1225 33.2296 32.3449 33.1524 33.2092 32.1766 29.3626 27.985 27.1611 26.6722 24.3968 23.8484 22.7425 22.1748 21.8566 21.5212 21.115 21.0124 20.9471 20.9009 20.8266 20.7061 20.5752 20.327 20.1371 19.8934 19.7923 19.4147 19.1855 18.4794 17.8424 18.0492 18.2927 18.5381 19.041 19.4608 19.5212 19.7452 16.9362 16.7576 13.8583 10.7513 7.7731 7.3179 4.0564 3.516 3.3116 2.5935 2.3037 2.4118 2.635 2.6877 2.689 2.762 2.7628 3.2382
26.53 26.6023 26.7013 26.8365 27.0183 27.2542 30.7942 31.5601 32.1351 32.6437 32.0883 32.3251 32.1553 31.7422 30.3391 29.9182 28.9421 26.9662 25.9132 24.2452 23.753 23.3596 22.157 21.8749 21.2164 20.9803 20.8786 20.9204 20.9749 20.8844 20.7549 20.5196 20.3367 20.2301 19.9434 19.7245 19.5518 19.2082 18.9125 18.0614 17.8528 18.3061 18.4543 19.3443 19.4542 19.5351 19.7565 17.0294 16.7528 13.8232 10.7366 7.7519 7.2846 4.0673 3.5199 2.745 2.7336 2.3045 2.4127 2.6357 2.687 2.6885 2.7615 2.7625 3.236 3.2434
26.4463 26.509 26.6011 26.7371 26.9379 27.2297 27.6309 30.3611 30.426 31.3266 31.4597 30.4485 30.4163 30.3898 29.2446 27.8847 27.2502 25.8182 24.6559 23.4663 22.7055 22.091 21.91 21.1607 20.9588 20.9275 20.959 21.0027 20.9738 20.708 20.581 20.4773 20.224 20.0162 19.8731 19.6118 19.3063 19.1649 18.462 18.2454 18.495 18.7152 19.114 19.455 19.7592 20.0074 19.9408 16.7722 13.7659 10.7179 7.7185 4.5271 3.9285 3.5258 2.7471 2.7324 2.3051 2.4137 2.6366 2.634 2.6879 2.7609 2.7621 3.2333 3.2421 3.2497
26.3442 26.3882 26.4594 26.5761 26.7697 27.0943 27.6313 30.3205 30.7628 30.7016 30.2044 29.2263 29.7557 28.6894 27.0797 26.2736 26.1908 24.5886 23.4131 22.8656 22.4217 21.8558 21.5547 21.0355 20.9183 20.8587 20.9813 20.9559 20.8861 20.7062 20.5605 20.3568 20.1858 20.0408 19.7006 19.5952 19.2358 19.1026 19.0163 18.983 18.9301 18.9308 19.6109 19.8838 20.0154 19.9424 16.8836 13.6655 10.6913 7.6604 4.5351 3.9411 3.535 2.75 2.7303 2.3055 2.3577 2.638 2.6346 2.6871 2.6892 2.7615 3.2299 3.2405 3.2495 3.9241
26.2267 26.2425 26.2764 26.3451 26.4822 26.7604 27.3409 28.5806 31.4752 31.1828 29.562 28.3388 28.4618 27.061 26.2315 25.6879 24.6475 23.9145 22.5044 22.2412 22.0005 21.7696 21.2767 20.8991 20.9564 21.0185 21.1047 21.0556 20.934 20.8456 20.8695 20.614 20.3238 20.4744 19.9192 19.9116 20.006 19.2368 19.283 19.3683 19.5186 19.7381 20.1107 18.96 19.9466 17.3894 13.6821 10.6335 7.5447 4.55 3.9621 3.9027 2.7546 2.7266 2.4399 2.3175 2.6402 2.6355 2.6858 2.6885 2.7608 2.7623 3.2385 3.2494 3.9236 6.4331
26.1008 26.0811 26.0639 26.0562 26.0769 26.1785 26.5157 27.5289 31.0964 30.7343 29.4933 28.51 27.7806 26.5292 24.788 24.2089 23.6585 23.079 22.0834 21.8727 21.4282 21.0039 20.9097 20.8943 20.9396 20.9666 21.1154 21.1154 21.104 21.1006 20.9796 20.8135 20.7732 20.7557 20.6054 20.3782 20.2787 19.9913 19.7059 20.2804 20.4704 20.2127 18.3573 17.9118 18.5887 14.4851 10.286 7.2595 4.5805 4.0009 3.9031 2.7625 2.7195 2.4369 2.3213 2.3725 2.6371 2.6839 2.6874 2.7598 2.7618 3.2359 3.3831 3.9233 6.4296 10.1183
25.9763 25.9195 25.8464 25.7499 25.6193 25.4444 25.2631 25.556 27.8234 29.8002 28.4253 26.3745 25.4707 24.7607 23.852 23.7922 22.7367 22.4323 21.5981 21.3274 21.0581 20.9441 20.9024 20.9026 20.9038 20.8934 20.9037 21.1096 21.1154 21.1071 21.1115 21.0848 21.0384 20.9777 20.9671 21.0129 20.4978 20.6239 20.5596 20.4695 19.0912 14.2124 15.7566 16.4568 19.1113 8.761 6.2756 4.6473 4.0841 3.9027 3.1099 2.7044 2.429 2.3258 2.3815 2.6398 2.6324 2.6856 2.7584 2.7611 3.2326 3.3816 3.9231 6.425 10.1103 11.5009
25.8641 25.7754 25.655 24.6308 24.4723 24.2106 23.7087 22.3546 19.1155 25.9297 26.2789 25.1497 24.4421 29.0035 24.7603 22.3388 22.1304 21.6494 21.3824 21.2233 20.9893 21.0319 20.992 20.9062 20.8362 20.8034 20.758 20.9173 21.0781 21.094 21.1191 21.125 21.144 21.1681 21.1447 21.1637 21.1484 20.6244 20.5531 20.4687 20.3607 18.0795 18.3354 19.3274 12.2844 5.5671 4.7336 4.539 3.9166 3.1158 2.6665 2.4065 2.4073 2.3963 2.6451 2.6335 2.6825 2.7561 2.76 3.2279 3.3798 3.9232 6.4184 6.847 11.4997 11.5637
24.837 24.7727 24.6862 24.564 24.3809 24.0833 23.5514 22.4155 23.8075 26.5481 25.8331 24.4834 24.1767 34.862 26.3273 22.2354 21.8067 21.3359 21.0945 21.0344 21.0165 21.0489 20.9392 20.8086 20.7046 20.5919 20.6845 20.9362 21.0593 21.0856 21.1246 21.1694 21.1736 21.2312 21.2773 21.2768 21.2013 20.6423 20.4817 20.4154 20.2649 19.7425 11.5526 12.5058 7.6933 4.8209 4.6786 4.1474 3.1098 2.5688 2.2975 2.4046 2.5163 2.433 2.636 2.6768 2.7523 2.7582 3.3501 3.3774 4.1325 4.4922 6.8541 11.4962 11.5775 11.6402
