normal_rasters/0772100000302912.ascii
ncols 54 
nrows 63 
xllcorner 159152.51001
yllcorner 384392.755981
cellsize 0.25
nodata_value -9999 
[rows 0 to 36 of 63, columns 0 to 53 of 54]
45.6907 45.6728 44.8454 44.8485 45.0202 45.0231 45.0267 45.0309 45.0358 45.1006 45.2498 45.2515 45.0049 44.9915 44.9753 44.8031 44.7821 44.6536 44.6386 44.6237 45.2603 45.2643 46.197 47.0348 47.1766 47.3106 48.0428 48.0928 48.4464 48.4382 48.4285 48.418 48.4075 48.0129 48.0006 47.4558 47.326 46.6333 46.5923 46.5564 46.5252 46.498 46.4744 46.4539 46.4361 46.4206 46.4072 46.3954 43.9399 43.9035 42.6774 41.5339 41.491 41.453
45.7006 45.6815 45.6604 44.8453 44.8489 45.0197 45.0235 45.028 45.0333 45.0395 45.1039 45.2513 45.2534 45.0016 44.9837 44.8125 44.788 44.7604 44.6375 44.6187 45.2254 45.2751 46.1599 47.016 47.1942 48.0019 48.0768 48.4672 48.4595 48.449 48.4365 48.4234 48.0375 48.0217 47.4862 47.354 46.6657 46.6158 46.5728 46.5358 46.5042 46.4771 46.454 46.4341 46.4171 46.4026 46.39 43.9247 43.8856 41.5525 41.5011 41.4562 41.4168 39.0517
45.7129 45.6926 45.6698 45.6446 44.8452 44.8496 45.0194 45.0242 45.03 45.0369 45.1714 45.251 45.2536 45.0149 44.9955 44.826 44.7974 44.7639 44.6372 44.6127 45.1796 45.2385 46.1083 46.9895 47.2187 48.0303 48.1235 48.486 48.476 48.4618 48.4453 48.0704 48.0496 47.5252 47.4884 46.7162 46.6438 46.5913 46.547 46.5098 46.4785 46.4522 46.4301 46.4115 46.3958 43.9524 43.904 42.6675 41.514 41.46 39.0786 39.047 39.0197 38.9961
45.7282 45.7068 45.6823 45.6547 45.6474 44.8452 45.0144 45.0193 45.0256 45.0333 45.0425 45.1776 45.2537 45.2569 45.0118 44.9844 44.8119 44.7712 44.6386 44.6058 44.5755 45.188 46.0345 46.9507 47.2537 48.0717 48.1894 48.511 48.4972 48.4772 48.1166 48.088 47.5772 47.5281 46.7631 46.6773 46.6119 46.5581 46.5138 46.4775 46.4477 46.4231 46.4028 46.386 43.9285 43.8761 42.6297 41.4648 39.0784 39.0407 39.0086 38.9812 33.515 33.4917
46.5466 45.7247 45.6986 45.6685 45.6345 44.8398 44.8453 45.0132 45.0197 45.0282 45.0388 45.172 45.2535 45.2579 45.0341 45.0047 44.8347 44.7852 44.644 44.5978 44.5547 45.1155 45.2474 46.8915 47.3046 48.1341 48.5516 48.5459 48.5252 48.185 48.1438 47.6495 47.5811 46.8226 46.7179 46.6346 46.568 46.5149 46.4726 46.4387 46.4115 46.3897 45.9018 43.8947 42.6399 42.58 39.0778 39.0321 38.9938 37.9662 37.9532 33.5 33.4755 33.454
47.5161 46.5414 45.7199 45.6875 45.6498 45.6321 44.8386 44.8456 45.012 45.0211 45.0331 45.0481 45.1825 45.2589 45.2644 45.0342 44.9894 44.8114 44.6586 44.5899 44.5231 45.0066 45.1858 46.7981 47.9322 48.2297 48.6041 48.5985 48.5629 48.2319 47.7565 47.6548 46.9002 46.7671 46.6581 46.5743 46.51 46.4606 46.4226 46.393 45.9038 43.9205 42.653 42.577 39.0766 39.0201 37.9827 37.9631 37.9469 33.5108 33.4811 33.4553 33.4331 33.4138
47.5562 46.5769 46.6777 45.7131 45.6719 45.6237 45.6052 44.8269 44.8464 45.0111 45.0244 45.0423 45.1745 45.2594 45.2681 45.0757 45.03 44.8587 44.695 44.5883 44.4686 44.8357 45.0853 46.062 47.947 48.3716 48.6909 48.6843 48.3877 48.2746 47.7628 47.003 46.8256 46.6785 46.5713 46.4934 46.4366 46.3948 45.9029 45.8707 43.8596 42.5709 39.0744 38.017 37.9857 37.9602 37.9396 33.525 33.4882 33.4569 33.4301 33.4073 33.3877 33.371
47.6046 47.5622 46.579 46.6711 45.7032 45.6493 45.6142 45.3782 44.8265 44.9975 45.0114 45.0321 45.0602 45.1951 45.2723 45.2831 45.0909 45.0204 44.8388 44.628 44.3495 44.5599 44.907 45.8527 48.0057 48.722 48.8549 48.7091 48.4719 47.9288 47.1369 46.8965 46.6843 46.5467 46.4539 46.3909 45.8941 45.8515 45.8211 41.4593 38.0909 38.036 37.9925 37.9581 37.9309 33.5443 33.4978 33.4588 33.4261 33.3986 33.3755 33.356 25.831 25.7867
47.6617 47.6232 47.5716 47.6308 46.6625 45.6881 45.615 45.576 45.3459 44.8265 44.9921 45.0149 45.0498 45.1844 45.2761 45.2958 45.1728 45.1209 44.9985 44.8862 44.0359 44.1831 44.508 46.0804 48.095 48.6185 48.9761 48.8361 48.1604 47.2746 46.9144 46.6412 46.4707 46.368 46.3059 45.8065 45.7704 40.4939 40.4177 38.0707 38.0069 37.958 37.9206 37.8921 33.5109 33.4611 33.4202 33.3866 33.3589 33.336 25.854 25.8004 25.7538 25.7132
49.2891 48.667 47.6508 47.5869 47.6335 46.6512 46.5497 45.5969 45.3407 45.2977 44.828 44.9869 45.028 45.0912 45.2343 45.3226 45.3452 45.2639 45.2158 45.0484 44.3868 44.3402 44.6718 46.9366 49.2704 47.765 48.0031 47.9348 47.1825 46.7372 46.4478 46.2715 45.6876 45.6931 44.6525 42.4413 40.4796 38.1382 38.0372 37.9629 37.9085 37.8689 33.5296 33.4641 33.4116 33.3695 33.3357 25.9611 25.8836 25.8173 25.7605 18.8036 18.7479 18.6996
49.2822 49.2904 48.6916 48.6655 47.6128 47.6428 46.6358 46.4846 45.5415 45.2849 45.2206 44.8337 44.988 45.1075 45.2071 45.3332 45.356 45.3981 45.4704 45.0628 44.7153 44.3772 44.4186 45.2915 47.402 47.0367 46.4335 45.3683 45.1264 44.1664 44.1172 44.1265 42.6617 42.5288 40.62 40.4476 38.1046 37.9807 37.8951 37.8362 33.5576 33.4678 33.3983 33.3443 33.3024 26.0228 25.923 25.8389 25.7681 18.8271 18.7593 18.7013 18.6517 18.6091
49.2736 49.2814 49.2917 48.7287 48.6994 47.7856 47.6673 46.6142 46.371 45.2842 45.186 45.0891 44.9202 45.0466 45.1864 45.3037 45.3496 45.3728 45.3433 45.1439 44.7471 44.1614 43.5557 43.7929 46.4809 45.2196 43.8233 43.9242 43.5917 43.6776 43.7122 42.7677 42.5523 40.6191 38.2716 38.0345 37.883 37.7873 37.7278 33.473 33.3768 33.3054 30.4699 30.4366 25.9771 25.8674 25.7768 18.8553 18.7708 18.7001 18.6406 18.5906 18.5483 13.3579
48.6094 48.6273 49.2795 49.2928 49.3112 48.7568 48.6963 46.8445 46.5843 46.0762 45.1726 44.9721 44.7981 44.9961 45.1619 45.2773 45.2844 45.283 45.2517 44.9793 44.8247 44.6116 43.9919 42.9933 44.109 43.5586 43.6297 43.4042 43.646 43.7748 42.9769 42.5778 40.5745 38.2061 37.8862 37.7073 37.6103 33.4807 33.3404 30.5504 30.488 30.4409 26.0551 25.9062 25.7865 18.8895 18.7817 18.6935 18.6212 18.5617 13.3704 13.336 13.3073 13.2834
48.6004 48.6185 48.6416 49.2757 49.2936 49.32 49.4048 47.9905 47.7685 46.5561 45.879 44.9397 44.8877 44.9578 45.1308 45.0843 45.2467 45.1982 45.3201 45.1094 44.8761 44.6704 44.1053 43.4933 43.6311 43.6129 43.7667 43.808 43.8338 43.8562 42.5754 38.8463 37.9797 37.5618 37.3778 33.4951 30.7594 30.6169 30.5162 30.4449 30.3942 25.9618 19.1117 18.9314 18.7892 18.6767 18.5872 13.3921 13.3428 13.3029 13.2706 13.2443 11.1612 10.9688
48.5879 48.6051 48.6279 48.6583 48.6996 49.293 49.334 49.4249 48.7986 47.964 47.1462 45.239 45.5184 44.9425 45.0207 44.7316 44.783 45.057 45.0677 44.8071 45.0394 44.2134 44.0094 44.0763 43.9917 43.7782 43.9807 44.4378 43.8744 42.4874 38.5615 37.3243 36.8424 34.6446 31.0393 30.7523 30.566 30.446 30.3684 26.0466 19.2422 18.983 18.7876 18.6396 18.5269 13.3569 13.2979 13.2518 13.2159 10.959 10.9353 10.9672 10.9941 15.2311
48.5716 48.5866 48.607 48.6356 48.6766 48.7367 48.8266 49.1948 49.483 49.4969 49.3436 48.3263 46.9093 45.0495 44.6288 44.5027 44.5624 44.605 44.6367 44.5845 44.5379 44.4396 44.1874 43.9542 44.2751 43.687 44.2454 41.4549 40.337 37.7736 36.0957 33.6529 31.8085 31.1028 30.6762 30.4352 30.3027 30.2305 19.4451 19.0447 18.7615 18.5601 13.3886 13.2926 13.2221 13.1701 10.9171 10.9321 10.926 10.9661 10.9992 15.2348 15.2606 15.2821
48.5519 48.563 48.5787 48.6018 48.6371 48.6938 48.7859 48.927 49.3198 49.7797 49.0306 48.2957 45.2523 45.1541 44.3674 44.3231 44.4806 44.5181 44.5353 44.4134 44.3925 43.81 43.8918 41.9365 41.7003 40.3417 39.1073 37.9581 37.0874 35.0682 33.6891 32.369 31.0494 30.3854 28.4834 26.4221 22.1006 19.1075 18.6673 13.4719 13.2906 13.1695 13.088 13.0331 10.868 10.8918 10.9141 10.9661 15.2027 15.2412 15.2726 15.2983 15.3193 15.3365
47.8187 47.8428 48.5441 48.5576 48.5803 48.6232 48.7196 48.9634 48.8965 48.671 48.1826 47.4326 45.3951 44.8151 44.5573 44.3923 44.3698 44.3687 44.3892 44.1827 43.5798 41.8813 41.2439 41.1111 38.3387 36.5626 36.3493 35.8436 33.1703 32.4512 29.567 29.8699 28.2847 26.2165 25.9084 15.7058 15.0482 13.314 13.0606 12.9159 12.8342 10.7386 10.7871 10.808 10.8986 10.9687 15.2033 15.2526 15.2916 15.3224 15.3468 15.3662 15.3816 15.3937
47.2634 47.8017 47.8233 47.8543 47.9024 47.9844 48.1434 48.4475 48.005 46.6494 46.713 46.5341 45.2365 44.804 44.6479 44.6994 44.0074 44.013 42.9924 40.6171 39.6825 38.9625 36.8783 37.1909 35.9898 33.7307 32.9656 32.0563 30.7546 26.4053 26.2069 22.0093 23.003 16.2774 14.7903 10.123 9.8226 9.692 9.6379 10.5431 10.641 10.7425 10.8776 10.9769 15.208 15.2733 15.3225 15.3598 15.3881 15.4095 15.4257 19.4828 19.51 19.5323
47.2212 47.2386 47.2612 47.2914 47.3323 47.3861 47.364 47.2904 46.8338 45.97 45.8221 45.7386 45.4463 45.4977 45.2682 44.9688 43.3219 42.3982 41.1863 38.2542 37.0192 36.421 34.5737 33.2123 32.1151 31.3115 29.8293 27.8353 24.9594 21.5187 18.8682 17.1844 12.4904 9.6448 9.3183 9.1689 7.5528 9.4287 9.4574 10.6264 10.8479 10.9989 15.2228 15.3124 15.3758 15.4208 15.4527 15.4752 15.4909 19.5235 19.5538 19.5779 23.9468 23.9617
47.2226 47.2249 47.2254 47.2216 47.2073 47.122 47.0117 46.314 45.975 45.724 45.8506 45.8889 45.7115 45.4023 43.6488 42.8227 40.0273 39.9703 37.8633 35.5999 33.6352 32.8214 32.3371 30.2229 28.9064 27.6328 26.18 20.0508 18.2633 18.659 13.7051 7.5866 4.8641 5.3798 5.241 7.0156 9.0919 9.5433 10.8046 11.059 15.2642 15.3926 15.4747 15.5271 15.56 15.58 19.5441 19.5872 19.6199 23.9258 23.9476 23.9655 23.9803 23.9927
47.2425 47.2274 47.2034 46.5111 46.4908 46.4553 46.1104 46.1418 46.1763 46.1719 46.2272 45.1831 45.4606 41.7477 41.547 38.054 36.4537 34.1063 34.4083 32.0831 31.4525 29.9461 27.6848 27.2354 24.2864 22.4368 17.8422 15.8183 10.5557 5.3986 5.8139 4.8801 4.5106 5.404 7.0015 9.2709 9.8746 13.8221 15.3891 15.5787 15.6787 17.2148 17.232 17.2372 21.6178 21.6548 23.8896 23.924 23.9513 23.9732 23.9908 24.005 24.4681 21.1267
46.7415 46.7201 46.4934 45.8084 45.8285 45.8592 45.9116 46.0143 46.2132 44.9403 43.732 41.5953 41.2184 38.3415 37.3328 35.0713 33.4373 32.6473 30.6057 30.2961 27.9472 27.3797 22.164 18.4174 15.6904 14.9745 11.7031 4.4333 3.4882 3.4842 5.2864 9.4831 8.8075 10.136 12.6205 14.2518 17.7073 17.8955 17.9596 17.9698 17.9568 21.5625 21.6342 21.6852 23.8798 23.9261 23.9612 23.9882 24.0089 24.474 24.4783 21.1428 22.4516 18.9786
45.7702 45.7767 45.7849 45.002 45.0441 45.0981 45.1639 45.2156 44.9853 42.7899 40.4832 39.2143 37.4909 36.4637 35.1169 33.0899 31.8729 30.1045 27.4557 24.3841 22.8897 18.0829 14.1438 12.57 11.8813 4.5961 4.0823 2.1932 6.2864 9.5713 10.0058 13.451 15.5578 17.0167 19.0208 19.4618 19.5686 19.5604 19.5199 21.5574 21.6692 23.7811 23.8733 23.9383 23.9845 24.0176 24.4867 24.4919 24.4952 22.5238 22.4626 22.4123 18.9217 17.0549
44.8814 44.8922 44.903 44.9124 44.9161 44.903 44.8397 44.617 43.1177 40.0138 38.3398 35.9722 35.2567 33.5784 32.7733 31.2805 28.5397 24.3317 23.2876 19.397 16.8316 14.4071 5.7594 6.1643 2.7241 2.7865 5.8885 9.2138 10.2559 11.9259 16.0989 17.5564 17.0869 19.8635 20.309 20.2592 20.0407 21.5706 21.7532 23.7318 23.8833 23.9787 24.0393 24.0781 24.5227 24.5245 24.5246 22.5663 22.4814 19.9645 19.8804 17.0459 17.0003 14.1878
44.84 44.8401 44.8359 44.8234 44.7946 44.7321 42.371 40.0331 38.2794 36.1342 34.7042 33.4216 31.5712 28.96 26.3079 25.5388 23.7751 15.8091 13.3992 14.2074 11.6131 5.4587 4.5527 3.5334 6.2608 7.5732 13.9918 14.5315 16.0948 16.445 18.491 21.5077 22.2225 21.8066 22.4763 22.5388 23.0737 23.6872 23.9659 24.1086 24.1799 24.6069 24.5986 24.5883 24.5782 22.6392 22.5149 19.99 17.2811 17.0327 14.1994 14.1814 14.1674 14.1565
44.7999 44.7908 44.7745 42.3928 42.2718 42.049 39.6747 39.0291 35.0283 33.5723 32.6941 28.6056 27.0289 25.3786 21.2804 18.3008 14.4642 11.0326 8.1978 5.3533 5.8746 6.3193 8.2875 9.6659 11.6146 15.4013 16.1245 19.5918 19.7191 22.7221 22.0783 22.4184 23.6973 25.2952 24.1232 24.6546 25.4343 25.6772 25.7504 24.8508 24.7807 24.7255 24.8312 23.4136 20.986 20.8131 17.2888 17.0124 14.1977 14.173 14.1545 14.1407 14.1304 11.1015
42.768 42.3079 42.2335 42.116 40.2777 39.5931 36.2354 31.5518 29.1034 28.9031 25.3942 23.6702 20.0744 17.0307 12.8264 10.4918 6.7775 8.0624 6.5768 9.8711 13.3891 15.577 17.1254 17.7169 17.5 21.7145 23.9128 22.1089 25.3155 24.6512 25.7209 25.1037 26.2955 26.425 27.6633 27.3884 27.2523 26.5428 26.2414 25.1122 24.9475 23.349 21.1394 20.8568 17.3036 14.2479 14.1973 14.1614 14.1359 14.118 14.1054 11.1021 11.0881 11.0769
42.2161 42.1447 40.3754 40.2085 36.4699 30.3557 26.1327 25.9317 24.1404 23.3808 19.856 17.5009 15.8476 11.3224 9.2379 6.7927 5.5259 10.7745 11.5787 15.9702 16.6956 21.7695 23.2844 24.6945 20.1767 25.0903 27.1399 27.9545 27.0092 27.509 27.6856 28.9599 28.2969 28.0657 28.1896 28.4625 27.7347 26.4014 25.9561 23.56 23.2192 20.9521 17.9287 14.2876 14.2012 14.1444 14.1072 14.0831 14.0677 11.1038 11.0849 11.0701 11.0587 9.2756
40.4142 40.3164 34.0505 30.1308 25.8038 25.6489 25.3808 23.5919 22.9813 20.7322 17.0423 14.728 13.83 10.5375 10.3375 10.5027 12.7362 18.1835 21.0126 22.7655 25.0273 25.6646 27.3112 29.2971 31.1243 29.9424 29.2678 30.6287 31.2381 30.6566 30.4184 30.5662 30.2346 28.5095 28.3098 27.7801 26.1845 25.5121 23.2315 22.8689 16.7852 14.3952 14.2199 14.1177 14.0584 14.0247 12.2044 11.1077 11.0809 11.0607 11.0457 9.2765 9.2566 9.2407
33.9941 33.8037 26.8071 25.5869 25.4268 22.3461 22.1026 20.9715 18.3088 18.1551 17.2211 17.1566 16.7731 14.1513 12.8766 15.8703 19.8082 22.597 25.8112 28.9243 30.3927 30.0648 30.8952 31.1467 32.6 33.4226 32.4549 32.2401 32.8256 33.2683 32.1378 31.0937 30.6762 28.231 27.8132 24.5565 23.2563 21.0781 18.3998 16.7586 14.3006 14.0717 13.9631 12.1808 12.1775 12.1783 11.0758 11.0467 9.3104 9.2763 9.2502 9.23 9.2145 9.8314
26.792 22.4898 22.4227 21.5461 21.4288 21.2611 18.6281 18.6308 17.8972 18.0295 19.123 19.4646 19.444 19.4935 23.4169 22.9047 26.9615 30.2225 30.4113 32.2748 32.7864 33.2636 33.477 34.0761 34.2449 35.1302 35.7307 34.9279 34.6816 33.1233 30.73 29.4175 28.8389 26.1045 23.8855 21.9091 21.5203 18.3737 15.0325 13.9943 12.1686 12.1324 12.1259 12.1305 10.7575 10.7153 9.3231 9.2736 9.2377 9.2117 9.1927 9.7982 9.8344 9.8649
21.6041 21.5496 21.4767 21.3792 18.7263 18.7427 18.913 18.9675 19.0684 19.2522 21.2879 21.1847 21.4923 25.6711 28.4514 29.6904 30.7526 32.3518 33.3323 34.3886 34.0971 34.2509 35.9767 35.7396 36.2547 36.2766 36.2948 35.5642 33.6285 31.4263 29.2247 28.6599 25.3802 25.248 22.9062 18.7964 15.3313 13.7009 12.2916 12.0184 11.9937 12.0192 10.7769 10.7005 9.3419 9.264 9.2122 8.1998 8.1745 8.6933 9.7969 9.8407 11.1422 11.1937
21.504 21.5553 21.4649 20.9742 20.99 21.0206 21.0753 21.1689 23.5983 23.6023 23.6942 24.1351 26.0276 30.8887 32.6845 32.7588 33.8971 34.3825 35.0776 35.2785 35.6805 37.6491 37.3148 38.3778 37.2705 36.4137 35.9675 33.8658 33.0521 29.5271 27.36 26.0074 24.2016 21.2551 19.6319 16.751 13.5051 12.5737 11.3766 11.6048 11.794 10.6781 9.8353 8.3287 8.2426 8.1891 8.155 8.6597 8.6633 9.7992 11.1128 12.0746 12.1359 12.1831
21.0615 21.0744 21.0944 21.1246 21.1699 21.2375 23.8064 23.8376 23.9062 24.0546 24.3848 27.1255 31.6929 32.2513 34.2985 34.9823 35.5462 35.5629 36.1324 38.4725 38.3925 39.8885 39.2345 38.7443 36.8281 35.9773 34.2009 33.6653 31.4526 28.9901 26.8903 24.1705 22.2501 19.0826 17.2955 15.1819 13.4086 10.9091 10.7382 10.0524 8.7271 8.3806 8.2164 8.1358 8.0949 8.5864 8.604 9.8427 10.8003 12.0553 12.1433 13.3269 13.3596 13.3836
21.1496 21.1755 21.2111 21.26 23.8858 23.9118 23.9552 24.0278 24.151 26.736 27.0889 32.9486 33.2665 34.6504 36.4296 36.2271 37.6086 37.9592 39.3109 41.5185 41.0248 39.6952 39.4636 38.0557 36.6599 34.7459 33.4424 31.4841 30.7862 28.9548 27.0962 24.5323 20.9948 19.1047 15.8101 13.9642 11.1531 8.9915 8.6218 8.5188 7.9277 7.88 7.8875 7.7076 7.8637 7.9066 10.7211 12.0188 12.155 13.3489 13.3933 13.4238 17.4701 17.5258
21.2306 22.9332 23.9232 23.943 23.972 24.0148 24.0781 27.5213 27.7116 30.8213 33.2844 33.5583 35.263 37.1321 38.3923 38.4694 39.5184 39.5322 41.3933 41.2511 41.2669 40.1836 39.4031 37.6109 35.2444 34.3272 31.9342 30.2313 29.1452 29.4565 27.0593 24.5318 21.1954 19.7109 16.2459 13.9588 11.083 7.7166 7.1193 6.6813 6.5316 6.5599 7.1791 7.8013 10.5352 10.8229 13.2877 13.3889 13.4519 14.2617 17.4243 17.5059 20.5723 20.637
