normal_rasters/0772100001000734.ascii
ncols 166 
nrows 183 
xllcorner 158677.681
yllcorner 383630.904999
cellsize 0.25
nodata_value -9999 
[rows 128 to 159 of 183, columns 70 to 139 of 166]
3.2092 3.2391 3.2751 3.4216 3.4262 3.3887 3.3287 3.1646 2.9193 1.7146 1.6811 1.5852 1.6799 1.7965 1.6472 1.6653 1.6945 1.5342 1.4267 1.342 1.2383 1.1085 1.0685 1.0637 0.9849 0.9957 0.9687 0.8819 0.8787 0.8832 0.8904 0.7698 0.7318 0.6625 0.6347 0.5241 0.4468 0.3101 0.2396 0.195 0.0851 0.0793 0.0792 0.0958 0.15 0.1775 0.1828 0.214 0.2797 0.433 0.487 0.5485 0.4353 0.3721 0.2979 0.1854 0.1247 0.1605 0.1449 0.2218 0.4874 0.7802 0.998 1.062 1.0945 1.2286 1.4381 1.5112 1.7353 1.8049
3.2105 3.3618 3.3611 3.3613 3.3572 3.283 3.1724 1.7441 1.732 1.7176 1.5815 1.7054 1.822 1.9058 1.7838 1.6965 1.6066 1.5924 1.4463 1.3397 1.3172 1.1745 1.0274 0.9394 0.9549 0.9494 0.7796 0.8156 0.8384 0.8418 0.8545 0.8096 0.76 0.6942 0.6543 0.6316 0.5027 0.4242 0.2835 0.1981 0.1619 0.0811 0.0793 0.0792 0.0867 0.1642 0.1776 0.1827 0.2257 0.2638 0.4406 0.5757 0.5654 0.5177 0.4031 0.2694 0.1634 0.1358 0.1125 0.2097 0.4816 0.7353 0.9618 1.0315 0.9768 1.0684 1.2613 1.3451 1.4115 1.6665
3.3244 3.3369 3.3553 3.3157 3.2589 3.1797 1.7455 1.7392 1.7319 1.6678 1.692 1.802 1.8285 1.8429 1.8613 1.7357 1.5968 1.515 1.3897 1.2883 1.2478 1.119 0.9841 0.9146 0.9088 0.9279 0.5911 0.777 0.8056 0.8073 0.8305 0.7783 0.7228 0.6191 0.6272 0.6216 0.5065 0.4737 0.4038 0.2572 0.2113 0.1569 0.088 0.0793 0.0815 0.0914 0.1441 0.179 0.2321 0.2389 0.2821 0.4808 0.5611 0.5794 0.5153 0.4119 0.3346 0.1789 0.17 0.1621 0.1879 0.4932 0.8039 0.9605 0.9801 1.129 1.1454 1.2454 1.2842 1.4165
3.3471 3.3231 3.2901 3.3939 3.3305 1.7461 1.7424 1.5928 1.7002 1.7153 1.7902 1.8247 1.8306 1.8124 1.7695 1.7563 1.6184 1.3826 1.2671 1.2073 1.0749 1.0375 0.9902 1.0081 0.9129 0.8842 0.8649 0.8168 0.7931 0.7853 0.7237 0.7125 0.6556 0.5942 0.5736 0.6033 0.5793 0.5017 0.4785 0.3386 0.2446 0.2019 0.0875 0.0793 0.0793 0.0835 0.0944 0.1494 0.2177 0.2386 0.2641 0.3317 0.471 0.5201 0.56 0.5187 0.4287 0.2975 0.1787 0.1771 0.2235 0.2925 0.4012 0.6987 0.7175 1.0021 1.0266 0.9425 1.0134 1.1424
3.4521 3.4218 3.3826 3.3325 1.7462 1.7438 1.5935 1.7004 1.7109 1.813 1.8159 1.8173 1.8081 1.7342 1.723 1.6664 1.6078 1.3388 1.2049 0.958 0.9558 0.9058 0.8909 1.0221 0.9748 1.0305 0.9489 0.8336 0.7974 0.7868 0.7235 0.6892 0.679 0.5814 0.5195 0.4728 0.5486 0.5589 0.4988 0.4641 0.2998 0.2285 0.1627 0.0897 0.0793 0.0793 0.0867 0.1073 0.1666 0.2125 0.2367 0.2741 0.3996 0.5243 0.5431 0.4884 0.4684 0.3656 0.2192 0.1849 0.1385 0.2141 0.2377 0.2603 0.5779 0.54 0.7565 0.6568 0.6991 0.7915
3.4087 3.3761 3.3357 1.746 1.879 1.7074 1.6997 1.8091 1.8106 1.8121 1.8123 1.8064 1.715 1.7051 1.618 1.4887 1.4194 1.2862 0.9972 0.9271 0.9096 1.0118 1.036 1.0755 1.0099 1.0221 1.0047 0.8538 0.8177 0.8084 0.7886 0.7109 0.6862 0.6775 0.5664 0.4593 0.4572 0.5024 0.4904 0.4827 0.4281 0.3076 0.2383 0.1641 0.0852 0.0793 0.0793 0.0842 0.0921 0.0846 0.1886 0.2465 0.2873 0.4619 0.5205 0.5456 0.4626 0.4482 0.3528 0.2788 0.2115 0.0855 0.1399 0.2743 0.3922 0.4045 0.3699 0.4461 0.5483 0.8456
3.3725 3.3392 1.8816 1.88 1.7074 1.8076 1.8084 1.8092 1.8102 1.8097 1.8056 1.7065 1.6994 1.6858 1.3867 1.2719 1.1848 0.9806 0.9828 0.9233 0.9061 1.1442 1.1863 1.2128 1.2665 1.0992 1.0317 0.9465 0.8655 0.8378 0.7922 0.742 0.7196 0.7171 0.6426 0.5031 0.4501 0.4454 0.4352 0.3979 0.4694 0.385 0.2695 0.2106 0.1448 0.0793 0.0793 0.0793 0.0793 0.0793 0.1234 0.2044 0.2366 0.3218 0.4928 0.6327 0.5908 0.4252 0.3777 0.3252 0.1561 0.0815 0.0909 0.1692 0.2949 0.2803 0.2039 0.1853 0.535 0.7411
3.3427 1.8819 1.7031 1.7072 1.8073 1.8078 1.8084 1.809 1.8083 1.8053 1.7024 1.6975 1.5265 1.3551 1.2474 1.2012 1.1186 1.0315 1.3241 1.2224 1.0042 1.2822 1.3245 1.3229 1.4678 1.401 1.0523 0.9473 0.9197 0.8422 0.8392 0.7663 0.7501 0.7126 0.6148 0.5803 0.5139 0.4682 0.3664 0.3415 0.3953 0.3981 0.3272 0.2339 0.1892 0.0954 0.0793 0.0793 0.0793 0.0858 0.1171 0.1789 0.2263 0.2335 0.3465 0.5622 0.6385 0.5489 0.3569 0.2887 0.2598 0.1428 0.0819 0.0974 0.1356 0.2149 0.2182 0.2854 0.5386 0.6668
1.8822 1.7035 1.8068 1.8071 1.8075 1.8079 1.8083 1.8074 1.7027 1.7003 1.6967 1.5156 1.3443 1.2445 1.1927 1.2011 1.1397 1.1972 1.4247 1.4356 1.3856 1.3707 1.5758 1.55 1.4798 1.4732 1.3275 0.9655 0.8576 0.8467 0.8534 0.8335 0.7719 0.7331 0.6764 0.6247 0.5932 0.535 0.4854 0.3722 0.3494 0.4155 0.3444 0.2415 0.1906 0.1552 0.0845 0.0793 0.0792 0.0792 0.1138 0.1765 0.1926 0.2367 0.3028 0.4313 0.561 0.6315 0.6109 0.5461 0.3613 0.3492 0.222 0.1087 0.1429 0.2498 0.244 0.3206 0.5106 0.6921
1.9841 1.8067 1.8069 1.8072 1.8075 1.8078 1.8069 1.701 1.6991 1.5185 1.5104 1.3405 1.3237 1.2293 1.2257 1.2331 1.2557 1.3726 1.4229 1.4976 1.52 1.7293 1.7284 1.6931 1.5978 1.4754 1.406 1.2331 0.9531 0.8705 0.897 0.8602 0.7894 0.7445 0.7437 0.6567 0.64 0.6463 0.5339 0.471 0.4263 0.5547 0.3948 0.3253 0.2352 0.1881 0.1244 0.087 0.0793 0.0792 0.0801 0.1115 0.1902 0.2319 0.252 0.3056 0.4104 0.5876 0.6192 0.526 0.5305 0.4653 0.4251 0.1446 0.1649 0.2518 0.2449 0.3091 0.5982 0.6401
1.8066 1.8068 1.807 1.8072 1.8075 1.7606 1.7 1.6984 1.5145 1.3686 1.3393 1.2747 1.2373 1.2363 1.247 1.26 1.3656 1.3909 1.5356 1.6146 1.7524 1.8549 1.81 1.7476 1.7254 1.574 1.3608 1.2727 1.1498 0.9695 0.9019 0.9018 0.8972 0.8014 0.8038 0.6996 0.6484 0.6368 0.5632 0.5089 0.4843 0.4166 0.4667 0.3848 0.3541 0.2319 0.1763 0.123 0.0887 0.0792 0.0792 0.0817 0.1369 0.1998 0.2321 0.2483 0.3206 0.5475 0.6065 0.5716 0.4997 0.4122 0.4056 0.2774 0.1832 0.2165 0.2184 0.3232 0.4631 0.5419
1.8067 1.8069 1.8071 1.7614 1.7597 1.6992 1.5558 1.5121 1.3665 1.3392 1.2425 1.242 1.2418 1.2535 1.262 1.3649 1.3782 1.5474 1.719 1.7554 1.8652 1.9141 1.9006 1.8174 1.7524 1.6434 1.5048 1.2743 1.1656 1.0868 0.9267 0.9029 0.8444 0.813 0.8105 0.7993 0.7105 0.6466 0.6224 0.5549 0.5108 0.4851 0.4875 0.4454 0.4442 0.33 0.2031 0.1774 0.1306 0.0845 0.0792 0.0792 0.0859 0.1399 0.2043 0.237 0.2393 0.3873 0.6082 0.7156 0.5487 0.3797 0.369 0.3138 0.268 0.2485 0.2207 0.3064 0.3388 0.3426
1.8068 1.8069 1.7605 1.7591 1.5574 1.5536 1.5107 1.3654 1.3394 1.2451 1.2449 1.245 1.2571 1.2629 1.3651 1.3731 1.6566 1.6746 1.7647 1.871 1.9557 2.0153 1.9316 1.8324 1.7889 1.6521 1.6021 1.447 1.1698 1.0245 0.9356 0.8931 0.8819 0.828 0.8103 0.8102 0.7359 0.6545 0.6475 0.6153 0.5392 0.5247 0.5213 0.5937 0.4628 0.4074 0.3282 0.1938 0.174 0.1453 0.0803 0.0793 0.0793 0.0828 0.1514 0.1928 0.2425 0.3156 0.4413 0.6591 0.7189 0.5519 0.4017 0.3625 0.3947 0.3372 0.2447 0.2288 0.2969 0.2941
1.8068 1.7599 1.7587 1.5555 1.5522 1.3694 1.3648 1.359 1.2468 1.2468 1.2471 1.2591 1.2635 1.3656 1.4799 1.6657 1.6795 1.7731 1.9317 1.9415 1.9497 1.9606 1.9373 1.8314 1.7724 1.6983 1.6375 1.5798 1.3827 1.114 1.0002 0.9114 0.8885 0.8371 0.8104 0.8011 0.7296 0.6689 0.648 0.6304 0.5687 0.5345 0.5037 0.5768 0.5944 0.4115 0.3607 0.2985 0.1998 0.1695 0.1554 0.0831 0.0793 0.0867 0.1583 0.1777 0.2018 0.2264 0.3046 0.4453 0.6771 0.7196 0.5882 0.3534 0.4314 0.4463 0.2744 0.1889 0.1438 0.2848
1.7595 1.5565 1.5541 1.5512 1.3684 1.3645 1.3036 1.2481 1.2482 1.258 1.2605 1.2638 1.4739 1.4845 1.6694 1.7581 1.8572 1.9301 1.9266 1.9315 1.9359 1.9307 1.9094 1.861 1.8142 1.7662 1.6024 1.584 1.5139 1.2278 1.0752 0.9661 0.9016 0.8203 0.8112 0.8077 0.7829 0.691 0.6515 0.6343 0.6244 0.5601 0.5042 0.5771 0.6558 0.6145 0.3633 0.3207 0.2802 0.1847 0.1602 0.098 0.0793 0.0816 0.1576 0.1776 0.1778 0.1778 0.2572 0.4214 0.5644 0.7369 0.7054 0.6163 0.5119 0.534 0.4212 0.1183 0.0856 0.1392
1.5553 1.5531 1.5505 1.3677 1.3644 1.2491 1.2491 1.2492 1.2594 1.2614 1.4717 1.4781 1.5606 1.6709 1.7585 1.8567 1.8655 1.9221 1.9245 1.9264 1.9242 1.9011 1.8575 1.8428 1.8008 1.7615 1.6749 1.523 1.494 1.3235 1.1426 1.0452 0.9458 0.8547 0.8133 0.8109 0.7886 0.7341 0.6791 0.6551 0.6401 0.6074 0.5226 0.5868 0.6777 0.6141 0.5424 0.3272 0.2822 0.2128 0.1754 0.1141 0.0851 0.1108 0.1749 0.1775 0.1777 0.1828 0.2732 0.3329 0.5092 0.6229 0.7235 0.6918 0.5495 0.5039 0.4927 0.2839 0.1415 0.0833
1.5524 1.3697 1.3672 1.3644 1.2498 1.2499 1.25 1.2603 1.4711 1.4753 1.4808 1.562 1.6712 1.8511 1.856 1.9183 1.9195 1.9208 1.9219 1.9038 1.8993 1.8913 1.8371 1.8212 1.7749 1.7475 1.6713 1.5723 1.4844 1.4034 1.2457 1.09 1.0526 0.9027 0.8236 0.8104 0.8036 0.7751 0.7251 0.662 0.6478 0.6435 0.5924 0.606 0.6691 0.6721 0.6056 0.4999 0.2989 0.2218 0.1911 0.1665 0.1334 0.1565 0.1774 0.1774 0.1775 0.1777 0.1939 0.2424 0.2956 0.5399 0.6663 0.6841 0.629 0.6042 0.6006 0.303 0.283 0.1892
1.3691 1.3669 1.3644 1.2504 1.2504 1.2506 1.367 1.474 1.4777 1.4824 1.5627 1.7654 1.8514 1.8552 1.917 1.9178 1.9197 1.9194 1.9006 1.8979 1.8934 1.6569 1.5995 1.5759 1.5095 1.5455 1.6694 1.6481 1.5484 1.4399 1.4081 1.2767 1.0656 1.0064 0.8977 0.8163 0.8102 0.8048 0.7459 0.6596 0.6486 0.6477 0.6471 0.6637 0.6799 0.6812 0.6288 0.5965 0.5066 0.3164 0.2193 0.1837 0.1696 0.1776 0.1774 0.1774 0.1774 0.1784 0.2167 0.2428 0.2699 0.3541 0.5773 0.6952 0.7221 0.6897 0.6016 0.4445 0.4282 0.3536
1.3667 1.3645 1.2508 1.2509 1.3665 1.3696 1.4761 1.4794 1.4835 1.563 1.766 1.8514 1.8545 1.916 1.9166 1.9181 1.9178 1.8986 1.7018 1.6816 1.6088 1.5375 1.4879 1.357 1.2161 1.0495 1.3603 1.6553 1.6238 1.5319 1.4561 1.3553 1.2199 1.0739 1.0388 0.9089 0.8152 0.8102 0.7752 0.7233 0.6566 0.6486 0.6476 0.6858 0.7183 0.7027 0.6786 0.632 0.5793 0.4385 0.2901 0.2216 0.1785 0.1777 0.1774 0.1642 0.1323 0.1547 0.1822 0.2363 0.2827 0.2872 0.3518 0.652 0.7682 0.7411 0.6496 0.4826 0.4613 0.4656
1.3086 1.2512 1.2513 1.3687 1.3716 1.4777 1.4806 1.5583 1.563 1.7663 1.8512 1.8538 1.9153 1.9157 1.917 1.7024 1.6937 1.6803 1.6607 1.5875 1.5468 1.2955 1.2377 1.1718 1.0402 0.8283 1.2381 1.5379 1.594 1.5445 1.4717 1.4047 1.3454 1.2488 1.1358 1.0018 0.8923 0.8232 0.8071 0.7478 0.6617 0.6482 0.6474 0.6758 0.7282 0.7817 0.7086 0.6848 0.6078 0.5363 0.4126 0.2993 0.2252 0.1804 0.1649 0.104 0.0856 0.1004 0.1696 0.1909 0.2665 0.2872 0.2922 0.4068 0.713 0.7834 0.7733 0.5709 0.4377 0.4468
1.2515 1.3683 1.3704 1.4766 1.4788 1.4814 1.5589 1.585 1.7664 1.851 1.8532 1.9147 1.9163 1.6957 1.6894 1.6805 1.668 1.6505 1.4021 1.3401 1.3153 1.2573 1.2238 1.1824 1.1445 1.1703 1.2486 1.3956 1.5745 1.5758 1.4746 1.4076 1.3295 1.3007 1.1586 1.119 0.9777 0.8848 0.8276 0.8077 0.7236 0.7003 0.6532 0.7111 0.7038 0.7808 0.7842 0.6991 0.6775 0.5967 0.4635 0.3587 0.2959 0.2148 0.1237 0.0811 0.0793 0.0872 0.1772 0.1775 0.2128 0.2885 0.3649 0.39 0.4386 0.6925 0.7174 0.6816 0.5156 0.4319
1.3698 1.3718 1.4777 1.4797 1.482 1.581 1.6596 1.8493 1.8508 1.914 1.7142 1.7114 1.687 1.6807 1.6722 1.4864 1.467 1.3969 1.3762 1.322 1.2726 1.2555 1.2406 1.2279 1.2277 1.2425 1.2271 1.5108 1.6859 1.5862 1.5543 1.4059 1.3516 1.289 1.2089 1.1326 1.1127 1.0021 0.9117 0.8382 0.7675 0.7489 0.7324 0.6544 0.7916 0.8556 0.8362 0.7732 0.732 0.6813 0.5697 0.4169 0.3252 0.2594 0.1395 0.0793 0.0793 0.0793 0.1004 0.168 0.1787 0.2596 0.2995 0.36 0.4026 0.5424 0.6743 0.6443 0.5826 0.5157
1.3728 1.4785 1.4803 1.4824 1.5817 1.6598 1.8492 1.8506 1.7114 1.7091 1.705 1.6808 1.6748 1.4897 1.4767 1.4388 1.3954 1.379 1.3251 1.2852 1.278 1.269 1.2674 1.2713 1.2856 1.314 1.4488 1.5448 1.6309 1.5717 1.5094 1.4706 1.3554 1.3014 1.2459 1.1606 1.1383 1.1006 1.0447 0.9988 0.8839 0.8135 0.8112 0.8317 0.8936 0.8956 0.9187 0.8811 0.766 0.7092 0.6072 0.4923 0.4091 0.2547 0.2288 0.1286 0.0824 0.0915 0.085 0.1088 0.1658 0.1841 0.2645 0.3184 0.4035 0.6353 0.6666 0.6486 0.5517 0.5688
1.4792 1.4808 1.5793 1.5823 1.6599 1.8492 1.7095 1.7065 1.7044 1.7004 1.6765 1.4914 1.4592 1.4492 1.4369 1.3956 1.3824 1.3344 1.2948 1.2932 1.2926 1.2941 1.2994 1.3113 1.3335 1.4801 1.489 1.6206 1.6383 1.5813 1.485 1.4414 1.3496 1.3011 1.2368 1.1524 1.0359 1.1403 1.0646 0.9183 0.7693 0.6637 0.8913 1.0513 0.9703 1.0234 0.9454 0.904 0.8637 0.7272 0.6457 0.5527 0.4868 0.3429 0.2484 0.2239 0.1526 0.1732 0.1051 0.0855 0.1413 0.2019 0.2797 0.3078 0.3727 0.5032 0.7266 0.8132 0.6854 0.5386
1.4811 1.5799 1.5827 1.6599 1.708 1.7056 1.7026 1.7008 1.697 1.4923 1.4626 1.4554 1.4467 1.4362 1.3966 1.3475 1.3074 1.3067 1.3066 1.3075 1.3101 1.3154 1.325 1.341 1.4938 1.4681 1.605 1.5999 1.5763 1.5618 1.4988 1.4481 1.3544 1.1304 1.256 1.002 0.9057 1.0031 0.8653 0.8137 0.7493 0.7174 0.7794 1.0093 1.0306 1.1412 1.0175 0.9097 0.8972 0.8636 0.6802 0.6354 0.5547 0.4115 0.3309 0.2457 0.192 0.1832 0.1593 0.123 0.1774 0.2108 0.2821 0.2868 0.3051 0.3968 0.6074 0.7691 0.9521 0.6968
1.5805 1.5829 1.519 1.7049 1.7025 1.701 1.6981 1.4929 1.4648 1.4594 1.453 1.4453 1.4363 1.3759 1.3154 1.3151 1.3152 1.3159 1.3174 1.3203 1.325 1.3326 1.3442 1.5 1.4653 1.4868 1.5593 1.5453 1.5343 1.5081 1.4814 1.4563 1.1559 0.9075 0.9596 0.9041 0.9037 0.904 0.8553 0.8492 0.8119 0.7665 0.7845 0.9454 1.0038 1.0148 0.965 0.9624 0.9117 0.8843 0.799 0.665 0.5885 0.4928 0.4219 0.3111 0.2108 0.181 0.1775 0.168 0.1775 0.1793 0.2169 0.28 0.2869 0.343 0.4935 0.6328 0.767 0.846
1.6574 1.5169 1.7024 1.7 1.6988 1.4932 1.4662 1.462 1.4571 1.4513 1.4446 1.4368 1.3209 1.3208 1.3209 1.3214 1.3225 1.3242 1.3269 1.331 1.3371 1.3148 1.4555 1.4636 1.477 1.5389 1.5369 1.5315 1.5207 1.4832 1.441 1.3686 1.3036 0.9988 1.0632 0.9983 0.9074 0.9086 0.9084 0.8937 0.8839 0.8773 0.9202 0.9789 1.0925 1.0992 1.0131 1.0045 0.9435 0.8253 0.7968 0.7493 0.6238 0.5553 0.4164 0.3983 0.2793 0.1912 0.1775 0.1774 0.1774 0.1776 0.1837 0.2078 0.283 0.3262 0.4 0.5651 0.636 0.7518
1.5151 1.7003 1.6981 1.4934 1.4671 1.4638 1.4599 1.4555 1.4503 1.4444 1.4376 1.3248 1.325 1.3254 1.3261 1.3273 1.329 1.3315 1.335 1.3089 1.4537 1.4573 1.4625 1.4278 1.5351 1.5334 1.5302 1.5246 1.4199 1.3246 1.2714 1.0995 1.058 1.0654 1.054 0.9875 0.9571 0.9738 0.9746 0.9543 0.9498 0.9335 1.0125 1.0702 1.1598 1.1544 1.1287 1.0247 0.9613 0.845 0.7835 0.7923 0.754 0.5957 0.5024 0.4217 0.3381 0.1875 0.1777 0.1775 0.1774 0.1776 0.1778 0.1863 0.2551 0.3047 0.3763 0.4284 0.5824 0.7377
1.6987 1.5019 1.4678 1.4651 1.462 1.4584 1.4543 1.4497 1.4444 1.3278 1.328 1.3283 1.3289 1.3297 1.3308 1.3325 1.3347 1.3065 1.3115 1.4555 1.4583 1.4152 1.5339 1.5331 1.5318 1.5297 1.5264 1.418 1.2978 1.2548 1.1452 1.0647 1.0397 1.0133 1.051 1.0019 1.0147 1.0154 1.0156 1.0458 0.999 1.0538 1.0718 1.1398 1.225 1.1799 1.1504 1.035 0.9236 0.9098 0.8592 0.8098 0.7409 0.7193 0.6068 0.5237 0.4719 0.292 0.1906 0.1777 0.1775 0.1777 0.1778 0.184 0.2616 0.2715 0.2979 0.3728 0.4241 0.5883
1.4682 1.466 1.4634 1.4605 1.4572 1.4535 1.4494 1.3845 1.3303 1.3306 1.331 1.3316 1.3324 1.3336 1.3351 1.3057 1.309 1.3132 1.4566 1.4588 1.4146 1.5327 1.532 1.531 1.5295 1.4179 1.3203 1.2916 1.191 1.1576 1.085 1.034 1.0236 1.0541 1.0634 1.0684 1.0541 1.049 1.0544 1.0789 1.1528 1.1225 1.1594 1.2406 1.2527 1.1744 1.1271 1.0069 0.9827 0.9134 0.898 0.8148 0.7291 0.6988 0.7185 0.6539 0.5379 0.3447 0.2489 0.1825 0.1776 0.1778 0.1846 0.1947 0.2071 0.2462 0.2838 0.2975 0.411 0.5062
1.4645 1.4621 1.4594 1.4564 1.453 1.4492 1.3856 1.3324 1.3327 1.3332 1.3338 1.3346 1.3036 1.3055 1.3078 1.3107 1.2633 1.4573 1.4096 1.414 1.5319 1.5313 1.5305 1.4513 1.3237 1.3162 1.2904 1.1896 1.1098 1.0963 1.0321 1.0322 1.0498 1.066 1.08 1.1177 1.0754 1.0563 1.0733 1.1785 1.2334 1.2604 1.2733 1.2696 1.265 1.1873 1.1198 1.0802 0.9881 0.9238 0.8916 0.8249 0.7597 0.6918 0.7013 0.6897 0.683 0.4465 0.3219 0.2606 0.1788 0.1776 0.191 0.2257 0.1996 0.2029 0.2457 0.2866 0.3185 0.4031
1.4611 1.4586 1.4558 1.4527 1.3888 1.3338 1.3341 1.3345 1.335 1.3356 1.3042 1.3056 1.3073 1.3094 1.3119 1.2646 1.4578 1.4098 1.4134 1.5313 1.5308 1.4519 1.4485 1.3202 1.3144 1.2906 1.1165 1.1105 1.102 1.0321 1.0327 1.0551 1.0708 1.1004 1.1179 1.1414 1.152 1.1043 1.2499 1.2955 1.2758 1.4203 1.4125 1.2768 1.2659 1.2549 1.1512 1.0694 1.0018 0.9294 0.9013 0.8694 0.7514 0.6812 0.6651 0.6805 0.67 0.6811 0.4351 0.307 0.1777 0.1775 0.1848 0.1949 0.2361 0.1912 0.188 0.253 0.2871 0.3137
