normal_rasters/0772100000295739.ascii
ncols 99 
nrows 65 
xllcorner 159477.080994
yllcorner 383838.233002
cellsize 0.25
nodata_value -9999 
[rows 0 to 29 of 65, columns 0 to 66 of 99]
46.5998 46.6051 46.6107 46.6167 46.623 46.6297 46.6367 47.2615 47.2631 47.265 45.0872 44.9993 45.0012 45.003 45.0046 45.006 43.2705 43.2391 39.3371 42.9153 42.8938 38.7095 34.2829 30.1267 28.9766 27.9218 27.9054 26.2733 26.1722 21.4023 20.6064 20.5877 19.0798 19.0934 18.8014 19.2971 19.2826 19.1732 17.9364 17.338 17.5897 16.9795 16.9481 16.3109 15.1038 15.0417 15.1715 15.1667 14.665 14.7405 14.8225 14.8119 14.8762 14.8862 15.1578 15.2546 15.2644 15.2748 15.285 15.2937 15.3003 15.3044 15.3063 15.3064 15.3052 15.3031 15.3006
46.5965 46.6019 46.6078 46.6139 46.6205 46.6274 46.6347 47.2597 47.2612 47.2631 47.2653 45.0788 45.005 45.0071 45.009 45.0107 43.2943 43.2611 39.3716 42.9267 42.9029 38.7493 38.6483 30.1353 28.9933 28.972 27.9205 27.4227 26.2035 21.4043 20.6109 20.5895 19.0791 19.0946 18.3385 19.3046 19.2877 19.2703 19.1543 17.9507 17.606 17.5774 16.9582 16.9016 15.107 15.0971 15.1705 15.1647 14.669 14.6593 14.8272 14.8148 15.1709 14.8815 15.1484 15.2522 15.2647 15.2786 15.2921 15.3034 15.3113 15.3155 15.3165 15.3153 15.3126 15.3092 15.221
46.0774 46.5985 46.6045 46.6109 46.6177 46.6249 46.6325 46.6405 47.2592 47.261 47.2632 45.0904 45.0091 45.0115 45.0137 45.0157 45.0174 43.2866 43.247 39.3509 42.9139 38.584 38.6866 34.2724 30.1454 28.9897 27.9383 27.9157 26.2431 26.3414 21.3947 20.5922 19.0774 19.0954 19.1141 18.2549 19.2941 19.2733 19.156 17.9535 17.364 17.5945 16.972 16.9086 15.7793 15.1002 15.1698 15.1624 14.8899 14.6641 14.7496 14.8197 15.1617 14.8744 15.134 15.2479 15.2643 15.2834 15.3023 15.3174 15.3267 15.3302 15.3293 15.3258 15.321 15.2311 14.5928
46.0818 46.0857 46.601 46.6076 46.6147 46.6221 46.63 46.6384 47.2569 47.2587 47.2609 45.1034 45.0133 45.0161 45.0188 45.0211 45.0232 43.3165 43.2742 39.3935 42.9271 42.8958 38.7341 34.2933 30.157 29.0108 27.9594 27.9342 26.2935 26.1396 21.3964 20.596 19.0745 19.0954 19.1174 18.2735 19.3024 19.2771 19.158 17.956 17.9759 17.6174 16.9913 16.934 15.7802 15.105 15.1694 15.1599 15.1509 14.6712 14.745 14.8277 14.8059 15.1574 14.8872 15.2402 15.262 15.2899 15.3179 15.3388 15.349 15.3499 15.3452 15.3379 14.6333 14.614 14.4584
46.0864 46.0909 46.5972 46.604 46.6113 46.6191 46.6273 46.636 47.2543 47.256 47.2582 45.1182 45.0929 45.021 45.0241 45.027 45.0295 45.0316 43.3064 39.4444 39.3638 42.9078 39.8063 34.3194 30.1701 29.0361 29.0041 27.9567 27.4625 26.1826 21.3991 20.6015 20.5674 19.0941 19.1205 18.2006 18.2629 19.2823 18.6546 17.958 17.983 17.6486 17.5957 16.9479 15.7817 15.1124 15.0929 15.1573 15.145 14.8001 14.664 15.0316 14.8143 15.1392 14.8774 15.2263 15.2553 15.2987 15.3444 15.3742 15.3825 15.3763 15.2876 14.6713 14.6427 14.4801 14.4524
46.0913 46.0963 46.1009 46.6002 46.6077 46.6157 46.6242 46.6333 46.6429 47.2531 47.2551 47.2577 45.1077 45.0262 45.0299 45.0333 45.0364 45.039 45.041 43.2891 39.4177 39.3175 38.5901 38.7021 34.2766 30.1867 29.0315 27.9844 27.9466 26.2405 25.5908 21.3819 20.5684 19.091 19.1227 18.2521 18.2883 19.2898 18.6563 17.9585 17.9908 17.4349 17.6294 16.9698 16.8557 15.778 15.1006 15.1551 15.1374 14.8809 14.6795 15.0356 14.8303 14.7839 14.8578 14.7199 15.2376 15.3113 15.3963 15.4385 15.4335 15.3348 14.7296 14.6834 14.5079 14.3035 14.2729
46.0964 46.1021 46.1074 46.1121 46.6038 46.6121 46.6209 46.6303 46.6403 47.2498 47.2517 47.2542 45.1246 45.0316 45.036 45.0401 45.0438 45.0471 45.0498 43.331 39.4839 39.3726 38.5993 39.5548 34.3078 30.2056 29.0655 28.0189 27.9752 26.3193 26.06 21.3837 20.5711 19.0846 19.1235 19.1654 18.323 18.2634 18.6581 17.7698 17.9989 17.5777 17.6798 17.0054 16.8748 15.7802 15.1147 15.1544 15.1273 15.1059 14.8049 15.0459 14.7708 14.7984 15.0839 14.7426 15.1918 15.327 15.5256 15.5651 14.9499 14.8286 14.7439 14.3832 14.3254 14.6138 14.595
46.1018 46.1082 46.1143 46.1198 46.5996 46.6082 46.6174 46.6271 46.6374 46.6484 47.2478 47.2501 45.1438 45.1113 45.0425 45.0474 45.052 45.0561 45.0595 45.0621 41.4422 39.4423 39.2995 38.575 34.3486 30.2278 29.1084 29.0548 28.012 27.8855 26.1196 21.3879 20.5767 20.5138 19.1212 19.1751 18.372 18.2977 19.2456 18.5843 18.0059 17.6191 17.5046 17.6305 16.8844 15.712 15.7719 15.0884 15.114 15.0771 14.7991 15.2732 14.8865 14.7433 14.9731 14.902 15.0852 15.3012 15.9739 15.3852 15.0199 14.5691 14.4271 14.3434 14.6202 14.5982 14.2806
46.1073 46.1147 46.1217 46.1281 46.1337 46.6041 46.6136 46.6237 46.6343 46.6456 47.2436 47.2455 47.2483 45.1304 45.0493 45.0552 45.0609 45.066 45.0705 45.074 43.3625 39.5316 39.3688 38.5795 35.2061 34.2778 30.2598 29.1027 28.0604 27.9861 26.2089 20.8048 21.3498 20.5045 19.1131 19.184 18.6985 18.3499 18.2301 18.5514 17.8269 18.0992 17.6227 17.7191 16.9096 15.7102 15.7754 14.9205 15.0998 15.0209 14.6214 14.8324 14.9219 14.8226 14.4669 14.8538 14.5119 14.5851 16.1491 15.3204 14.6614 14.4417 14.6467 14.6119 14.29 13.9101 13.883
46.1129 46.1214 46.1295 46.137 46.1437 46.1493 46.6097 46.6201 46.631 46.6426 46.655 47.2403 47.2427 45.1525 45.0565 45.0636 45.0705 45.077 45.0827 45.0875 45.0909 41.4987 39.4613 39.2432 35.1984 34.3281 30.2959 29.167 28.1261 28.0341 27.8037 21.2443 20.0123 20.495 19.0936 19.1892 18.7552 18.4338 18.2659 18.4953 17.7843 18.1425 17.8517 17.9197 16.9726 15.7264 15.6995 15.2807 15.1148 14.8724 14.7072 14.6306 14.9142 15.1566 15.1443 13.7583 14.7361 13.7023 14.1218 14.2988 14.2584 14.228 13.915 13.8825 13.8602 13.8439 13.8316
46.1187 46.1285 46.1379 46.1468 46.1547 46.1614 46.1666 46.6165 46.6277 46.6395 46.6521 47.2345 47.2363 45.178 45.1356 45.0725 45.081 45.0891 45.0965 45.103 45.1079 41.579 39.5869 39.3284 38.5155 35.1933 30.3399 29.2552 29.1483 28.1025 27.8866 21.2937 20.8016 19.8865 19.1909 19.1829 18.8389 18.5789 18.3307 17.4659 17.6759 18.0268 18.0849 18.1056 17.7312 15.9362 15.6863 15.2676 15.2312 14.4282 15.168 14.6131 14.2824 15.1265 14.5881 13.5797 13.1909 13.2736 12.9772 13.0569 13.6006 13.7149 13.7568 13.7729 13.7794 12.778 12.743
46.1244 46.1357 46.1467 46.1572 46.1668 46.175 46.1815 46.6131 46.6246 46.6365 46.6491 47.2283 47.2291 47.2312 45.1606 45.0818 45.0922 45.1024 45.1121 45.1208 45.1278 45.1327 39.7605 39.4525 36.1729 35.1632 29.9419 30.4214 29.2546 28.2053 28.0083 26.038 20.8785 19.9582 19.1077 19.1434 19.41 19.0192 18.4608 17.4273 16.9448 17.9276 18.5666 18.5664 17.6688 15.971 15.6966 15.099 16.3113 14.6861 14.7944 14.019 14.2267 14.7137 14.3107 13.1972 12.9297 12.7781 12.7213 13.1624 13.3022 13.2032 12.9811 12.8679 12.7923 12.7428 12.7103
45.9806 45.9982 46.1559 46.1684 46.18 46.1902 46.1983 46.2038 46.6219 46.634 46.6464 46.6596 47.2211 47.222 45.1894 42.3984 45.1041 45.117 45.1297 45.1414 45.1516 45.1591 41.7061 39.6376 36.3031 31.6921 30.4645 30.5126 29.421 28.3708 28.0842 26.5457 21.0568 20.7579 19.5991 19.0125 19.47 19.4098 18.7455 17.8537 16.2005 17.414 18.9679 19.8188 17.1317 16.3191 15.8171 14.3931 14.5121 14.3874 14.2298 14.3799 14.2218 13.9804 12.9032 12.1261 12.4442 12.2272 12.1827 15.0421 13.6507 13.1565 12.9169 12.7904 12.7224 12.6847 12.6631
45.9887 46.0088 46.029 46.1803 46.1945 46.2071 46.2174 46.2247 46.2283 46.6322 46.6444 46.6569 47.2125 47.2116 45.2227 42.4657 42.5075 45.1329 45.1494 45.1654 45.1801 45.192 41.8894 39.922 39.3297 31.7942 35.0054 30.159 29.6964 29.3941 28.2116 26.5844 21.2775 20.993 19.6153 18.7665 19.3319 20.5694 18.8253 16.4638 16.5741 16.3251 17.7078 18.0657 16.8852 16.2326 15.3697 14.4658 14.1099 14.1455 14.273 14.4155 14.1643 13.2125 12.5832 11.9458 11.373 11.8681 12.524 13.4717 13.1423 12.756 12.8763 12.8345 12.828 13.8432 13.9341
45.9961 46.019 46.0424 46.0658 46.2101 46.2259 46.2392 46.2488 46.254 46.2539 46.6436 46.6551 46.6673 47.2004 45.2614 45.1999 42.5928 42.649 42.6988 45.1933 45.2146 45.2337 45.2477 41.9233 39.6049 36.0719 31.5666 30.8788 31.0116 28.6566 28.4448 27.5429 21.939 21.4331 20.2544 18.0856 18.1184 21.0792 18.6665 15.68 16.2182 15.9738 17.1302 17.5134 17.2081 16.3626 15.1702 14.7172 14.1236 14.1424 14.087 14.4499 13.727 13.0014 11.8856 11.6615 11.5699 11.8547 12.1228 13.1271 12.7182 12.691 12.8573 12.9875 14.115 14.0506 15.1419
46.0022 46.0283 46.0555 46.0831 46.1103 46.2468 46.264 46.277 46.2844 46.2852 46.645 46.655 46.6651 47.1887 47.1833 45.2353 42.6802 42.7605 42.8391 42.9083 45.2565 45.2879 45.3152 42.313 40.1207 35.3609 31.711 30.3106 30.814 30.019 28.6457 26.9402 22.303 22.7555 20.6625 17.8295 17.8261 17.2031 15.1183 15.3406 15.3728 15.8409 16.3376 17.2945 17.2665 16.3785 15.3935 14.8391 14.1344 14.1434 14.0796 14.0714 13.1753 12.0673 11.7536 11.7321 12.0876 11.8415 12.7568 12.7447 11.2751 12.4419 13.3756 14.003 14.7644 15.2586 15.3622
46.0065 46.0361 46.0676 46.1003 46.1333 46.1648 46.2924 46.3099 46.3206 46.3228 46.3158 46.6577 46.6648 46.6724 47.1676 45.275 42.7652 42.8747 42.9913 43.1064 43.2065 43.2785 45.4155 42.9735 42.3327 38.9684 32.1235 27.1318 30.0931 34.826 29.0013 24.3489 22.005 22.8971 20.0411 18.2879 16.4259 16.6021 15.2995 14.7278 15.0402 15.5857 15.7455 16.4277 17.26 16.8731 15.6958 14.9018 14.1407 14.1456 14.1502 14.0707 12.7283 12.7725 12.0916 12.4008 13.0298 13.1864 14.123 13.8114 12.0509 13.0622 13.9831 15.1838 15.3881 15.463 15.4964
46.008 46.0414 46.0778 46.1166 46.1568 46.1962 46.2323 46.3488 46.3641 46.3683 46.3605 46.3408 46.6675 46.6704 47.1527 45.3197 45.2455 42.9832 43.1477 43.3275 43.5028 43.6511 43.8131 44.0874 43.4997 38.5676 33.5636 29.8504 28.5581 29.675 26.3427 22.969 21.122 21.0572 19.6372 18.5987 17.8999 15.7965 14.7335 14.3893 14.3024 14.8802 15.6252 15.7152 17.2533 16.153 15.7383 14.9358 15.3156 15.4397 17.0366 18.1385 19.1568 14.4234 15.1312 14.2362 13.8064 14.4277 15.5319 15.2405 14.8982 15.8905 15.877 15.8089 15.7024 15.6365 15.6058
46.0059 46.043 46.0846 46.1305 46.1796 46.2296 46.2767 46.3159 46.4169 46.4241 46.415 46.3903 46.6746 46.6712 47.1399 47.1161 45.2791 43.0713 43.2911 43.5613 43.8652 44.1176 44.3454 45.2223 46.093 40.212 42.2286 26.0913 27.4667 27.1599 26.3055 23.4581 20.4831 19.9749 19.2864 18.6853 16.7556 14.8559 13.0191 13.2897 13.7363 14.1079 14.773 14.9592 16.2075 17.519 18.4652 19.8779 21.3738 21.4678 21.7537 21.3584 20.8388 20.1086 18.6736 17.2099 16.6663 16.2379 16.1403 15.8785 16.8695 17.5785 17.1467 16.5841 17.0562 17.1006 17.9893
45.9988 46.0392 46.086 46.1397 46.1997 46.2636 46.3263 46.3801 46.4168 46.4931 46.4819 46.4495 46.4005 46.6755 46.6655 47.1016 45.3118 43.1173 43.3848 43.7568 44.2834 44.9069 44.8265 45.9249 40.4475 35.0016 34.1624 30.5384 26.8751 26.5304 25.265 21.1878 20.3472 19.2657 18.8004 16.0197 15.489 14.4959 12.5862 12.9096 13.5825 13.8502 14.06 15.1876 18.3023 21.1914 21.539 21.4798 21.4067 21.4075 21.4943 21.4465 21.3372 20.5955 19.6178 19.3636 18.217 17.4801 16.7963 16.431 17.5586 18.4047 17.2562 16.8142 17.1892 17.587 17.867
45.9852 46.0279 46.0791 46.1404 46.2129 46.2952 46.381 46.4572 46.5089 46.5275 46.5641 46.5197 46.4541 46.3779 46.6644 47.0941 45.3434 43.0989 43.3779 43.7886 44.4447 45.4947 45.5285 42.7071 37.9689 32.7937 32.6657 31.1232 26.8454 26.7984 25.3227 21.317 19.2651 18.6038 17.2804 16.0585 15.2156 14.8165 14.047 13.682 14.0285 14.3421 15.3044 16.8495 21.1163 21.2207 21.2084 21.4939 21.3821 21.2402 21.4111 21.7154 21.5408 20.751 20.0247 19.3754 19.2569 18.2649 19.4483 18.4902 20.0237 19.5383 13.8452 15.1479 16.7416 17.4479 17.8216
45.9638 46.0069 46.0603 46.1274 46.2122 46.3175 46.4382 46.5522 46.6261 46.6484 46.6234 46.6003 46.509 46.4104 46.3165 46.6432 45.3746 45.2661 43.2454 43.5735 44.023 44.4701 43.976 41.7839 38.9876 37.301 32.72 32.6257 26.464 26.8292 24.2275 21.3295 18.4526 18.0959 16.6745 15.9377 15.4739 15.0983 14.7389 14.5875 15.0303 16.0813 17.759 19.7375 20.8582 21.5937 21.6378 21.5418 21.3788 21.2388 21.1688 21.759 21.8589 21.206 20.153 18.9267 20.5155 20.5988 20.6889 20.3922 21.5988 20.7896 16.3288 16.0207 17.0101 17.577 17.9003
45.9337 45.9742 46.0257 46.0934 46.1853 46.3138 46.4879 46.6779 46.7849 46.7936 46.7582 46.6456 46.5536 46.4275 46.3189 46.636 45.3674 45.262 43.02 43.2047 43.3667 43.331 42.7331 41.4402 39.9169 38.9217 35.9739 32.7683 30.4031 26.8442 24.1295 21.4475 17.3625 16.8794 16.4674 16.0126 15.3135 15.1077 15.0709 15.5929 16.6275 17.6359 18.9942 19.7829 20.797 21.5447 21.646 21.6596 21.4359 21.1191 20.6146 22.0722 22.0366 21.9523 20.8472 20.7387 22.1522 21.0183 20.7091 20.8462 21.4488 20.6934 18.8562 17.8028 17.7417 17.9145 18.0829
45.8945 45.9289 45.973 46.0317 46.1155 46.248 46.4808 46.8545 47.0644 46.9275 46.902 46.7116 46.5007 46.4113 46.2955 46.2068 46.6123 45.2597 42.7635 42.8253 42.8102 42.6126 42.1112 41.311 40.4254 39.7452 36.409 32.8665 32.7699 26.4684 24.0803 18.8185 17.1124 16.7144 16.4292 15.8973 15.7117 15.8945 16.8456 17.2477 18.1941 18.6394 19.0446 19.8607 20.6871 21.2138 21.6912 22.1334 21.6065 21.1098 22.045 23.4024 22.6382 21.912 21.2158 20.475 20.9241 21.0746 20.9059 21.1686 21.1525 20.3046 19.3264 18.6279 18.3286 18.2688 18.2996
45.8473 45.8723 45.9031 45.9418 45.9932 46.0726 46.2458 46.8041 47.4771 46.9076 46.8822 46.6434 46.4129 46.2366 46.2366 46.1607 46.1055 45.2617 42.5225 42.5067 42.4126 42.189 41.7997 41.2717 40.7115 40.2531 36.681 32.9329 32.8553 26.5391 23.642 17.1745 16.9726 16.6475 16.7304 16.4384 17.0024 17.2652 18.1531 18.0175 17.3661 18.5475 19.2504 20.3163 20.5422 20.9261 21.5081 22.4663 22.7487 22.8946 23.7809 23.7721 23.2515 22.458 21.2338 20.912 20.8742 20.9485 20.9176 21.4142 21.0151 20.1515 19.6288 22.4165 22.9458 23.5396 29.1668
45.7941 45.8076 45.8217 45.8342 45.8382 45.8138 45.6988 45.336 45.6475 46.3038 46.4538 46.3568 46.2047 46.0747 45.9766 46.0892 46.0542 46.5543 42.2122 42.2612 42.1413 41.9354 41.6362 41.2679 40.8875 40.5623 36.8171 32.9781 32.9146 28.4934 22.7978 17.0636 17.0829 17.0844 17.2412 17.4309 17.7113 18.7095 19.0193 18.3895 18.0159 19.694 20.2422 20.36 20.271 20.7223 21.3409 22.6976 24.2512 24.2548 24.2878 24.197 23.5777 23.2031 21.5055 21.0156 21.0153 20.8948 20.8993 21.4526 21.4747 24.1913 25.0236 25.6988 30.5551 35.9363 42.481
45.7378 45.7394 45.7372 45.7261 45.6936 45.6077 45.3843 44.9284 44.9909 45.6584 45.9198 45.9515 45.9099 45.8566 45.8104 45.7744 45.9791 45.9614 42.1466 42.0781 41.9567 41.779 41.5467 41.2777 41.0046 40.7642 40.5833 36.9049 32.957 28.5666 22.7505 17.2479 17.2945 17.4647 17.6581 18.9994 19.8235 19.8657 19.882 19.4327 18.5638 20.7115 21.539 20.7927 20.4428 20.7193 21.3433 22.771 24.0274 24.2819 24.2335 24.2565 23.9294 23.38 22.0457 21.571 21.0429 20.873 20.8824 21.2953 27.0877 28.8781 34.0547 35.6588 39.3313 39.2951 41.1335
45.6812 45.6719 45.656 45.6286 45.5802 45.495 45.357 45.2103 45.2237 45.3474 45.4473 45.5346 45.5903 45.6168 45.6278 45.6325 45.6349 45.4136 45.9914 41.9429 41.8299 41.6796 41.4962 41.2924 41.0877 40.9037 40.7569 36.8983 32.9883 32.9498 20.2466 17.8688 17.5685 17.7387 19.1114 19.96 20.0703 20.2871 20.746 21.1981 20.9184 21.4551 23.156 22.9036 22.1572 21.0995 21.3818 22.6946 23.6101 24.1556 24.211 24.1961 24.2123 23.7994 22.1815 21.7242 21.0608 20.8629 25.7555 27.8892 36.0344 33.0529 39.5527 40.1176 39.9431 39.4963 42.2371
45.6266 45.6079 45.5813 45.5428 45.487 45.4083 45.3061 45.1881 45.0463 44.9232 44.9976 45.1708 45.3052 45.3927 45.4513 45.4927 45.523 42.8313 42.8538 44.0365 41.7413 41.6148 41.4674 41.3082 41.1496 41.0047 40.8843 37.0305 33.012 28.1275 20.2444 17.6085 19.0061 19.1376 20.789 20.8294 20.8991 21.4158 21.3911 21.4362 22.1588 22.1889 22.9931 22.6937 22.2893 21.7189 21.5302 22.6512 23.4471 24.1 24.1442 24.1811 24.2205 23.8347 26.8519 32.2765 32.2941 35.2406 42.0729 39.08 35.8142 36.9055 37.6843 41.7029 40.9286 39.6469 38.2553
45.5757 45.5494 45.5143 45.4673 45.4043 45.3202 45.2073 45.0481 44.8217 44.6423 44.7458 44.9469 45.0969 43.1761 42.83 42.5449 39.9721 39.6057 39.2121 39.3122 41.2302 41.5716 41.4512 41.3238 41.1974 41.0807 40.9806 37.128 28.3168 25.9982 21.2783 20.5893 20.8823 20.9217 20.9784 21.0603 22.9361 22.8691 22.8876 23.5164 24.3281 24.9461 24.9972 24.6863 24.2601 21.803 22.0179 23.008 23.3681 24.0718 24.1088 24.1695 30.2499 33.2675 38.9826 41.9276 39.1173 37.4836 37.9466 37.2846 35.2477 36.1315 38.1255 44.9485 43.2137 39.6691 36.201
