normal_rasters/0772100001000768.ascii
ncols 78 
nrows 78 
xllcorner 158368.867996
yllcorner 383895.332001
cellsize 0.25
nodata_value -9999 
[rows 31 to 61 of 78, columns 0 to 69 of 78]
17.9397 17.9116 17.8745 15.6616 14.446 14.7047 14.7354 14.7503 15.1196 15.2116 17.0003 20.9669 25.0664 29.314 32.3434 32.0525 30.9789 27.1268 29.4095 35.7851 34.276 27.7943 27.1511 23.9693 20.7037 17.6277 13.5293 11.8762 9.727 6.804 4.5682 2.5764 1.7309 0.6734 0.5521 0.8348 0.7654 0.6726 0.6557 0.7133 0.7372 0.652 0.6487 0.6487 0.6233 0.5946 0.5254 0.4891 0.4617 0.4308 0.4067 0.3975 0.3849 0.3959 0.3986 0.5085 0.5238 0.5343 0.75 0.7577 0.7699 0.775 0.7736 0.7694 0.7681 0.8418 0.8417 0.903 0.8679 1.3653
17.9165 17.8886 15.6639 15.6194 14.8024 14.7288 14.7531 15.1107 15.1632 16.9237 20.3882 24.0011 27.852 31.8706 30.7751 31.0773 23.896 37.5088 38.5241 37.1735 31.2977 26.8142 22.9644 18.8286 17.8503 15.4418 12.7251 9.8044 8.6479 5.8163 3.0442 1.4653 0.5227 0.215 0.6202 0.8111 0.7669 0.6629 0.6487 0.6569 0.6805 0.6569 0.6487 0.6315 0.5863 0.546 0.488 0.48 0.4186 0.4006 0.3973 0.3893 0.3542 0.3957 0.4323 0.5222 0.5386 0.745 0.7564 0.7709 0.7725 0.7752 0.7706 0.7689 0.7675 0.8814 0.9025 0.868 1.3639 1.3753
17.8991 15.6652 15.6322 14.8084 14.7256 14.7543 15.1085 15.1417 16.8998 20.4115 23.7705 27.2379 31.6803 30.3903 31.2288 31.563 32.4094 36.9923 37.8931 34.5826 28.8206 23.7042 19.7528 17.6438 14.3787 12.3589 9.7512 8.1603 5.5512 4.4048 1.9605 0.8993 0.517 0.6468 0.8078 0.7913 0.6724 0.6661 0.6487 0.6487 0.6487 0.6485 0.6401 0.5953 0.5621 0.5169 0.4763 0.4366 0.4019 0.359 0.3391 0.343 0.3563 0.3815 0.517 0.5442 0.7354 0.7531 0.7719 0.7747 0.7777 0.7724 0.77 0.7681 0.8809 0.8805 0.8681 1.3617 1.376 1.2759
15.666 15.6406 14.8124 14.7242 14.738 15.1085 15.1312 16.8961 17.0041 23.7275 27.0025 31.6146 30.2644 31.4297 31.5535 31.7006 33.7857 36.336 34.1746 31.4174 27.365 21.8575 18.098 14.8042 12.5461 10.9091 8.228 6.348 4.0822 2.4946 0.8594 0.5863 0.5907 0.8088 0.789 0.6612 0.6487 0.6487 0.6487 0.6487 0.6486 0.6477 0.6379 0.6054 0.5327 0.4939 0.4621 0.4175 0.3608 0.2645 0.2624 0.3227 0.3614 0.4829 0.5306 0.6202 0.7451 0.772 0.7778 0.7817 0.7781 0.7717 0.7688 0.8802 0.8797 0.8681 1.3583 1.3766 1.2783 1.2856
15.6464 14.8152 14.8166 14.734 15.1093 15.1257 16.9001 16.9743 20.7145 24.0396 28.2265 30.2098 31.5195 31.7956 31.9181 33.4162 35.8772 33.8734 33.7577 28.334 23.6641 20.1251 15.1328 13.5392 11.2872 8.2426 7.9884 5.6757 2.9065 0.5743 0.3589 0.568 0.7453 0.79 0.6675 0.6487 0.6487 0.6487 0.6487 0.6487 0.6481 0.6441 0.6088 0.5734 0.5352 0.4578 0.3522 0.3197 0.2876 0.2624 0.2741 0.3284 0.4544 0.5362 0.6338 0.7279 0.7615 0.7818 0.789 0.7832 0.7744 0.7698 0.8788 0.8784 0.8682 1.3527 1.2685 1.2811 1.2906 1.6524
14.8172 14.8183 14.7315 14.2596 15.1228 16.9068 16.9605 20.6904 23.9723 28.0784 28.3882 30.4854 31.8971 31.9887 30.7128 30.8083 32.8855 31.1972 29.1084 25.0609 21.803 17.3944 11.2493 9.9239 7.8419 7.2526 4.7466 3.2591 0.8632 0.4572 0.6402 0.8076 0.7594 0.6934 0.6586 0.6487 0.6487 0.6487 0.6487 0.6486 0.6477 0.6274 0.5591 0.5162 0.4428 0.3471 0.3144 0.247 0.2075 0.2122 0.3026 0.3495 0.4953 0.574 0.6702 0.7434 0.7814 0.8017 0.7946 0.7796 0.8058 0.8051 0.8761 0.8683 0.8727 1.2668 1.2844 1.2972 1.6581 1.6684
14.8197 14.821 14.2526 15.1212 16.9142 16.9547 17.0061 20.8352 28.0061 26.8433 30.5272 31.9434 32.01 30.4748 30.5286 32.6003 26.6482 26.1821 24.4183 23.1315 16.1357 10.6752 9.4614 7.9051 6.7127 5.1002 3.1998 2.5126 0.5085 0.6932 0.8017 0.7669 0.6705 0.6487 0.6487 0.6487 0.6487 0.6484 0.6486 0.6484 0.6409 0.5535 0.4881 0.4413 0.3891 0.3132 0.2429 0.1942 0.1824 0.2432 0.3168 0.4052 0.5102 0.6125 0.6886 0.7542 0.8378 0.8324 0.7924 0.8017 0.8009 0.8717 0.8684 0.8749 1.2623 1.2882 1.3062 1.6665 1.6792 2.8136
14.8218 14.7351 15.1203 15.1298 16.9529 16.9922 20.7995 27.9722 30.4435 30.5476 31.966 30.3349 30.3453 30.3444 28.3738 25.5105 25.0919 24.1207 20.3998 16.6839 10.8073 9.4264 7.3796 6.9463 5.5802 3.9432 2.7472 0.7086 0.6412 0.7899 0.7852 0.6683 0.6487 0.6487 0.6485 0.6485 0.6485 0.6474 0.6297 0.6266 0.5784 0.5165 0.442 0.3552 0.3228 0.2383 0.1777 0.1564 0.2401 0.2903 0.3686 0.4181 0.5914 0.6488 0.7207 0.7858 1.0702 0.8348 0.7868 0.7878 0.8621 0.8685 0.8789 1.2512 1.292 1.3193 1.6792 1.6954 2.8208 2.8563
14.7334 14.2516 15.1275 16.9534 16.9843 20.7795 27.9583 30.3902 30.557 29.04 29.0391 30.2737 25.5817 28.0266 25.0016 24.6566 21.3129 20.3843 18.7405 13.9296 11.4583 8.4822 6.8124 4.9924 3.9427 2.9513 1.1672 0.5839 0.6854 0.7527 0.6639 0.6487 0.6487 0.6487 0.6482 0.641 0.6333 0.6231 0.5869 0.5758 0.5026 0.4741 0.3999 0.3283 0.2126 0.1593 0.1061 0.1501 0.2059 0.3229 0.4066 0.4914 0.5526 0.6823 0.7924 0.7436 0.564 0.7017 0.7247 0.7806 0.8695 0.7918 1.2232 1.294 1.6624 1.7005 2.7712 2.8341 2.8785 4.4597
14.2472 15.126 16.9551 16.9799 19.9128 28.1035 30.3587 30.5606 29.0102 29.0059 24.8156 29.1067 27.86 24.7583 24.4901 21.027 20.473 19.5957 16.2301 13.743 10.6324 6.5585 4.9625 2.966 2.8035 1.6278 0.7113 0.6426 0.6597 0.6752 0.6487 0.6487 0.6487 0.6396 0.6437 0.6334 0.6077 0.5755 0.5658 0.4661 0.4286 0.4163 0.391 0.1845 0.1369 0.0985 0.1096 0.1712 0.21 0.3704 0.5257 0.5421 0.6724 0.9145 1.0276 0.5802 0.6339 0.7054 0.7776 0.8825 0.8195 1.1509 1.2848 1.6786 1.74 2.7741 2.8597 4.54 5.9059 5.9823
15.1115 16.9573 16.9777 19.8962 24.0536 28.2707 30.499 28.9878 28.9821 24.6734 24.5949 25.0833 24.6355 24.4278 20.8658 20.5083 19.9809 16.8706 11.4569 10.6326 6.3919 4.2579 2.2129 1.6367 1.2444 0.8728 0.7039 0.6462 0.6485 0.6479 0.6486 0.6452 0.643 0.6119 0.615 0.6087 0.5746 0.4993 0.4699 0.4307 0.3843 0.3041 0.2416 0.1771 0.1327 0.0822 0.1111 0.21 0.3192 0.4212 0.5614 0.7067 0.8593 0.9339 0.8319 0.7664 0.74 0.774 0.9275 0.9113 0.9951 1.2124 1.7072 1.8266 2.792 2.9112 4.5634 5.9024 6.0043 7.2545
16.9598 16.9768 19.8859 24.0567 28.2608 28.7306 28.9708 24.6285 24.5749 24.5012 28.679 24.5712 24.4082 20.7633 20.516 20.1699 17.1624 11.2312 10.6542 8.6435 4.3849 2.1456 1.7746 1.1535 1.0378 0.7297 0.6618 0.6406 0.6477 0.646 0.6203 0.6014 0.6037 0.6144 0.5709 0.5633 0.5572 0.4341 0.4091 0.3726 0.303 0.2749 0.2021 0.1777 0.113 0.1171 0.2091 0.2617 0.41 0.5109 0.5935 0.7334 0.9484 0.9033 0.7275 0.7472 0.6558 0.7422 0.8319 0.6278 0.9773 1.6358 2.2426 2.8599 4.413 5.8385 5.9136 7.2172 7.2862 9.7727
16.9768 16.9935 24.0601 28.2549 28.6965 25.4461 24.556 24.5051 24.4381 28.6915 24.5371 20.8232 20.6928 20.5123 16.7994 16.3287 11.0573 9.5412 8.8826 4.3722 2.954 1.9449 1.1753 0.8461 0.7509 0.664 0.6284 0.6044 0.6144 0.6122 0.5848 0.5723 0.5689 0.5587 0.538 0.526 0.4461 0.4263 0.3985 0.3503 0.282 0.2125 0.1814 0.1863 0.1837 0.2494 0.3021 0.3684 0.4876 0.6012 0.704 0.8947 1.0241 0.9842 0.7353 0.7582 0.4513 0.3978 0.4797 0.2494 1.0681 2.9669 3.2645 4.6227 5.8119 7.1287 7.2795 7.3552 9.8451 11.3114
20.1833 20.295 25.8929 28.6721 24.506 24.5017 24.4545 24.3946 28.7118 26.021 20.7447 20.6415 20.5042 16.6477 16.2771 15.1978 9.4942 9.0277 4.369 3.1048 2.7064 1.1747 0.8049 0.7788 0.7262 0.6121 0.5892 0.585 0.5804 0.5778 0.5712 0.5406 0.5375 0.5315 0.5037 0.4148 0.4013 0.3905 0.3366 0.3111 0.2773 0.1836 0.21 0.2355 0.2565 0.2985 0.3772 0.489 0.5726 0.7926 0.8822 0.9673 1.0221 0.9418 0.8557 0.5523 0.4454 0.4587 0.4372 0.7607 2.4572 3.214 4.705 6.0366 7.2968 7.4475 7.5006 10.9178 11.3905 12.3163
20.2954 25.8904 28.6546 24.4473 24.4604 24.4173 24.3638 24.2977 26.0394 20.6862 20.6025 16.764 16.5339 15.6636 15.2546 9.0448 8.0535 4.3642 3.1843 2.9064 1.1785 0.7887 0.7765 0.717 0.6118 0.6046 0.59 0.5817 0.5784 0.5653 0.552 0.5359 0.5233 0.5134 0.5067 0.4084 0.3987 0.3868 0.3139 0.2997 0.2564 0.2414 0.2853 0.2949 0.3535 0.4345 0.4932 0.5543 0.7842 0.8829 1.019 1.1108 1.1852 0.8699 0.5782 0.4661 0.4809 0.7533 1.5854 3.4788 3.6539 5.6522 7.1547 7.7321 7.8177 9.9403 10.7991 11.5283 12.481 12.5211
24.5119 28.6419 24.4022 24.4286 24.3893 24.3417 24.2839 26.0581 20.6412 16.7925 16.6415 16.4482 15.6215 15.2937 8.9704 8.062 7.6601 3.2279 3.0288 1.1833 0.781 0.7738 0.7211 0.7018 0.6078 0.5939 0.5773 0.5746 0.5592 0.5426 0.5331 0.5221 0.5147 0.5074 0.4993 0.4114 0.399 0.3857 0.3205 0.2588 0.2914 0.3092 0.3845 0.3895 0.475 0.5385 0.586 0.7351 0.8552 0.9475 0.9133 0.899 0.7745 0.5724 0.4485 0.4788 0.6609 1.3666 2.4143 5.1881 8.4924 9.0492 8.5819 8.4283 9.2097 10.4433 11.7666 12.8506 12.8495 13.9547
24.3552 24.3671 24.3772 24.3681 24.3255 24.2748 25.4759 19.041 16.6788 16.5473 16.383 15.5892 14.2864 8.9169 8.0661 7.7535 3.2528 2.66 0.7796 0.7768 0.772 0.7209 0.6983 0.6087 0.5959 0.5759 0.5743 0.5551 0.5479 0.5338 0.5125 0.5151 0.5009 0.482 0.4557 0.4275 0.4316 0.391 0.3478 0.3403 0.3414 0.4029 0.4306 0.4796 0.5047 0.6366 0.7334 0.807 0.904 0.9496 0.5725 0.577 0.5735 0.5351 0.5454 0.5699 0.599 1.7106 4.2656 8.4005 13.4949 12.1118 8.3681 8.6314 9.5734 13.118 14.5106 13.6652 13.1816 13.9398
24.3396 24.3468 24.3518 24.3136 24.2689 21.6368 18.957 16.589 16.4738 16.3327 14.5398 14.2584 13.9196 8.0678 7.8188 3.2168 2.6988 0.7764 0.7742 0.7256 0.7202 0.7013 0.6904 0.5967 0.5754 0.5745 0.553 0.5497 0.5351 0.523 0.5164 0.5106 0.4835 0.454 0.4433 0.4463 0.4765 0.4232 0.4346 0.434 0.4287 0.5045 0.5275 0.5498 0.6235 0.692 0.7876 0.9511 1.0638 1.0455 0.7105 0.3671 0.2691 0.4981 0.6444 0.7466 1.7791 3.1334 4.8466 7.7431 11.9523 10.0696 8.6053 9.6279 12.793 16.7209 16.8935 14.9677 14.6609 14.5325
24.3229 24.3391 24.3048 24.265 21.5805 18.8904 16.5171 16.4155 16.2932 14.4788 14.2384 13.9531 8.0682 7.8658 2.8229 2.7245 2.6093 0.7724 0.7234 0.7195 0.7027 0.6952 0.597 0.5752 0.5659 0.5521 0.5503 0.5355 0.5221 0.5075 0.5044 0.4873 0.4461 0.4401 0.4784 0.4859 0.454 0.4753 0.5107 0.5309 0.5139 0.5283 0.5848 0.6468 0.6882 0.7524 0.8957 1.0475 1.0177 0.7771 0.6364 0.2982 0.2757 0.5662 0.7454 1.4234 2.0078 4.2346 4.6039 5.1511 6.3587 8.7256 9.3985 13.3386 17.2628 20.6357 18.7329 13.4877 13.5558 13.9755
24.3059 24.2981 24.2627 21.5359 16.5343 16.4588 16.3688 14.6076 14.4315 14.224 13.981 8.0678 7.4452 7.2192 2.7421 2.6495 0.7712 0.7218 0.7189 0.7033 0.6979 0.5972 0.5873 0.5657 0.5648 0.5505 0.5356 0.522 0.5031 0.4996 0.4779 0.4625 0.439 0.4923 0.5531 0.538 0.562 0.5236 0.5481 0.6052 0.6163 0.592 0.6395 0.7468 0.7979 0.892 0.9295 1.0754 0.7321 0.6235 0.4984 0.4035 0.5411 0.641 1.4582 1.8396 2.3672 4.5132 5.8516 3.1778 5.484 6.909 12.6517 18.5235 17.8978 18.1468 13.294 10.7737 12.5715 13.5717
24.2932 24.2613 21.5002 16.4793 16.411 14.6822 14.5496 14.3944 14.2137 14.0044 7.621 7.4576 7.2681 2.7544 2.6786 0.7224 0.7207 0.7184 0.7036 0.6995 0.5972 0.5875 0.5655 0.5649 0.5506 0.5357 0.5077 0.5013 0.4989 0.4859 0.4823 0.4788 0.5053 0.5609 0.5623 0.5782 0.5943 0.6195 0.6121 0.6323 0.6825 0.7146 0.7367 0.7943 0.9466 1.0778 1.0383 1.1614 0.8558 0.5428 0.4844 0.4314 0.4511 0.7523 1.8603 2.6536 4.0923 4.4379 3.1801 4.3863 7.8158 8.1386 12.6902 15.405 18.3348 17.689 14.3517 12.4595 11.5426 14.1121
21.5706 21.4716 16.4333 16.3714 14.6216 14.5026 14.365 14.2064 14.0243 7.6074 7.4673 7.3064 2.7632 2.7003 0.7212 0.7198 0.7063 0.7037 0.7005 0.6965 0.5876 0.5655 0.565 0.5504 0.5358 0.5067 0.5005 0.4989 0.5057 0.4875 0.4878 0.5008 0.5264 0.5459 0.5923 0.6021 0.6361 0.6495 0.6758 0.7115 0.7356 0.7727 0.8831 0.9419 1.0486 0.9968 0.7751 0.7392 0.3897 0.518 0.4254 0.5974 1.0122 1.5669 2.7054 5.1388 4.0101 2.1138 1.2065 2.5201 6.0604 7.9504 7.9786 10.9102 13.8904 14.6772 14.0436 13.6208 13.7589 16.851
21.4485 16.3945 14.6648 14.5715 14.4642 14.3414 14.2011 14.0415 7.5965 7.4752 7.3369 2.7697 2.6671 0.7203 0.719 0.7058 0.7037 0.7012 0.6979 0.5877 0.5654 0.5651 0.5504 0.5359 0.5062 0.5002 0.499 0.5075 0.4891 0.4897 0.4998 0.5156 0.5669 0.5828 0.6301 0.6738 0.6819 0.6962 0.7337 0.8038 0.8432 0.9556 1.0063 0.9193 0.8903 0.7355 0.683 0.462 0.2919 0.2505 0.142 0.6841 1.2836 2.9359 4.5225 6.7349 4.505 1.1548 1.2056 2.4982 5.4545 7.8659 7.9268 8.2802 8.9712 10.4532 11.5843 13.3632 15.0919 16.2399
16.3616 14.6148 14.5296 14.4326 14.3223 14.1974 14.0564 7.5877 7.4816 7.3616 2.7745 2.6773 2.6203 0.7185 0.7054 0.7036 0.7016 0.6988 0.5878 0.5654 0.5651 0.5503 0.5359 0.5058 0.5 0.509 0.5084 0.4897 0.4901 0.4995 0.5398 0.5722 0.5851 0.6327 0.7 0.7453 0.7579 0.7679 0.8147 1.0019 0.9804 0.9582 0.8095 0.6487 0.6302 0.6647 0.6264 0.5929 0.5121 0.2649 0.3717 0.9052 1.3078 3.1326 4.229 5.6253 4.7749 2.7035 1.7229 2.7553 5.5818 7.6279 7.3791 8.1269 8.5023 9.3456 11.9019 13.0508 14.1428 14.8568
14.5725 14.4945 14.4062 14.3068 14.1949 14.0695 7.5805 7.487 7.382 7.2646 2.6853 2.6362 0.718 0.705 0.7036 0.7019 0.6907 0.5878 0.5653 0.5651 0.5503 0.536 0.5057 0.5096 0.5094 0.509 0.4899 0.4903 0.4994 0.5439 0.5755 0.5844 0.6644 0.6942 0.7384 0.8002 0.8234 0.8545 1.011 1.0597 0.8198 0.6165 0.5611 0.6102 0.4917 0.5253 0.6439 1.0129 1.5965 0.8011 1.6449 1.6992 1.818 2.1762 2.1525 2.8663 3.6161 3.177 1.9645 3.2518 5.7138 7.634 7.5724 8.2118 8.609 9.1035 10.9152 12.6346 12.4316 13.1735
14.4646 14.3841 14.294 14.1932 14.081 7.5746 7.4916 7.3989 7.2959 2.6917 2.649 0.7176 0.7047 0.7035 0.7019 0.6911 0.5878 0.5653 0.5651 0.5503 0.52 0.5056 0.5098 0.5097 0.5093 0.5092 0.4903 0.4994 0.5604 0.5516 0.5834 0.6451 0.6911 0.7061 0.8274 0.8396 0.9034 0.9645 1.1732 0.9758 0.4851 0.4814 0.5265 0.5708 0.5083 0.4981 0.8241 2.024 2.0705 2.6017 2.2846 2.4041 2.368 2.4696 1.4495 2.2211 2.5297 2.3777 2.2008 3.6168 6.7507 7.1639 7.7327 8.4483 8.7339 9.0737 10.7567 10.6789 13.0375 12.4689
14.3655 14.2834 14.1923 14.0912 7.5697 7.4955 7.4131 7.322 2.6969 2.6594 0.7053 0.7044 0.7034 0.7019 0.6915 0.5878 0.5782 0.5651 0.5503 0.5199 0.5055 0.5099 0.5098 0.5095 0.5095 0.4902 0.5355 0.5387 0.5518 0.6305 0.6437 0.6893 0.7986 0.8396 0.8495 0.8427 0.9071 0.9528 0.9563 0.5941 0.4351 0.4816 0.5195 0.6234 0.6452 0.7108 1.0536 2.0549 2.3989 2.961 3.1256 2.9021 2.2665 2.1516 1.8515 1.8747 2.4943 2.5229 2.2603 2.8741 6.7151 7.0694 7.7935 8.6724 8.8671 9.1082 9.3002 10.4448 11.1078 11.9987
14.2746 14.1918 14.1004 7.5655 7.4988 7.4252 7.3441 2.7011 2.668 0.705 0.7042 0.7033 0.6932 0.6917 0.6901 0.5783 0.5508 0.5503 0.5198 0.5054 0.51 0.51 0.5097 0.5096 0.4902 0.5368 0.5394 0.5659 0.6318 0.6427 0.6518 0.8021 0.8141 0.8525 0.8296 0.8388 0.8925 0.8473 0.7071 0.5359 0.438 0.4212 0.5684 0.7917 0.7875 0.7346 1.0293 1.7933 2.0622 2.3906 2.9247 3.1869 2.7189 2.3952 2.0783 11.3641 12.7735 20.332 21.766 22.6837 15.5016 12.9608 11.6575 8.8507 8.9896 9.1647 9.312 10.3095 10.8157 11.2568
14.1916 14.1086 7.562 7.5018 7.4355 7.3629 2.7046 2.6751 2.6429 0.704 0.7032 0.6932 0.6919 0.6905 0.5783 0.5508 0.5506 0.5198 0.5152 0.5101 0.5101 0.5098 0.5098 0.5509 0.5376 0.5398 0.6193 0.6326 0.6419 0.7581 0.8041 0.8134 0.8181 0.8211 0.8247 0.8748 0.7723 0.7004 0.6015 0.5717 0.4686 0.5144 0.6684 0.6515 0.8806 0.8418 0.9018 1.3961 1.9959 2.2718 2.5053 2.7202 2.7256 12.6426 19.3719 25.2734 24.8935 25.474 26.0557 26.4403 25.2067 16.5618 14.1261 12.8379 12.0978 9.2258 9.3334 10.2331 10.6279 10.984
14.116 7.5591 7.5044 7.4445 7.3791 2.7075 2.6811 2.6524 0.7038 0.7031 0.6931 0.692 0.6908 0.5783 0.5508 0.5506 0.5197 0.5152 0.5102 0.5101 0.5101 0.5099 0.5518 0.5382 0.54 0.6202 0.6331 0.6414 0.7591 0.8054 0.8126 0.7837 0.8157 0.8172 0.7646 0.7574 0.6925 0.7033 0.6229 0.5841 0.525 0.5971 0.6641 0.6999 0.7812 1.2383 1.7073 2.857 2.3309 2.3213 2.3761 2.5089 14.7544 25.4117 33.7655 30.3733 27.1861 32.3723 34.1735 34.5208 31.9653 25.6749 17.2556 15.0429 13.8216 13.0754 9.3578 10.1916 10.5057 10.7961
7.5565 7.5067 7.4523 7.3931 2.71 2.6862 2.6604 0.7037 0.694 0.6931 0.6921 0.691 0.5783 0.5508 0.5506 0.5197 0.5153 0.5102 0.5102 0.5102 0.5099 0.5571 0.5386 0.618 0.6209 0.6334 0.7531 0.7598 0.7681 0.7748 0.779 0.8122 0.7584 0.7555 0.7498 0.7395 0.7119 0.6424 0.619 0.5365 0.5716 0.6372 1.031 1.0225 1.7656 3.1899 3.5268 3.5919 2.6116 2.3289 2.2047 6.3196 18.3864 27.7376 39.0205 22.1994 24.9053 36.3774 36.5495 35.6561 35.0784 32.2066 25.6817 17.5286 16.0868 14.5266 15.2734 10.1706 10.425 10.6647
