normal_rasters/0772100001000775.ascii
ncols 66 
nrows 67 
xllcorner 158293.924011
yllcorner 383911.967987
cellsize 0.25
nodata_value -9999 
[rows 32 to 63 of 67, columns 0 to 65 of 66]
34.6689 34.6639 34.6513 34.6248 33.1592 33.0303 32.7738 30.7138 28.9054 27.3725 26.1616 25.5664 25.0634 23.3954 21.5085 21.2168 21.1552 20.6807 19.408 18.4363 17.3003 16.2393 14.7442 13.5525 12.245 10.9868 8.3838 6.6868 5.859 6.2852 6.8801 8.4549 10.0849 12.4708 14.1347 17.1545 21.166 25.7308 27.1038 33.9798 33.65 35.9947 37.3114 37.3306 37.1211 37.5782 38.6566 39.4932 39.0809 37.6273 31.5943 26.3329 18.6782 8.4526 6.3208 5.5384 1.3698 1.4806 1.1652 1.182 1.4263 1.2214 1.2136 1.1201 4.0576 4.4168
34.6217 34.6069 33.09 33.036 32.9405 32.7796 30.6983 28.8765 27.5513 26.209 25.5426 24.9346 24.2771 23.4438 21.7373 20.927 21.0259 19.03 18.1453 17.6485 16.2453 15.4236 13.4723 12.8282 11.2664 9.9033 8.6777 7.9313 7.43 8.2063 9.1739 11.5637 14.079 16.0658 20.4638 23.025 25.6176 29.7095 29.9781 34.9136 35.8642 36.63 37.3585 38.1239 38.6922 38.7102 38.6897 38.8627 37.7488 36.1353 31.8896 20.1563 7.3238 2.0087 1.6189 1.328 1.1292 1.1671 1.3929 1.4263 1.2219 1.2107 1.1167 4.0448 4.4108 4.4432
33.0414 33.0126 32.9663 32.8939 30.8333 30.6815 30.4508 28.327 25.648 25.5559 24.9693 24.3993 23.2788 21.9281 20.792 20.2085 20.4491 18.2449 17.3461 16.3418 14.8766 14.027 12.6994 11.9767 11.1104 9.9725 8.9126 9.1542 10.5882 10.1156 14.4142 16.5174 19.0017 21.2196 22.2363 24.5548 30.3671 30.8714 35.0684 35.6169 36.8238 37.1844 37.9061 38.6711 38.9611 39.1726 38.7365 37.3125 34.8875 22.5299 17.9294 3.3555 3.4 1.4617 1.1615 0.957 1.1761 1.3788 1.4271 1.2238 1.1201 3.9404 4.0293 4.4054 4.3268 4.4273
32.9627 32.9237 32.8675 30.7735 30.6675 30.5154 28.366 26.8858 25.566 24.9851 23.6229 22.8021 21.7443 20.5357 20.035 19.1236 18.7663 17.4538 16.3592 15.1471 14.5167 13.7024 13.0941 11.4609 11.0206 10.5897 10.0499 10.8108 12.3016 16.2826 17.1478 20.0007 22.624 23.3835 29.6567 29.489 32.3031 32.2665 35.0962 36.7084 37.6698 37.6076 38.4217 38.852 38.8824 38.5888 36.1927 33.5266 27.1364 11.4365 6.4376 3.7546 1.0226 0.6706 0.906 1.221 1.4085 1.4316 1.411 1.1166 3.8775 4.0105 4.2847 4.4075 4.4331 4.4509
32.8961 32.8514 30.7343 30.6564 30.5496 27.0276 26.9192 25.5719 24.9917 23.5507 22.5022 21.7719 21.4461 19.4433 18.9799 18.2398 17.8902 16.6861 15.9211 14.4919 14.1227 13.6023 13.2945 12.1004 11.5041 12.4703 14.0476 14.7052 15.5219 17.9797 19.8324 24.0577 25.7868 28.8105 30.4984 31.4094 33.4251 35.2022 36.5954 37.2718 37.7194 37.9278 38.5556 38.9423 38.4343 37.435 34.7283 30.8571 19.751 5.2152 4.4204 1.4718 1.0783 0.9508 1.4864 1.4904 1.4541 1.2899 1.111 3.77 4.1753 4.2872 4.4138 4.446 4.4662 4.479
32.8411 30.7071 30.6475 30.5689 27.0153 26.9378 25.5755 23.9117 23.5269 22.4546 21.2531 21.0343 19.4688 19.0297 18.3191 17.8036 17.0544 16.1586 15.8253 15.5827 14.6411 14.3603 13.9972 14.4993 15.5245 15.5544 15.7803 18.692 19.2099 22.4 24.3962 26.3711 28.9248 31.5686 31.3986 34.2156 35.4706 36.2007 37.176 37.6646 38.2636 38.5308 39.0553 39.2327 39.2228 39.6757 33.5949 18.2517 13.5497 6.6283 1.7712 1.4101 1.0089 1.1383 1.6408 1.5543 1.2859 1.0995 3.5534 4.1234 4.3588 4.4341 4.4734 4.4941 4.5052 4.5109
30.6874 30.6405 30.5804 27.0068 26.949 24.6852 23.8886 23.5195 22.4374 21.1935 20.1493 19.9566 18.6769 18.0537 17.5787 17.3622 16.9454 16.9703 16.3007 16.0025 16.0105 15.3759 15.6797 16.5171 16.8234 18.0602 18.9997 20.4922 22.6911 25.1301 28.2043 28.9027 30.8992 33.3325 33.5562 35.7846 36.3406 37.0617 37.6262 38.1278 38.3816 38.3636 38.5127 38.5249 37.3374 34.5041 11.1846 7.4446 9.3772 3.8923 2.0767 1.7852 1.7379 2.1564 2.4117 1.4258 0.831 3.0675 4.0367 4.3663 4.4891 4.5318 4.5459 4.5491 4.5479 4.5448
30.6348 30.5874 27.0009 26.9562 24.6654 23.8763 23.8277 21.2313 21.1653 20.1396 20.0131 18.7457 18.0377 17.89 17.4483 17.3313 17.351 17.7265 17.9431 17.9384 17.7194 18.6617 18.6499 18.776 20.584 20.9913 22.7474 23.8059 24.8004 25.6728 30.1713 30.6633 33.1853 34.1321 35.3652 36.3762 36.7749 37.8496 38.3181 38.681 38.8947 37.7849 35.583 32.1842 27.2212 8.3616 6.4528 3.7448 1.6976 1.6769 1.8881 1.9846 1.883 2.0405 2.4156 1.637 3.4016 1.6108 4.2478 4.6403 4.6613 4.6437 4.6233 4.6055 4.5907 4.5784
29.1918 29.1183 26.9611 24.653 24.6082 23.8318 21.2029 21.1517 20.1364 18.7708 18.7261 18.031 17.9384 17.4768 17.4293 17.87 17.8968 18.5627 21.3244 21.0289 19.0116 21.7282 22.5063 22.8577 23.0637 23.6847 24.7777 25.3663 27.4576 29.3314 30.2518 32.184 33.3459 35.5949 36.0778 37.2096 37.7611 38.5592 38.7364 38.6163 37.509 35.3447 32.2362 24.6185 8.7669 4.9886 3.7416 2.5562 1.721 1.4509 1.6804 1.8807 1.8088 2.0417 1.5577 5.3121 11.4418 7.691 7.5812 7.9987 8.4109 8.7078 8.9224 9.0826 4.6295 4.609
29.1256 26.9645 24.6451 24.6085 22.3611 21.1859 21.1453 20.1359 18.7507 18.0725 18.0288 17.5072 17.4898 17.4651 18.0419 19.3204 19.7505 20.8616 22.0544 24.6749 25.183 24.5807 24.9139 25.2975 26.0276 27.1752 27.5703 29.0975 28.9396 30.4957 30.3783 32.692 34.3965 35.792 37.1003 38.2017 38.5603 39.023 39.0518 38.31 36.8724 33.5813 23.9151 15.5792 7.7153 4.2324 2.8977 2.3378 1.6807 1.4902 1.6809 1.7556 3.8879 2.9576 1.6736 16.6786 15.1035 10.7602 9.4323 9.0294 9.0139 9.0938 9.1884 9.2764 9.3535 9.4199
26.9669 24.6399 24.6096 22.3483 21.1753 20.1744 20.1364 18.7391 18.0606 18.0283 17.5079 17.4967 18.0696 18.1135 19.6461 19.9405 20.5057 21.6048 23.6826 25.8188 26.2255 25.9106 28.1063 28.5612 28.3109 30.2541 29.5167 30.1024 30.9469 32.0319 33.2635 35.0587 35.3985 36.5021 37.8258 38.3319 39.4175 39.6194 38.7754 36.3442 33.5579 32.9799 25.855 12.5833 4.3621 3.1475 2.4284 2.2019 1.6921 1.5746 1.481 1.1592 5.6048 15.5765 1.9877 9.798 13.5488 14.4627 10.3468 9.9128 9.603 9.4968 9.4751 9.4883 9.5154 9.5471
24.6365 24.611 22.3401 21.1686 20.1678 20.1373 18.7321 18.0532 18.0285 17.5087 17.5009 18.1117 18.1472 19.8154 20.0241 20.3746 21.1729 21.8785 24.2981 25.7987 27.1424 27.8274 29.9731 31.3066 31.3337 31.8434 32.4248 31.9561 33.2959 33.5559 34.7887 34.7703 35.903 37.0067 38.7711 38.9938 39.3243 39.217 38.7427 35.2067 25.9109 19.724 19.2557 14.8958 5.1586 2.9347 2.6462 2.8132 2.6056 1.6821 1.7493 1.4379 1.4181 2.4933 1.8937 8.062 13.0039 13.6355 14.1987 10.2424 10.0556 9.8456 9.7416 9.6942 9.6772 9.6766
22.7908 21.6782 21.1643 20.1633 19.5858 18.7278 18.0485 18.029 17.5094 17.5037 18.1367 18.165 19.9077 20.0601 20.2922 20.6368 22.2754 23.6547 25.431 26.8521 28.8327 29.5199 30.8758 31.7747 31.4861 32.011 33.9261 33.9785 34.169 35.206 35.276 35.5487 36.0244 37.7393 39.3149 39.3809 39.5339 39.4625 40.1898 37.0213 21.1151 8.2226 7.1244 7.9989 5.5635 3.3331 7.2682 3.381 2.9617 2.058 2.0023 9.6552 14.6983 7.1176 4.5898 2.4125 8.607 13.3913 13.6698 14.117 10.1977 10.11 9.9635 9.8766 9.8269 9.8
21.6736 21.1616 19.9443 19.5814 18.0579 18.0453 18.0296 17.51 17.5056 18.1525 18.1752 19.961 20.0758 20.2387 20.4658 22.0612 22.404 23.6661 26.7287 28.8442 31.1731 33.4792 33.6524 33.57 33.8892 32.1211 33.4867 35.2772 35.5829 36.7014 37.4807 37.6123 36.8966 39.1387 39.8647 39.404 39.7715 40.3277 38.7113 33.6925 17.756 5.3766 4.7829 4.5118 3.6617 3.5394 7.2695 4.898 2.8943 2.8379 5.2149 8.3873 15.2897 12.2312 9.3156 1.7994 2.4724 8.6619 13.5345 13.6847 14.0861 10.1734 10.1342 10.0275 9.9571 9.9115
19.9586 19.9379 19.5786 18.0537 18.0431 18.0302 17.9242 18.1493 18.163 18.1814 19.9935 20.0824 20.2023 20.3617 20.569 22.1771 24.7019 26.6839 28.985 31.2928 33.7022 33.9111 34.0862 35.1286 36.8882 33.8357 33.2324 34.8285 37.1268 37.6629 38.3692 39.4846 39.7468 41.1122 41.1274 39.8742 40.0128 39.7452 29.3598 25.1538 10.546 4.3954 4.1197 4.0889 4.0434 3.693 3.2192 2.5005 7.1771 8.0299 3.9769 10.5396 13.3602 14.1107 11.1466 9.8837 2.4442 8.3599 8.6706 13.6001 13.6927 14.0728 10.0035 9.943 10.0654 10.0081
19.9332 19.5767 18.0506 18.0416 18.0307 17.9272 18.1585 18.1701 18.1853 20.014 20.0847 20.1763 20.2938 20.4419 22.0473 22.241 28.1675 29.0392 31.3578 32.7432 33.898 33.8985 34.2988 35.5927 35.7061 34.8008 34.1035 34.2616 36.5796 38.1707 39.3068 39.9836 40.7323 41.4579 40.9274 39.7438 38.5868 36.438 17.3551 13.8298 4.7169 4.4328 3.8501 4.228 4.5436 3.4292 2.7586 2.5271 5.8968 3.7823 5.0247 5.7804 12.0483 13.2202 13.4037 10.867 10.1062 2.4686 8.4785 8.3861 13.6352 13.6976 14.0665 9.9873 9.9429 10.0891
19.5756 18.0483 18.0405 17.9404 17.9295 18.1652 18.1752 18.1879 20.0275 20.0849 20.157 20.2469 20.3575 21.9684 24.1259 28.2726 29.0731 30.1152 32.6755 33.8481 33.7443 35.2397 35.1884 35.3052 35.2128 35.6307 35.9125 35.3267 35.2786 38.0265 40.1506 40.906 41.2577 40.7381 40.858 38.0545 37.4001 23.5997 11.9009 6.5368 4.5052 3.7668 3.6347 4.0413 4.3505 3.7483 2.6578 6.786 22.7399 9.3987 4.4989 5.1234 5.3305 12.5946 13.1443 13.1408 10.7668 10.219 2.4799 8.5377 8.3696 13.6561 13.701 14.0636 9.9766 9.9426
18.0464 18.0396 17.9407 17.9314 18.1702 18.179 20.2666 20.3061 20.084 20.1422 20.2131 20.2986 23.8908 24.1366 26.9506 29.7912 30.406 32.6333 32.7467 35.0984 35.1645 35.0445 35.118 35.1 35.6154 35.5848 35.6582 35.8394 36.123 36.8943 39.6826 41.03 40.536 35.1818 32.6938 14.8105 19.7901 8.1672 4.1527 4.6078 4.3268 3.9782 3.6777 3.9513 4.7573 2.0092 2.3967 3.516 8.8661 10.2294 9.6152 4.669 5.0686 5.0569 12.8123 13.1147 13.0252 10.7225 10.2857 2.4857 8.5706 8.3598 13.6696 13.7034 14.0622 9.9692
18.039 17.9409 17.9329 18.1741 18.1817 20.2782 20.312 20.0827 20.1306 20.1879 20.2558 23.9407 24.1454 24.402 30.1541 30.3719 32.4984 33.4998 35.074 35.1195 34.9667 35.8134 34.999 35.5972 35.5587 35.6349 36.0626 36.1581 36.9512 37.1068 37.8782 38.9095 37.7393 25.1124 17.0453 7.1255 4.3565 2.977 3.4741 4.0831 4.3523 4.1539 4.0203 3.4106 2.9492 2.2669 2.2425 2.7988 2.5188 9.4756 9.4972 9.4456 4.7129 5.0323 4.982 12.9201 13.1018 13.0657 12.6818 10.3292 8.5025 8.5903 8.3537 13.6789 13.7051 10.9319
17.9411 17.9342 18.1771 18.1838 20.287 20.3162 20.0811 20.1212 20.1684 20.2236 23.9794 24.1518 24.3639 27.1684 30.3494 33.1947 33.4608 34.1499 35.0886 35.7629 35.4985 35.5085 35.5732 36.1726 36.1411 36.1434 36.2164 36.7093 37.2971 37.9476 38.3612 37.4528 33.5867 23.694 8.7652 4.6845 2.7881 2.9317 3.5163 3.3662 3.6081 3.9398 3.4361 2.0671 2.2575 2.4039 2.7006 2.7604 2.6357 2.5488 9.6523 9.3139 11.281 4.721 4.9423 4.9434 12.982 13.1602 13.021 12.6801 1.9202 8.536 8.6027 8.3497 13.6855 13.7065
18.1744 18.1795 18.1855 20.2939 20.3193 20.3491 20.1135 20.153 20.1987 24.0096 24.1563 24.3338 27.1332 30.3343 31.3695 33.9643 34.089 35.7344 35.7465 35.4697 35.4782 35.907 36.1979 36.1816 36.1695 36.2119 36.8061 37.3177 37.8528 38.3014 38.5981 38.9912 38.4989 20.8585 6.174 2.8539 3.6652 3.4347 3.4276 3.1453 3.1577 3.7576 2.7583 2.4316 2.5397 2.3147 2.7606 2.6569 2.6832 2.5914 2.5531 9.5752 9.2459 11.2908 4.7212 4.9194 4.9207 13.0213 13.1526 12.9965 12.6815 2.6504 8.5585 8.3325 8.347 13.6905
18.1814 20.28 20.2992 20.3216 20.3474 20.107 20.1406 20.1791 24.0332 24.1592 24.3096 24.4882 31.1759 31.3422 33.948 34.0468 35.7254 35.7348 35.449 35.9054 35.909 36.2103 36.2011 36.1798 36.7422 36.8025 37.3147 37.843 38.2672 38.6423 38.8961 39.0255 38.865 25.254 14.8973 3.6195 4.0154 4.1028 3.6866 2.9398 2.8421 2.7053 4.7645 10.3605 6.2282 5.7829 2.8094 2.8316 2.6471 2.605 2.5746 2.5536 9.5487 9.6234 11.305 4.7194 4.9047 4.9061 13.0481 12.9973 12.9828 12.6842 2.6521 8.5743 8.3332 8.3451
20.2864 20.3035 20.3233 20.346 20.1016 20.1305 20.1633 24.0519 24.1611 24.2898 24.4408 31.1838 31.3222 33.9369 34.1728 34.2729 35.7258 35.4332 35.9038 35.9082 36.2165 36.2111 36.4434 36.7622 36.8018 37.3179 37.6494 38.2616 38.6552 38.8408 38.8532 38.4557 37.7189 36.8589 24.1941 8.2188 5.8151 4.3763 3.5844 2.7981 2.4204 2.0748 5.3677 7.2506 7.5001 7.1185 6.759 2.8485 2.8514 2.6292 2.5845 2.5664 2.5533 9.5408 9.5975 11.3191 4.7172 4.8947 4.896 13.0673 12.9857 12.9751 12.6873 2.6534 8.5857 8.3338
20.307 20.3246 20.3446 20.0969 20.122 20.1503 24.0667 24.1623 24.2735 24.4026 31.1904 31.3071 31.4423 34.156 34.2386 35.7188 36.1308 35.9016 36.2229 36.2197 36.2163 36.7789 36.7747 36.8024 37.3218 37.6323 38.2621 38.8051 38.8264 38.7989 38.3571 38.1832 35.9255 32.8032 28.0764 15.481 15.9666 5.6923 4.0708 2.9639 2.7951 2.3832 3.1524 6.6574 7.3462 7.2883 7.1981 7.0128 2.8591 2.8585 2.6197 2.5736 2.5618 2.5528 9.4843 11.166 11.3319 4.7151 4.8875 4.8886 13.0818 12.979 12.971 12.499 2.6542 8.5941
20.3256 20.3434 20.3634 20.1149 20.1395 24.0786 24.1628 24.2598 24.3713 31.1958 31.2955 31.41 34.1435 34.2125 35.7131 36.1309 35.8992 36.2234 36.2214 36.784 36.7922 36.7831 36.8034 37.1589 37.7629 38.2635 38.4601 38.8215 38.7813 38.3408 38.2657 35.2318 32.0676 27.8657 24.4042 14.2861 6.2481 3.7018 3.9426 2.4766 2.9328 3.945 3.4251 3.67 6.77 7.267 7.2454 7.2311 7.1219 2.8627 2.8615 2.6139 2.5672 2.5589 2.5524 9.4794 11.1752 11.3431 4.7132 4.8821 4.8831 13.0929 12.9751 12.9691 12.495 8.7287
20.3422 20.36 20.1088 24.0231 24.0883 24.1629 24.2482 24.3454 28.0541 31.2865 31.3846 34.1339 34.1924 34.2577 36.1307 35.8968 36.2235 36.2221 36.7945 36.8015 36.7891 36.8045 37.1558 37.7632 37.799 38.5482 38.6526 38.3834 38.3378 36.0964 33.2971 32.092 31.1847 18.67 14.7845 5.2451 3.752 3.3222 2.694 2.2617 2.4132 3.6807 3.6586 3.2862 3.7184 6.7877 7.2416 7.2322 7.2512 7.1939 2.8641 2.8628 2.8621 2.563 2.5569 2.5519 9.4788 11.7005 11.3529 4.6509 4.8779 4.8788 13.1018 12.9731 12.9684 12.4929
20.3571 20.1036 24.0375 24.0962 24.1628 24.2383 27.801 27.9174 31.2794 31.598 34.1265 34.1766 34.2323 36.1304 35.8944 36.2233 36.7979 36.8022 36.8083 36.8165 36.8056 37.1545 37.7643 37.7908 38.5469 38.6473 38.3742 38.3519 36.0226 33.1852 32.1426 26.3025 17.0037 15.446 9.6657 5.4728 5.0755 7.5531 5.1591 2.6332 2.3443 2.3414 3.6458 3.5644 3.7891 3.7307 6.7927 7.232 7.2274 7.2653 7.2228 2.8646 2.8635 2.5557 2.5601 2.5554 2.5516 9.4805 11.7041 11.3614 4.6482 4.6588 4.8754 13.109 12.9723 12.9686
20.3703 24.0496 24.1026 24.1624 24.2297 27.7983 27.9014 31.2736 31.5867 34.1206 34.1639 34.212 36.13 35.8922 36.223 36.8043 36.8082 36.8134 36.8203 36.8066 37.2336 37.7657 37.7859 38.5464 38.6442 38.3693 38.3531 33.2929 33.147 26.7899 20.0599 19.1941 12.9876 11.4456 6.6101 6.9985 8.7286 13.0628 8.1625 5.8914 2.4444 2.3255 3.6574 3.6258 3.5282 3.7705 3.7345 6.7947 7.2281 7.326 7.2757 7.2429 2.8647 2.8637 2.5529 2.5511 2.5544 2.5512 9.4832 11.7079 11.3689 4.646 4.6551 4.8726 12.9783 12.9723
24.0598 24.108 24.1619 24.2222 27.7959 27.8878 31.5022 31.5773 34.1159 34.1537 34.6957 36.1295 36.223 36.8067 36.8093 36.8128 36.8174 36.8232 37.1406 37.2353 37.2563 37.9 38.5464 38.6424 38.3664 38.3542 33.2434 33.1342 26.6176 19.8489 13.4608 12.9416 12.0996 10.1441 7.1906 7.808 8.7713 9.5169 8.3008 7.1101 5.8566 2.4239 2.3188 3.6873 3.6143 3.6563 3.7599 3.7357 7.167 7.2265 7.3211 7.2836 3.3458 3.3417 2.8638 2.5509 2.5495 2.5535 2.6278 9.4863 11.7116 11.3755 4.6442 4.652 4.8703 12.9754
24.1124 24.1613 24.2157 27.7937 27.8762 31.5024 31.5694 31.6435 34.1453 34.6856 34.7326 36.2225 36.8109 36.8134 36.8165 36.8205 36.8255 37.1435 37.2369 37.2541 37.8989 38.5465 38.5557 38.211 36.04 33.2155 26.7319 26.5247 19.7502 13.2898 12.9358 12.4127 10.6368 7.2056 7.4814 7.9523 8.2017 8.4425 7.8742 7.2458 6.3844 5.8665 2.4132 3.6379 3.6995 3.6407 3.6441 3.7533 3.7359 7.1638 7.226 7.3189 7.29 3.3474 3.344 2.8638 2.5493 2.5482 2.5529 2.6276 9.4897 5.0379 11.3814 4.6427 4.6495 12.9458
24.1607 24.2099 27.7918 27.8661 31.5026 31.5626 31.6287 34.1383 34.6772 34.7188 36.8126 36.8144 36.8167 36.8196 36.8231 36.8274 36.8326 37.2383 37.2526 37.8984 37.9144 38.2841 38.21 36.027 33.248 26.6388 26.4721 19.7016 13.1997 12.9439 11.085 10.8935 10.6819 7.353 7.5851 7.6135 7.8499 7.9609 7.759 7.1913 6.5812 6.1766 5.8834 2.7455 3.6646 3.7052 3.6338 3.6366 3.7488 3.7357 8.5178 7.2259 7.3181 7.2951 3.3486 3.3458 2.8638 2.5481 2.5472 2.5523 2.6274 9.493 4.4643 11.3866 4.6415 4.6475
24.2048 27.79 27.8573 31.5027 31.5568 31.6161 34.6363 34.6702 34.7072 36.8157 36.8174 36.8195 36.8221 36.8252 36.8289 36.8334 37.2396 37.2517 37.8982 37.9115 38.2828 38.2093 36.0184 33.2398 26.5777 26.4413 19.6774 13.1491 12.9559 11.1743 11.044 10.8973 7.2888 7.4243 7.6036 7.4966 7.6284 7.6908 7.6621 7.0986 6.8675 6.3554 6.0855 5.8988 3.6431 3.6795 3.7081 3.6294 3.6316 3.7455 3.7353 8.5193 7.2261 7.3181 7.2994 3.3495 3.3471 2.8637 2.5472 2.5464 2.5519 2.6272 9.4962 4.4662 4.6344 4.6405
