normal_rasters/0772100000293562.ascii
ncols 59 
nrows 41 
xllcorner 158648.785999
yllcorner 383574.315002
cellsize 0.25
nodata_value -9999 
37.5594 36.6157 36.6121 36.6073 36.6013 36.5939 36.5848 36.5739 36.5611 36.5466 36.5304 35.422 35.3832 35.3394 35.2922 31.0515 28.8522 28.6842 28.5175 25.6058 23.1372 23.0595 22.9819 17.462 15.0408 11.6502 11.4479 7.9682 6.3215 4.4869 5.0355 4.0742 4.0601 7.0285 9.5549 9.7808 12.7639 15.1993 15.3083 15.4193 20.1369 20.3085 21.8114 25.4742 25.7661 30.9729 32.6857 32.7996 32.9006 32.9846 33.0504 34.2804 34.2907 34.2996 34.3069 34.3128 34.3175 34.3212 34.324 
37.5664 37.5568 36.6203 36.6159 36.6102 36.6027 36.5933 36.5817 36.5676 36.551 36.5321 36.5115 35.4005 35.3488 35.292 33.4067 28.8985 28.6931 28.4895 25.5979 23.1541 23.0592 22.9644 17.4727 15.0293 11.6361 11.3936 7.9913 6.3432 4.5043 5.0281 4.0654 3.7887 6.9756 9.4886 9.7664 12.7393 15.1682 15.3039 15.443 20.0715 20.2838 21.8216 25.4388 25.7993 30.9602 32.6872 32.8288 32.9507 33.0481 33.1201 34.283 34.2951 34.3049 34.3127 34.3187 34.3233 34.3266 34.3291 
37.5748 37.5652 37.5537 36.6259 36.6207 36.6135 36.6041 36.5918 36.5764 36.5577 36.5356 36.5108 35.4237 35.362 35.2927 33.433 28.962 28.7057 28.4521 25.5887 23.1761 23.0576 22.9395 17.4859 13.9846 11.6191 11.3246 8.0226 6.3732 4.5278 5.0176 4.0518 3.7901 5.819 7.6996 9.7433 12.7015 15.1224 15.2954 15.4746 19.9818 20.2496 21.8386 25.3877 25.8393 30.9389 32.6898 32.8697 33.0184 33.1306 34.2705 34.2878 34.3018 34.3124 34.3204 34.3261 34.3302 34.333 34.3349 
37.5849 37.5754 37.5639 37.5501 37.5336 36.6266 36.6175 36.6051 36.5887 36.5676 36.5418 36.5115 35.4553 35.381 35.2949 33.4708 29.0516 28.7243 28.401 25.5777 23.2058 23.0538 22.903 17.5027 14.0176 11.599 9.5625 8.0656 7.8099 4.561 4.3963 4.03 3.7913 5.757 7.6456 9.7065 12.6432 15.0528 15.2794 15.5178 17.5207 20.2008 21.867 25.3142 25.8869 30.9025 32.6946 32.9285 33.1109 33.2386 34.275 34.2962 34.3118 34.3228 34.3303 34.3352 34.3384 34.3403 34.3414 
37.6908 37.6827 37.5767 37.5628 37.5458 37.525 36.6343 36.6223 36.6054 36.5823 36.5522 36.5152 36.4726 35.409 35.3001 34.6615 29.1826 28.7527 28.3296 25.5647 23.2474 23.0458 22.8473 17.5248 14.0656 11.5755 9.5766 8.1256 7.7987 4.61 4.3861 3.9939 3.7915 3.9127 7.5605 9.6475 10.2514 14.9425 15.249 15.5792 18.3784 20.1289 22.4479 25.2117 25.9404 30.0062 32.7047 33.0154 33.2384 34.2496 34.2853 34.3105 34.3267 34.3367 34.3427 34.3461 34.3478 34.3485 34.3485 
37.7011 37.6936 37.6841 37.672 37.5621 37.5406 37.5136 36.6444 36.628 36.6037 36.5695 36.5242 36.4686 35.4509 35.3106 34.6501 32.7821 28.7984 28.2276 25.5493 23.3083 23.0297 22.758 17.5559 14.134 11.5502 9.6049 9.4037 7.7832 4.8151 4.3663 3.9319 3.789 3.9594 7.4205 9.5535 10.3677 14.14 15.1895 15.6689 18.3194 20.0201 22.4249 24.0132 27.5429 29.9773 32.7274 33.1454 33.6323 34.2588 34.307 34.334 34.3479 34.3547 34.3577 34.3586 34.3584 34.3574 34.3561 
37.7131 37.7067 37.6982 37.687 37.6721 37.6526 37.5341 37.4978 36.6583 36.6347 36.5974 36.543 36.4696 35.5147 35.3308 34.6369 32.8431 28.8761 28.0808 25.5313 23.9202 22.9965 21.9284 17.6047 15.4852 11.2488 9.6652 9.3503 7.7584 4.7893 4.324 3.8199 3.7793 4.0324 7.182 8.0258 11.7798 13.9227 15.0712 15.7962 18.2326 19.8543 22.3892 24.2058 27.3283 29.8694 32.0946 33.5478 34.1706 34.2924 34.3505 34.3702 34.3759 34.3764 34.3749 34.3724 34.3696 34.3667 34.3639 
37.7268 37.722 37.7152 37.7057 37.6925 37.6741 37.6485 37.526 37.4744 36.6783 36.6414 36.5795 36.4841 35.8178 35.3685 34.6286 32.9436 29.0185 27.877 25.5115 23.9819 22.924 21.7639 17.6944 15.3733 11.3458 9.8054 9.261 6.6655 4.935 4.218 3.0549 3.7489 4.1487 6.7796 8.0391 11.7347 13.1295 14.3688 16.4563 18.1532 19.2088 22.352 24.557 26.27 29.5449 32.306 33.6044 34.1626 34.3997 34.4269 34.4181 34.4086 34.4004 34.3931 34.3867 34.381 34.376 34.651 
37.742 37.7393 37.7351 37.7285 37.7184 37.7032 37.6801 37.6454 37.5938 36.9233 36.896 36.6443 36.5301 36.1957 35.6348 34.6732 33.076 30.5959 27.1104 25.5003 24.0998 22.1893 20.4449 16.8022 15.1962 11.2825 10.1668 9.105 7.5825 5.2054 3.1822 2.4274 3.6662 4.3741 5.304 8.4422 11.2067 12.566 14.277 15.8342 18.3646 19.282 22.6485 25.0396 26.7258 28.9687 32.335 33.6204 34.3503 34.6291 34.511 34.4655 34.4409 34.4239 34.4109 34.6599 34.6605 34.6606 34.6603 
38.4722 37.7584 37.7575 37.755 37.7499 37.7406 37.7243 37.6961 37.6479 37.5663 36.9401 36.8746 36.6317 36.2603 35.5542 34.7643 33.526 30.946 27.2033 25.7098 24.224 21.9291 20.1846 18.7277 15.0179 11.9006 11.0542 8.9033 7.1991 5.5128 2.543 1.9739 3.2979 4.311 5.832 7.3839 11.389 11.9111 13.5348 16.3718 18.5011 20.0463 22.4882 25.087 26.5631 28.5495 31.6489 33.4243 34.5279 34.5921 34.5462 34.5013 34.687 34.6835 34.6801 34.677 34.6743 35.056 35.0636 
38.5008 38.4926 38.4819 38.4676 37.7859 37.7856 37.7812 37.7685 37.739 37.6748 37.5383 36.95 36.7352 36.4492 35.8074 34.7965 32.8304 31.5675 27.4521 26.3126 24.5616 21.5272 19.4635 18.1014 14.9345 12.0617 11.5607 9.0489 7.2712 4.8303 2.7519 1.7951 2.5393 4.7747 5.8967 7.6003 9.7997 12.7057 14.0239 15.7845 17.8828 20.726 21.7006 24.8842 26.805 28.8422 30.6284 33.1301 34.7632 34.8308 34.7456 34.7132 34.694 35.0335 35.0493 35.0606 35.0688 35.0748 35.0793 
38.5314 38.5284 38.5242 38.5183 38.5098 38.4973 38.4782 37.8597 37.8687 37.8642 37.8182 37.7092 37.1449 36.6488 36.2409 34.3348 33.3987 31.6408 28.6665 26.2624 24.513 22.3302 19.8161 16.2932 15.3013 12.5644 10.8474 9.5705 7.4168 4.9466 2.9955 1.1208 2.5212 4.3877 6.2437 7.826 9.1412 11.8725 14.5259 16.0033 17.3621 20.6832 22.3638 23.6779 26.7377 28.6082 30.7839 33.0834 34.8676 34.6783 35.0823 35.0811 35.0848 35.0884 35.0911 35.0931 35.0946 35.0956 35.1415 
39.1778 39.1746 39.1706 38.5721 38.5763 38.5814 38.5879 38.5965 38.6089 38.6286 38.2564 38.372 38.1711 36.8365 36.4636 34.6283 33.1473 31.6697 29.3964 26.0599 23.9596 21.7195 20.1394 17.4212 14.7579 13.4747 10.8186 9.3047 7.6496 5.8556 2.4552 0.6461 2.5426 4.7496 6.0665 7.8759 9.762 10.7728 13.8046 16.1221 17.9543 19.7569 22.5595 24.2361 25.9547 29.1638 31.4779 33.1694 34.7251 34.7184 34.7444 35.0713 35.0699 35.2527 35.2692 35.6453 35.5831 35.5847 35.5857 
39.2075 39.2095 39.2124 39.2165 39.2225 39.2316 39.2457 39.2687 39.3084 39.3832 39.6352 39.9847 40.0624 37.7633 36.7544 36.0887 33.3757 31.5321 30.5303 27.3726 24.4321 22.0787 19.5237 16.9327 14.7092 13.6098 11.471 9.4422 8.1071 5.3626 2.4875 1.2832 2.8668 4.4742 6.2296 7.6099 9.4039 11.5504 12.4929 14.5925 18.1553 19.5767 21.5929 24.0412 26.4802 28.8168 30.8679 33.2396 33.9941 34.9287 34.8674 35.3889 35.6767 35.682 35.6837 35.6836 35.6825 35.6811 35.6795 
39.2363 39.2433 39.2524 39.2647 39.2815 39.305 39.3391 40.346 40.3292 39.6789 39.8139 40.0352 40.4344 39.9254 36.6437 36.5114 35.6487 31.835 29.7683 28.5951 25.6389 22.2107 19.7541 17.3951 15.0503 12.9603 11.8487 9.4567 7.8364 6.3865 2.8547 1.4515 2.1552 4.7015 6.0087 8.1517 8.977 11.25 12.9863 14.1405 16.8184 20.0457 22.7654 24.8606 26.3619 29.3706 31.2937 33.0046 35.1867 35.5559 35.4316 35.4202 35.4014 35.3798 35.3599 36.3127 36.3387 37.2274 37.2589 
40.4611 40.46 40.4593 40.4595 40.4612 40.4653 40.4736 40.4893 40.5177 40.5665 40.8784 40.847 40.7237 40.4679 39.6014 36.2797 34.9328 34.2217 29.8091 28.3988 25.8053 22.9823 18.8419 17.4055 15.3808 13.3629 12.0347 10.2656 8.5899 5.5 4.3415 2.5231 3.0816 4.2565 6.1038 7.9227 9.8926 10.8115 12.6548 13.9854 16.1186 19.4973 22.4096 25.149 27.3346 28.8461 31.339 33.6693 35.091 35.5041 35.8146 35.8009 36.2638 36.3241 36.3609 37.2381 37.2787 37.3061 37.3248 
40.4949 40.4996 40.5063 40.5158 40.5296 40.5499 40.5802 40.6261 41.0117 41.0555 41.1451 41.281 41.6992 41.2839 40.2086 39.0446 34.999 33.3208 31.6355 27.8112 26.3273 23.4568 20.4563 17.0922 15.0576 13.6326 11.7233 10.3695 8.814 5.6807 4.4281 3.3673 3.7821 4.9274 6.3279 7.5687 10.028 11.1245 12.4603 14.7767 16.2935 19.581 21.9986 25.1173 27.7332 29.8767 31.4845 33.5649 35.4455 36.6999 36.0711 36.4316 37.2349 37.3144 37.3555 37.3771 37.3884 37.3942 37.397 
40.5277 40.5376 40.5508 40.5686 40.5929 40.6266 41.0255 41.0566 41.1077 41.1979 41.3016 41.6341 42.5288 42.573 40.777 39.5013 37.9268 32.8251 31.8289 29.4443 25.7775 23.7027 21.4396 17.8279 15.1265 13.5079 12.2871 10.3816 8.5092 7.2374 4.0558 3.2619 3.6745 4.9477 6.7662 8.3478 9.6573 11.4847 12.7728 14.7505 16.7942 18.9155 22.2685 24.1182 26.9575 30.503 32.0454 33.8378 35.5021 37.1237 37.5394 37.68 37.6883 37.6727 37.6538 37.6367 38.0007 37.9961 37.992 
40.5584 40.5728 40.5914 40.6157 41.0193 41.0393 41.0679 41.1103 41.4715 41.5552 41.6671 41.757 41.9345 41.7371 41.9687 40.2282 38.9451 35.8474 31.5365 29.7222 27.2831 23.9591 21.629 18.0131 15.5191 13.5858 12.3836 10.7023 8.6213 7.4926 5.232 3.7953 3.7517 5.0054 7.3485 8.3263 9.5685 11.1408 13.5498 14.6603 16.867 19.1253 21.4263 25.0061 27.6651 29.5581 32.4363 35.0812 36.6628 38.4382 38.6686 38.5247 38.4306 38.376 38.3421 38.3194 38.3032 38.2911 38.2818 
40.5862 40.6041 41.0109 41.0244 41.3701 41.3952 41.4306 41.4581 41.5128 41.9989 41.9463 42.0067 42.0014 41.8913 41.2965 40.3439 39.6555 37.549 32.6172 30.2272 27.7239 24.7127 21.5532 19.2848 16.1005 14.5218 12.0956 10.6564 9.3478 7.141 5.9902 4.8227 4.7596 5.9442 6.7255 8.3838 9.6025 11.9582 12.9726 14.959 16.5279 19.6006 21.7706 23.7627 28.4043 30.325 31.9869 34.9615 37.6392 39.5787 39.0475 38.7656 38.5831 38.4794 38.4157 38.374 38.9846 38.9783 38.974 
41.7905 41.8029 41.819 41.8401 41.868 42.8708 42.8883 43.2358 43.2322 43.2249 43.2105 43.1818 43.1252 42.614 42.2087 41.6119 39.0264 37.0547 35.3352 29.9843 27.3743 26.5081 20.9099 19.5395 17.472 14.5929 12.3827 11.0544 9.1729 7.9862 6.5655 5.3884 5.0913 6.2972 7.3543 8.2707 10.0992 11.9729 13.3561 15.1283 17.5939 18.8065 22.0844 24.2139 27.5172 30.1373 32.6148 35.4915 38.1852 39.0093 39.2248 39.1656 39.1178 39.933 39.9836 40.0164 40.0382 40.0532 40.0636 
40.9629 41.6768 43.2641 43.2781 43.635 43.6371 43.6399 43.6436 43.6486 43.655 43.6617 43.4995 43.4907 43.2583 42.8256 42.2767 39.5973 37.1092 35.3888 32.0718 27.5912 25.4428 23.862 18.8232 17.0222 15.7074 12.7466 11.1867 10.3445 8.1792 6.5012 5.9301 6.0686 6.7254 7.6689 8.9236 10.6064 11.8981 13.5254 15.3817 17.5148 19.7051 22.3419 25.5162 27.7102 30.375 33.8855 36.208 38.0191 39.2872 40.0263 40.1368 40.0939 40.1073 40.1124 40.1139 40.1139 40.1132 40.1122 
42.049 42.1293 42.2294 42.3513 43.9845 43.9889 43.6725 43.6845 43.912 43.9147 43.9181 43.7169 43.7629 43.7768 43.6961 42.8835 40.333 38.2683 34.8534 33.2349 30.2763 25.1903 24.0624 20.1507 16.8179 15.794 14.4785 11.7847 10.4508 9.3543 7.9858 6.5143 6.484 7.3395 8.0656 9.8053 10.6336 12.4095 13.9888 16.0374 17.6883 19.7953 21.9992 25.2362 28.3404 30.6618 33.2312 37.5884 39.4945 40.2754 40.5583 40.9272 40.9756 40.9452 40.9232 40.9073 40.8953 42.0114 42.0264 
41.8563 41.9235 42.2512 42.3753 42.5303 42.7171 43.9313 43.9393 43.95 43.9649 44.0939 44.1106 44.1488 44.2068 44.0516 43.201 41.5073 38.2673 36.4367 33.1369 30.5742 27.0123 23.345 20.1224 18.9733 15.6967 14.9571 13.2964 10.7952 9.6277 9.146 8.0413 7.1963 7.7438 8.6154 10.1083 11.5564 12.8577 14.7548 15.8609 18.1353 19.595 23.1304 24.8548 28.5839 31.4213 34.7979 36.8618 39.899 41.8404 41.6029 41.3857 41.2862 42.1041 42.1404 42.1418 42.1366 42.1306 42.1248 
41.8743 41.9274 42.006 42.1169 42.2664 42.4588 42.6935 44.0786 44.0852 44.0942 44.1072 44.1275 44.1607 44.202 44.078 43.2747 42.0141 40.0293 36.2261 33.1435 30.7815 27.4693 24.4599 20.964 19.0525 17.2142 14.8317 13.4719 12.5381 10.4597 9.761 8.8402 8.4675 8.6254 9.8504 10.6365 12.1099 13.1527 14.9554 16.4811 17.7266 20.3088 23.2447 26.2142 28.4663 32.0077 35.1565 37.7637 39.9263 42.0027 42.077 42.4868 42.6389 42.6595 42.6622 43.6774 43.3929 43.4093 43.4192 
41.6323 41.6557 41.7041 41.7868 41.9147 42.0978 42.342 42.6432 44.0905 44.1007 44.1148 44.0189 44.0501 44.1025 44.2633 43.1499 41.6996 40.8898 38.5162 33.0232 30.2303 28.5119 25.7487 20.9251 20.3224 21.5353 15.7574 14.7435 13.2213 12.369 10.6821 10.14 9.9281 10.1039 10.3462 11.5425 12.3891 14.4794 15.1534 16.2251 19.3523 21.0722 23.0089 26.9943 30.177 33.1759 35.7268 38.4376 40.4138 42.4957 42.9569 43.1528 43.6655 43.7404 43.7767 43.7942 43.8022 43.8052 43.8056 
41.3587 41.3403 41.3421 41.3758 41.4572 41.6047 41.8021 42.1266 42.5257 44.0645 44.0731 44.0843 44.1034 43.9576 44.0301 43.2905 41.8529 40.0269 39.1575 36.4973 30.5815 28.1252 25.664 23.4642 20.5009 20.1651 18.7582 14.8878 14.4461 13.6229 12.3965 11.1416 10.5958 11.3244 11.8856 12.0921 13.2416 14.8587 15.972 16.6285 19.035 22.0276 24.7006 27.9986 30.7415 33.8032 36.4097 38.6785 42.0977 43.1501 44.2911 44.169 44.1269 43.9985 43.9553 44.5312 44.5217 44.5144 44.5086 
41.0593 40.9864 40.901 40.8658 40.8736 40.9525 41.1363 41.4532 41.9025 42.4356 44.0281 44.0198 43.7734 43.5862 43.5099 43.3965 42.494 40.3447 38.4275 37.531 35.6022 27.535 24.5223 22.6147 20.055 19.0609 17.6068 15.6196 14.666 14.3871 13.3656 12.1906 11.8886 11.9153 12.7486 13.1832 14.4565 15.1334 16.3306 17.4244 19.6997 22.4435 25.2002 29.1851 30.7856 34.3264 38.0804 39.864 42.2847 44.4769 45.0511 45.0173 44.9388 44.8502 44.7929 44.7546 44.7277 44.6021 44.5793 
40.7315 40.5998 40.4632 40.3316 40.2251 40.1792 40.2486 40.4114 40.8885 41.5471 42.2561 43.5545 43.5403 43.4939 43.4004 43.0337 42.501 41.1478 39.3518 36.5592 35.745 33.3856 24.6208 22.1406 20.8291 18.7389 16.6315 16.4814 15.704 14.6628 14.3572 13.4456 12.888 13.4693 13.584 13.698 15.6594 16.1423 17.0306 18.537 20.5594 22.9962 26.4109 30.2385 32.2095 33.8092 37.5442 40.4376 42.9939 45.6585 46.1543 45.7149 45.5833 45.5273 45.4958 45.4039 45.3768 45.3578 45.344 
40.4353 40.2362 40.0114 39.7649 39.4415 39.2303 39.1221 39.2311 39.5701 40.3765 41.3475 42.2172 43.4612 43.4057 43.0051 42.8223 43.0989 41.2425 39.4091 37.8261 35.7325 33.2105 29.7781 23.6816 20.8485 19.3165 17.9578 16.5131 16.4389 15.5366 14.6172 14.0603 14.1445 14.3478 15.1795 15.7839 16.8077 17.7555 18.0761 19.5271 21.826 24.0074 27.4952 30.4021 33.5599 36.3274 37.9934 40.9309 42.9114 45.5235 45.808 45.6837 45.5609 45.6148 45.5612 45.5252 45.4996 45.4141 45.391 
40.1588 39.8163 39.5165 39.1671 38.7729 38.3619 37.9597 37.8594 38.2037 39.1114 40.3677 41.2359 43.5379 43.6316 43.611 43.2584 42.6875 41.4251 40.3185 38.8701 36.733 34.8112 31.1849 27.1099 21.5543 19.7567 18.7876 17.509 16.976 17.1988 14.2171 15.0097 16.2437 19.9958 17.931 17.432 18.6787 18.7302 19.6757 20.5364 22.9378 26.4982 28.0026 32.305 33.9741 36.726 39.7651 42.2522 44.0642 46.4523 45.6769 45.6706 45.5609 45.4856 45.4314 45.3912 45.5324 45.5078 45.4889 
39.8488 39.5439 39.1761 38.646 38.1544 37.6015 37.0573 36.7454 36.9233 37.8718 39.559 41.2389 42.4936 43.5864 43.5089 43.6541 43.7181 42.5261 40.6451 39.5557 38.1267 34.1792 31.8395 28.0922 23.6867 19.8771 19.221 20.9547 30.4984 17.5529 17.5868 29.7868 19.7409 31.2054 22.8277 19.3098 20.5972 19.8659 20.0533 20.6139 22.9094 27.0496 30.3154 32.9599 35.3918 38.222 40.28 42.2273 43.7792 45.2335 45.5101 45.2956 45.5413 45.4746 45.4259 45.3887 45.3594 45.3359 45.3167 
39.6793 39.4135 38.9947 38.5126 37.933 37.2629 36.568 36.0466 36.0885 37.0951 38.9353 40.8687 42.1286 43.562 43.7632 44.1546 44.8739 43.8486 41.2034 40.3131 38.4592 36.7495 33.5443 28.7796 24.0517 20.1303 22.0603 26.4737 34.3445 25.783 25.1481 25.9815 21.3506 24.259 23.3891 21.7068 19.9504 20.1933 20.2357 20.6128 24.126 27.1072 29.9529 33.1236 34.4928 37.3972 40.1586 41.8225 42.8928 44.3128 45.067 45.1367 45.1447 45.0434 45.4106 45.379 45.3532 45.3319 45.314 
39.6548 39.3215 38.9189 38.4891 37.9047 37.1957 36.5337 36.0384 36.0766 37.0264 38.6789 40.5417 42.0135 43.0022 43.7598 44.0571 44.163 43.5304 41.8951 39.7415 38.5773 37.4902 34.6277 31.0429 26.6709 24.2554 23.886 26.0807 27.7329 27.0907 26.1298 24.4673 24.0929 23.9932 22.9762 22.5879 21.7246 20.2212 20.2463 21.3205 24.1264 26.9129 31.4988 33.3446 34.175 38.1796 40.1104 41.6627 42.6186 43.5371 44.2032 44.93 44.9926 45.018 45.0243 45.431 45.4198 45.3245 45.3087 
39.7346 39.4139 39.0333 38.5845 38.005 37.4617 36.9423 36.6143 36.7569 37.5561 39.002 40.5953 41.915 42.8452 43.6692 43.5358 43.486 43.0383 41.6697 39.9633 38.3418 37.7781 35.5093 31.6315 27.1541 25.2333 24.3103 25.2898 25.8618 26.9618 26.4125 24.0145 24.2138 24.2497 22.6476 22.3813 22.1555 20.2271 20.2455 21.4592 24.2633 26.2865 31.6943 33.4551 35.2397 38.1197 38.7842 41.6099 42.4623 42.7556 43.5364 44.7908 44.8729 44.9194 44.9439 44.9548 45.3925 45.3868 45.3803 
39.8009 39.5122 39.1791 38.7207 38.3256 37.9264 37.5943 37.3984 37.6444 38.3772 39.5126 40.7617 41.8471 42.6559 43.5508 43.1941 43.0774 42.7688 41.6333 41.0374 38.1853 37.8592 35.7727 35.176 27.0546 27.7996 24.3034 24.7926 25.0673 26.7821 26.9186 23.8889 24.2402 24.4 22.4887 22.3605 22.4014 20.229 20.2425 21.5476 24.3237 26.0924 31.0223 33.5044 35.2387 38.0828 40.4447 41.5886 41.861 42.5908 43.3482 44.7052 44.787 44.8414 44.8758 44.8966 44.908 44.9132 45.3622 
39.9102 39.5537 39.2932 39.0121 38.7259 38.3561 38.2049 38.2288 38.5256 39.142 40.0088 40.9549 41.8094 42.4815 42.9966 42.9604 42.8415 42.6268 41.5897 41.1795 38.0863 37.8774 35.8815 35.4413 31.56 28.1278 24.2061 24.482 27.5228 26.6361 26.8414 21.1367 24.2236 24.4717 22.4081 22.3355 22.5436 20.1217 20.2398 21.6065 24.3508 24.9561 30.989 34.7906 35.234 38.0602 40.4193 40.8247 41.7764 42.4905 43.2291 43.3582 44.7281 44.7825 44.8209 44.8471 44.8643 44.8749 44.8809 
39.9306 39.7398 39.5376 39.333 39.0043 38.8765 38.8381 38.9447 39.2459 39.7531 40.4149 41.1297 41.7937 41.9377 42.8543 42.8027 42.6998 41.8426 41.554 41.2609 38.0202 37.8761 35.9215 35.5898 31.7929 28.3035 24.1039 24.2754 27.3942 27.065 26.782 26.0168 24.2019 25.2443 25.0314 22.3166 22.6294 20.1126 20.2376 22.5745 24.363 24.8164 30.9627 34.8873 35.2271 38.0454 40.4071 40.7307 41.7207 42.427 43.1523 43.2647 43.3498 44.7393 44.7779 44.8064 44.8269 44.8411 44.8506 
40.0891 39.9404 39.6168 39.4913 39.3923 39.3432 39.3748 39.5195 39.8004 40.2148 40.7264 41.2734 41.397 41.8152 42.748 42.695 42.6097 41.7397 41.5266 41.3091 39.1839 37.8686 35.9302 35.6744 31.2164 28.3994 24.015 24.13 27.3085 26.9485 26.7358 29.8202 24.1821 25.2663 25.0937 22.3037 22.6834 20.1068 20.2358 22.6489 24.3681 24.7187 30.9418 34.952 35.2194 38.0352 40.4027 40.6646 40.9007 41.7908 43.102 43.1987 43.2765 44.7081 44.7448 44.7735 44.7955 44.8118 44.8237 
40.2536 39.9529 39.8602 39.7846 39.7393 39.7419 39.8122 39.9683 40.2195 40.559 40.9613 41.0001 41.3888 41.474 41.716 42.6195 41.8134 41.669 41.5057 41.3389 41.1841 37.8595 35.9248 35.7229 31.3142 32.0875 23.9409 24.0226 27.2462 26.8637 26.6991 29.8744 24.1653 25.2797 25.1386 22.2948 22.7187 20.1031 20.2344 22.7014 24.5144 28.0765 30.925 34.9965 35.2116 38.0278 40.4028 40.6177 40.8152 41.7423 43.0688 43.1517 43.2214 43.2776 44.7196 44.7474 44.7695 44.7869 44.8002 
40.2145 40.1446 40.0865 40.0481 40.04 40.0742 40.1632 40.3164 40.5368 40.8169 40.7538 41.0764 41.1425 41.3984 41.6001 42.5651 41.7348 41.6184 41.4895 41.358 41.2337 39.0641 37.7863 35.7503 34.6307 30.4695 23.8797 23.9403 27.1982 26.8 26.6694 29.912 29.5784 25.2883 25.1718 22.2888 22.7426 22.6366 20.2334 22.7395 24.5033 28.0775 30.9114 35.0278 36.7488 36.9793 40.4052 40.5841 40.7508 40.8996 43.0467 43.1179 43.1799 43.2318 43.2738 44.7267 44.7483 44.7659 44.7799 