normal_rasters/0772100000296763.ascii
ncols 51 
nrows 52 
xllcorner 158244.398987
yllcorner 383888.682007
cellsize 0.25
nodata_value -9999 
25.5164 20.6196 10.3598 10.3056 8.7126 8.6942 8.674 8.6524 8.6293 8.996 13.3686 13.4547 17.6477 17.7326 22.8469 25.7916 27.4451 27.4818 30.5459 33.6736 38.099 39.1132 41.4301 41.5387 45.0756 45.0932 45.1133 45.135 45.69 45.684 45.6781 45.5173 45.5121 45.5073 45.5032 45.4999 45.3915 45.3906 45.3899 45.3894 45.3891 45.3889 45.3888 45.3698 45.3701 45.4325 45.4338 45.5311 45.8362 46.1164 46.1204 
25.537 24.6562 16.0112 10.3533 8.728 8.7085 8.687 8.6635 8.6384 8.9608 13.3032 13.393 17.5963 17.6872 22.7724 22.8843 25.8084 27.4538 30.4474 33.5847 33.7433 38.1414 41.3538 41.4728 41.6146 45.0828 45.1066 45.1329 45.69 45.6824 45.6749 45.5169 45.5103 45.5045 45.4997 45.3919 45.3907 45.3897 45.389 45.3885 45.3882 45.3881 45.3693 45.3697 45.4323 45.4338 45.5315 45.8365 46.117 46.1216 46.1254 
25.5609 25.5198 24.634 13.7173 10.3442 8.7256 8.7026 8.6773 8.6497 8.6203 8.973 13.3187 13.4268 17.6303 17.7407 22.7996 25.7519 27.4187 27.4677 30.4864 33.6423 33.8463 39.0814 41.3826 41.542 45.0674 45.0957 45.1284 45.6907 45.681 45.671 45.5161 45.5079 45.5008 45.4952 45.3909 45.3895 45.3885 45.3878 45.3874 45.3873 45.3688 45.43 45.4322 45.4339 45.5321 46.1117 46.118 46.1232 46.3341 46.6485 
27.9078 25.5458 24.6577 20.6189 13.7105 10.3312 8.7215 8.6942 8.6641 8.6314 7.3733 8.9903 13.3421 13.4743 17.6781 17.8142 22.8399 25.7668 27.4258 27.4898 30.5494 33.7332 35.7453 39.1314 41.4361 41.6566 45.0781 45.1192 45.1643 45.6799 45.6662 45.515 45.5043 45.4955 45.4089 45.3894 45.3878 45.3869 45.3863 45.3861 45.368 45.4294 45.432 45.4342 45.8376 46.1121 46.1194 46.1254 46.3367 46.6487 46.6422 
31.1906 25.5762 25.5264 24.6313 16.8435 13.7011 10.3131 8.7151 8.6822 8.646 8.6071 7.383 9.0153 13.3773 17.5971 17.7461 21.675 25.6826 25.7916 27.4394 27.5262 33.5739 35.6686 39.0057 39.2178 41.5359 43.9313 45.1014 45.1623 45.6802 45.6604 45.5131 45.4986 45.4877 45.3899 45.3872 45.3856 45.3848 45.3845 45.3671 45.4287 45.432 45.5834 45.8381 46.113 46.1217 46.1285 46.6482 46.6489 46.6426 46.6511 
31.2522 29.0179 25.56 25.5013 24.5973 16.8327 10.3927 10.2877 8.7053 8.6651 8.6211 7.3616 8.952 10.8962 13.4306 17.6545 17.845 21.7262 25.6884 27.3711 27.4654 27.5878 33.6931 35.7473 39.0574 41.4681 41.7257 45.0665 45.1524 45.6842 45.6537 45.6249 45.4893 45.476 45.3868 45.3838 45.3824 45.3643 45.3658 45.4279 45.4323 45.5834 46.1107 46.1147 46.1251 46.4489 46.6484 46.6422 46.6431 46.8018 46.7814 
35.9483 31.2254 28.9857 25.5384 24.63 22.2527 13.7713 10.379 8.7348 8.6903 8.6404 8.5864 7.3723 8.9778 13.2866 13.5128 17.7427 21.6355 24.5288 25.7043 27.3776 27.5153 31.2949 35.5972 35.8914 39.1725 41.6395 44.0183 45.1216 45.698 45.648 45.5957 45.4726 45.4014 45.3812 45.3784 45.3615 45.3639 45.4272 45.4331 45.5838 46.1119 46.1179 46.4468 46.4504 46.6488 46.6428 46.8018 46.8018 46.7814 46.7812 
35.9636 33.1267 29.0505 25.5833 25.5094 24.5877 16.9002 13.7668 10.3571 8.7238 8.6674 8.6046 7.3401 7.3891 10.8521 13.341 17.5981 17.8813 21.7046 24.5323 27.2524 27.4002 27.616 32.5039 35.687 36.1795 39.4477 42.0361 45.1946 45.7397 45.6563 45.5405 45.44 45.3914 45.3706 45.3848 45.4137 45.4268 45.572 45.827 46.1153 46.4419 46.4482 46.6477 46.6492 46.6437 46.8017 46.8018 46.7814 46.7812 46.7811 
35.9823 35.9432 33.1073 29.0153 25.56 24.632 23.2168 16.8941 13.758 10.3227 8.7051 8.632 8.5518 7.3502 7.416 10.8871 13.4369 17.7125 18.1051 21.8264 24.5502 27.2213 27.4644 29.5572 35.3214 35.8937 38.9879 41.6622 44.0855 45.4698 45.7763 45.4658 45.3678 45.3507 45.3683 45.4046 45.4275 45.7264 45.8312 46.1234 46.4421 46.4506 46.648 46.6431 46.645 46.8017 46.7816 46.7814 46.7812 46.781 46.7758 
36.0053 35.9634 33.1339 33.0806 25.6225 25.527 24.5782 20.951 16.8835 13.7422 9.6911 8.6736 8.5767 7.2973 7.3687 7.4614 10.9536 15.2009 17.9147 20.6453 24.3934 24.6007 27.1943 27.6459 29.9341 35.2664 36.4167 39.9025 43.3214 44.913 46.0404 45.6529 45.3923 45.2768 45.4363 45.6631 45.7358 46.1164 46.4388 46.4431 46.6524 46.6487 46.6448 46.647 46.8016 46.7817 46.7814 46.7811 46.7809 46.7757 46.7755 
36.0333 35.9887 35.9376 33.1091 29.0663 25.5995 25.4794 23.1995 20.931 15.6738 10.4601 9.6465 8.6198 8.4881 7.3002 7.404 10.797 11.0835 17.5968 20.4896 20.8892 24.3806 26.7394 27.2225 29.67 32.4936 35.0672 38.44 42.5745 44.9408 46.2721 45.8813 45.5242 45.4569 45.5274 45.8541 46.2508 46.4372 46.4547 46.6518 46.6433 46.6479 46.8013 46.8015 46.7818 46.7814 46.7811 46.7808 46.7756 46.7764 46.7763 
36.0676 36.0206 35.9655 33.1457 33.0733 25.6907 25.5638 24.5712 20.9489 19.5791 15.6758 9.8447 8.6943 8.5255 7.2022 7.3125 7.4751 10.8858 11.35 18.5217 20.7161 23.0873 24.3984 25.784 27.5781 31.0986 33.4802 35.453 39.8294 44.048 46.4461 46.1871 45.8103 45.8948 46.0436 46.2186 46.441 46.6393 46.6446 46.6477 46.6537 46.801 46.7826 46.7819 46.7814 46.781 46.7757 46.7764 46.7762 46.7761 46.776 
36.1092 36.0604 36.0016 35.932 33.1131 33.0209 25.6737 25.5076 22.6126 20.9226 19.5536 15.673 9.8265 8.608 8.3542 7.1692 7.3498 7.6329 11.1163 15.1803 20.3107 21.9022 23.2205 24.3937 26.3272 28.7113 31.8768 33.5567 37.5955 39.3488 44.5515 46.6076 46.4148 46.3675 46.1538 46.4861 46.6193 46.6471 46.6601 46.6662 46.8005 46.7831 46.7821 46.7813 46.7817 46.7814 46.7762 46.776 46.7758 46.7757 46.7065 
36.1595 36.11 36.0482 35.9728 35.8829 33.0626 29.8331 25.6417 23.9551 20.9544 20.8814 18.0312 15.66 9.0741 8.4268 8.0312 7.122 7.4642 8.0387 11.7223 17.5194 21.2949 22.1145 23.6311 24.9621 27.7585 29.6666 32.9921 35.1084 37.9937 39.8826 45.0876 46.8921 47.0069 46.7081 46.7977 46.6724 46.7003 46.7972 46.7995 46.7841 46.7823 46.7811 46.7813 46.7762 46.7758 46.7756 46.7755 46.7707 46.7062 46.7044 
37.3346 36.1714 36.1081 36.0277 35.9281 33.1215 32.983 26.7831 25.5819 22.6197 20.9209 19.5465 18.0146 14.3885 8.9985 8.0238 6.733 7.0547 7.8841 11.3112 15.9547 18.9886 20.0567 21.848 24.332 25.7584 28.953 30.0508 32.7997 36.1363 38.565 40.1913 46.323 46.8211 46.9547 46.7983 46.7883 46.7913 46.811 46.7862 46.7829 46.7816 46.7807 46.7755 46.7752 46.775 46.7705 46.7704 46.7056 46.7036 46.5069 
37.3787 37.35 36.1848 36.1013 35.9927 35.8564 33.0451 30.0726 26.7576 24.0085 22.549 20.8604 19.4708 17.9703 14.4559 8.7237 7.0932 6.1976 7.0121 10.0954 13.5472 17.4911 19.8761 20.5602 23.1442 24.9824 26.9116 29.3215 30.9697 33.0862 37.2574 39.2055 40.3398 44.1534 46.1332 46.842 46.8032 46.8142 46.7942 46.805 46.7805 46.775 46.7743 46.7741 46.77 46.7699 46.7699 46.7045 46.5113 46.5045 46.2485 
37.4305 37.406 37.3694 36.1992 36.0846 35.9314 33.1403 32.9107 27.254 26.6914 22.6811 20.9574 19.5511 18.0576 17.858 11.6288 7.8182 4.3814 4.5139 7.8031 11.7405 15.9842 18.0193 20.3015 21.3724 23.3055 26.2327 28.718 30.0974 31.9809 35.4977 37.9157 39.002 40.163 42.3601 46.4062 46.9361 46.8316 46.8152 46.7904 46.7707 46.7686 46.7688 46.7689 46.7691 46.6953 46.6922 46.5083 46.4948 46.2511 46.2428 
37.4904 37.473 37.443 37.3948 36.2137 36.0474 35.8183 33.0107 32.6678 27.2317 25.2273 22.6144 20.8896 19.3876 17.9473 17.1038 11.5765 4.9203 2.1186 4.5749 10.7855 13.1051 14.5462 19.7787 20.7438 22.4944 24.6081 26.8326 28.5901 30.7951 32.9763 34.7654 38.7278 39.7058 41.0711 43.5238 46.1385 46.8236 46.745 46.7552 46.7627 46.7661 46.7672 46.7017 46.6954 46.6911 46.498 46.2605 46.2466 46.2367 46.2297 
37.5578 37.5512 37.5327 37.4953 37.4291 36.2241 35.9646 34.706 32.7421 27.8688 27.1206 24.1961 22.2007 20.7104 18.1544 17.4927 16.4055 9.1298 5.7727 5.1303 6.2351 11.3226 14.3918 16.7655 19.9696 21.768 22.6929 25.3431 27.8614 29.7473 31.3986 33.5361 35.4292 39.2515 40.6104 41.768 43.607 46.2569 46.7698 46.7655 46.7646 46.7198 46.7049 46.6947 46.5214 46.2828 46.2561 46.2383 46.2266 46.0351 46.0284 
37.6313 37.6393 37.6383 37.6207 37.5739 37.4775 36.2177 34.8597 32.9149 29.3462 27.8579 25.8863 23.9719 21.5477 19.7916 17.8921 16.2908 12.6971 6.6633 3.1343 5.5551 9.1574 13.0886 15.9264 18.6761 20.3131 22.8049 24.3358 26.5743 28.7696 30.6386 31.7782 34.7632 36.196 39.0499 41.6585 42.295 45.671 46.7947 46.7838 46.7437 46.7128 46.5603 46.5137 46.2827 46.2453 46.2226 46.0319 46.0216 46.0154 45.8301 
37.7079 37.7341 37.7567 37.7693 37.7591 37.701 37.549 35.1852 34.5496 31.2622 29.3241 27.5196 24.3887 23.3404 21.8134 19.1199 16.9691 15.4759 11.8471 4.227 3.4299 5.1352 8.8097 14.4385 16.0237 18.7405 20.8225 23.7644 25.609 27.9012 29.2439 31.5059 33.3521 35.1083 36.7633 39.3288 40.9014 44.6703 46.7594 46.7582 46.7438 46.5612 46.4768 46.2702 46.2187 46.1915 46.0079 45.999 45.8244 45.8232 45.8228 
39.371 39.3708 38.7078 37.9331 37.9786 37.9945 37.9262 37.6566 35.1157 32.4779 30.1713 28.4968 26.0398 23.9967 22.4185 20.8765 18.3311 15.8237 14.6955 10.1993 4.066 2.9542 7.508 10.4232 14.2389 17.2141 19.2938 21.5552 24.7536 25.8803 27.1408 30.1157 32.8854 33.7811 35.8313 36.8991 38.2651 44.1007 46.8994 46.7277 46.5386 46.4117 46.213 46.1529 45.8589 45.8468 45.8131 45.8121 45.7361 45.7377 45.7391 
39.3977 39.4047 39.4124 39.4205 38.8651 38.9349 38.431 38.3404 37.7909 34.18 30.5824 29.8633 26.8294 25.9623 23.7944 21.9995 20.1195 16.7506 16.1915 13.3547 9.0923 2.777 3.5871 9.0595 11.4083 15.5258 17.9921 20.1672 21.3179 24.6016 26.7278 27.0351 30.6687 33.0638 34.3666 36.4728 37.4918 41.8992 45.8762 46.5549 46.4186 46.0078 45.9511 45.8211 45.7186 45.7226 45.7271 45.7308 45.7337 45.7359 45.7378 
39.4243 39.4387 39.4576 39.4837 39.5222 39.5838 39.3252 39.4875 38.8371 36.7238 32.1573 30.3542 28.8699 26.4334 25.7742 24.0569 22.018 18.2632 16.7225 15.0933 11.9328 8.2276 3.3692 6.2386 9.1912 12.624 14.9926 18.994 20.6895 21.6078 24.2572 26.7565 27.9935 31.5357 33.1094 34.8935 37.3314 40.2802 42.4266 45.8711 46.3173 45.884 45.6848 45.6723 45.6985 45.7137 45.7224 45.728 45.7318 45.7347 45.7368 
39.4487 39.4695 39.4978 39.5389 39.6035 39.72 39.9854 40.894 39.8188 37.1497 35.9338 31.27 30.2987 28.8094 26.8883 25.3817 24.1558 20.8782 19.6994 16.7035 14.4738 9.7703 6.2121 4.2433 8.4962 10.3547 13.5538 15.8377 19.1778 21.3518 22.129 24.9313 26.9977 28.6984 31.9341 33.5459 35.7499 37.965 41.5693 44.7545 45.5841 45.8655 45.4979 45.641 45.6924 45.7112 45.7209 45.727 45.7311 45.7341 45.7364 
39.469 39.4943 39.5284 39.5766 39.6487 39.7641 40.2396 40.4018 39.9696 38.8613 35.9591 34.2903 31.291 30.2459 28.2451 25.8618 25.1857 22.3853 19.8746 19.0314 15.5822 12.7486 7.363 2.4728 4.4694 9.1961 11.9071 13.7658 15.4502 18.3539 21.2865 22.5148 25.1446 27.4369 29.3677 31.8268 34.345 36.6118 39.2422 44.6548 45.7059 45.8698 45.7425 45.745 45.7666 45.7863 45.8001 45.8098 45.8169 45.8222 45.8263 
39.4845 39.5117 39.5476 39.9642 40.0087 40.0688 40.1408 39.9748 40.293 40.1933 38.1542 36.277 33.8295 31.8683 29.2549 27.2452 25.6541 24.4477 21.1212 19.4224 16.7953 14.8351 12.2225 7.6945 2.934 2.8373 9.2899 10.4193 14.3842 16.3092 18.9721 21.6934 22.555 24.3968 27.4946 29.7643 31.6379 35.4071 37.903 39.4631 45.8792 46.1571 45.9208 45.8368 45.8319 45.8344 45.8391 45.8438 45.8479 45.8515 45.8545 
39.8935 39.9109 39.9329 39.9606 39.9952 40.9881 41.2926 41.3194 41.5608 41.6035 40.7624 37.1585 35.138 32.7342 30.5682 29.2797 26.4798 25.7849 23.2001 21.2864 18.339 16.0298 13.3662 10.8971 4.1095 0.6306 4.8665 10.1784 11.7145 15.3354 16.4767 19.0937 21.0981 22.2803 24.6483 27.9217 30.1189 32.27 35.2868 37.9035 42.3487 45.1552 45.2501 46.0131 45.8854 45.8694 45.8631 45.861 45.8608 45.8614 45.8623 
40.8379 40.8604 40.8928 41.0017 42.0122 42.0311 42.0716 41.711 41.9773 42.643 43.0191 40.5855 37.6693 34.7751 31.8572 30.4859 28.1719 26.0312 25.7493 22.1987 20.2356 17.3665 15.6647 13.1599 10.4138 2.9115 1.158 6.0416 9.735 13.1756 15.8972 17.4772 19.7695 21.2367 23.0927 25.2695 28.3322 31.2299 32.8848 37.0184 39.4484 42.2059 43.3559 43.6763 44.9003 44.9259 45.8837 45.8767 45.8729 45.871 45.87 
40.8926 41.6996 42.0311 42.0443 42.0662 42.1034 41.6849 42.0979 42.2087 42.3558 42.2011 40.7841 39.4149 37.1301 33.9994 31.586 30.9652 27.7877 25.6043 24.7214 21.0943 18.1392 16.6532 14.3574 12.7312 8.9564 3.432 3.6871 6.3859 11.8251 14.8573 16.4726 18.3187 19.6158 22.0073 23.3668 25.9668 28.2756 32.22 34.6972 39.229 40.5141 42.8217 43.2138 43.431 44.7816 44.8205 45.8895 45.8834 45.8796 45.8772 
42.037 42.0459 42.0589 42.0782 42.107 41.9532 42.0227 41.9888 42.0165 41.9626 41.487 40.6115 39.767 38.5103 36.0533 33.0833 30.7863 30.4297 27.2266 25.3591 24.4026 21.3466 18.1652 16.3571 13.8116 11.6065 8.2008 3.5111 5.4112 9.3391 12.3192 15.924 17.0462 18.9031 20.6578 22.1801 23.5559 27.0936 29.9657 33.8632 37.8231 40.0297 40.7062 42.9761 43.2096 43.346 44.7297 44.7652 44.7853 45.8869 45.8835 
42.0536 42.0652 42.0811 42.1032 41.9354 41.9631 41.8904 41.8941 41.8675 41.5674 40.683 39.8676 39.5718 39.2844 37.6654 34.9791 31.6734 30.5164 29.6293 25.9761 24.6559 23.5234 19.7973 17.0175 14.8841 12.8402 8.8684 8.1676 3.185 7.0714 10.3561 13.0544 16.6728 17.6521 18.5823 20.8152 22.8136 25.503 28.0553 33.6457 34.5169 39.8128 40.3724 40.7399 43.082 43.2201 43.3112 44.7051 44.7346 44.7536 44.7657 
42.0675 42.0805 41.8958 41.91 41.8335 41.8384 41.8369 41.6499 41.5673 40.7064 40.569 39.5439 38.9043 38.5063 38.1424 36.7268 34.9209 31.408 29.6061 28.6115 25.9362 24.5255 21.7464 19.7067 16.8766 13.8822 10.9324 9.5356 7.0672 7.5456 9.8053 11.4139 14.1395 16.7294 17.0903 17.8275 19.2804 24.8499 27.5691 31.9831 34.1605 39.7687 40.2001 40.5214 40.7444 43.1403 43.2308 43.2954 43.3405 44.7167 44.7336 
42.0784 41.8823 41.892 41.8059 41.8074 41.8048 41.6091 41.5583 41.3243 40.3217 39.5039 40.1689 39.8364 39.14 38.2296 37.8905 36.015 34.414 30.3328 28.7949 27.5198 24.9852 23.5265 21.3567 19.8492 16.5625 14.0637 9.7636 7.6565 6.1403 5.4976 9.7901 10.5993 14.6329 16.1805 16.4103 18.3263 20.3594 24.7966 29.077 32.4879 36.6362 40.1247 40.3911 40.5945 40.7424 43.1762 43.24 43.2879 43.3234 44.7058 
41.8719 41.8788 41.787 41.7871 41.7845 41.584 41.4148 41.5256 41.5481 40.9314 40.6363 41.7437 42.027 42.0609 40.9826 39.4173 37.3512 35.9875 34.1767 29.8412 28.5876 26.1787 24.2892 22.3566 20.4252 17.5439 15.7182 12.95 9.5921 5.5426 4.7348 6.7627 10.4763 12.911 14.9235 15.9974 16.1774 18.4464 23.4037 24.8914 32.2128 32.6925 36.8708 40.3183 40.4957 40.6343 40.739 43.2002 43.2474 43.2843 43.3128 
41.8688 41.7734 41.7729 42.511 42.5201 42.3938 42.3985 42.6152 42.0401 42.0619 43.0104 43.1441 43.4754 44.1956 44.333 40.9749 38.7375 36.5251 35.19 32.7275 29.415 27.8158 25.3311 23.4872 22.2987 19.6207 16.6773 15.2808 13.1081 6.8329 5.6205 6.3223 8.7774 10.9784 13.5062 15.0053 15.9563 16.0771 18.4988 23.6419 27.744 32.4487 36.7327 40.2814 40.4328 40.5579 40.6578 40.7356 43.2172 43.2535 43.2828 
41.7633 42.5278 42.537 42.55 42.4258 42.6299 42.6959 43.1498 43.1099 43.0592 43.7434 43.8526 44.0284 44.2898 44.6343 43.6314 40.2306 38.2403 35.8437 33.9911 31.4091 28.9296 27.1723 24.2133 23.0795 21.8316 18.3014 16.9309 13.7773 9.744 7.4425 6.6182 6.8767 8.8725 13.4031 14.8762 15.0389 15.9488 16.0316 21.461 23.4652 32.2846 32.5627 36.8684 40.3945 40.505 40.5973 40.6725 40.7325 43.2298 43.2586 
42.5439 42.5547 43.3714 43.3957 43.4293 43.109 43.1936 43.1186 43.6408 43.6901 43.7566 43.8468 43.9637 44.2474 44.2082 43.8511 42.1723 39.3088 37.807 35.3213 32.8593 30.8161 28.2839 26.3328 23.2549 22.6702 20.1557 17.5991 15.4867 10.0873 9.3948 7.5992 6.9487 6.9861 10.9845 13.5653 14.9624 15.8623 15.9498 17.0671 21.6226 27.5965 32.4155 32.6153 40.3727 40.4694 40.5531 40.6236 40.6821 40.7298 43.2395 
43.377 43.3947 43.4178 43.5743 43.6237 43.5603 43.583 43.6109 43.6457 43.6891 44.3306 44.3323 44.3197 44.2713 43.777 43.2944 43.9472 41.8174 38.8202 36.3859 34.3622 31.6677 30.0183 28.7757 25.1681 23.0765 21.1563 19.5356 16.0891 13.6947 9.7124 7.9108 7.0003 7.0683 7.0015 11.0847 13.6361 15.0062 15.8919 15.953 18.9635 23.3075 30.9085 32.488 36.8685 40.4462 40.5212 40.5864 40.6419 40.6886 40.7274 
43.4103 43.5562 43.5904 43.6792 43.546 43.564 44.2865 44.2896 44.2918 44.292 44.2876 44.2743 44.2436 43.7515 43.239 42.8671 42.7043 41.6591 40.393 38.2603 35.9007 33.658 31.039 28.7845 27.7166 25.5322 22.9734 20.8746 19.3531 13.9955 11.111 9.6401 7.8704 7.0753 6.8885 9.244 13.5977 13.6709 15.0317 15.9117 15.9567 19.9254 25.6292 31.012 32.5273 40.4318 40.4987 40.5582 40.6103 40.6551 40.6932 
43.5694 44.3546 44.7584 44.7584 44.7583 44.4147 44.4157 44.4161 44.4153 44.6153 44.6095 44.5991 44.2193 44.1904 43.6785 43.1566 41.9728 40.7612 40.204 39.3342 37.4829 34.4265 32.0556 30.4617 29.3552 26.2852 24.8551 22.0864 19.5566 17.3548 13.6811 10.969 7.9879 7.0892 7.1112 7.9792 9.2958 13.6383 15.0081 15.8824 15.9257 18.9079 19.9946 30.0739 31.0754 36.8694 40.4832 40.5373 40.5855 40.6279 40.6648 
44.7579 44.7579 44.7578 44.7578 44.7576 44.7574 44.7571 44.7566 44.7559 44.7549 44.6356 44.6414 44.6499 44.6623 44.3937 44.4086 43.8666 41.2206 39.5683 38.9357 37.6805 36.2707 33.7192 31.2326 30.9013 29.3452 25.2858 24.7084 22.0321 19.4299 13.8085 11.1591 10.9193 9.1374 7.1139 7.129 8.054 9.3204 13.6623 15.0292 15.9028 15.9361 18.9966 20.0377 30.1703 31.114 36.9121 40.522 40.5664 40.6061 40.6413 
44.7575 44.7575 44.7574 44.7572 44.757 44.8488 44.8483 44.7902 44.7979 44.656 44.6664 44.6808 44.7007 44.5219 44.6198 44.6737 44.5213 43.7494 41.1896 38.7221 37.6798 37.2479 34.9146 32.3311 31.8629 29.6132 27.7983 24.9882 24.6523 22.0142 17.3838 13.6625 11.0644 10.9043 7.1182 7.1277 7.9705 8.0961 11.6865 13.6773 15.0439 15.9176 18.8871 19.057 28.8703 30.9796 31.1368 40.511 40.5517 40.5887 40.622 
44.8504 44.8502 44.85 44.8497 44.8494 44.7924 44.7936 44.8014 44.6655 44.6764 44.6907 44.7095 44.5216 44.612 44.6723 44.7357 44.8031 44.4894 43.498 41.0135 37.6333 37.3656 35.0581 32.8592 32.2138 31.9899 29.5366 25.1326 24.8446 24.6308 22.0096 13.7317 11.1631 11.0168 9.1867 7.1283 7.1354 8.0235 8.1197 11.7054 15.0328 15.0545 15.9289 18.9591 22.9769 28.963 31.0195 34.8311 40.5407 40.575 40.6063 
44.8506 44.8504 44.8502 44.8499 44.7945 44.7958 44.8035 44.6693 44.6793 44.6919 44.7079 44.7277 44.5612 44.5833 44.6815 44.7006 44.8728 44.6067 43.8557 42.5253 40.9931 38.785 36.2287 33.7541 32.6735 32.2037 30.6345 27.3343 24.9607 24.7691 24.623 19.9874 13.6495 11.0987 10.9923 9.1945 7.1345 7.1398 8.0569 10.5836 13.6724 15.045 15.9172 18.8817 19.0112 23.0663 27.7057 31.0464 40.5325 40.5642 40.5935 
44.8507 44.8506 44.7947 44.7958 44.7971 44.6629 44.6701 44.6788 44.6896 44.7027 44.7187 44.5067 44.4881 44.5648 44.5062 44.5427 44.5712 44.3835 43.8751 42.9018 42.1804 39.1726 36.295 33.8555 33.5546 32.3424 32.2175 30.5961 27.1889 24.8613 24.7264 23.6487 15.4049 11.158 11.0603 10.1131 7.1343 7.1382 8.0081 8.0782 10.604 13.6807 15.0542 15.9277 18.9405 22.9265 27.5302 27.7537 34.7578 40.5559 40.5833 
44.8509 44.7955 44.7966 44.7978 44.663 44.6693 44.6769 44.6859 44.6967 44.7095 44.3552 44.4073 44.4645 44.5234 44.2778 44.3357 44.3111 44.1108 43.7751 43.0166 42.4822 41.3655 39.0935 33.9023 33.6662 32.7053 32.3173 30.7335 30.5779 27.1015 24.8002 24.7008 22.6016 13.6406 11.1121 11.037 10.1077 7.1373 7.1403 8.0347 8.0916 10.6173 13.6866 15.0614 18.658 18.9849 23.0049 27.5968 30.9855 34.7907 40.5751 
44.7961 44.7971 44.7983 44.6622 44.6678 44.6743 44.6819 44.6908 44.7012 44.3022 44.342 44.3851 44.4297 44.0617 44.1212 44.1408 44.0961 43.9048 43.6579 43.0229 42.6252 42.2688 40.0465 37.1025 33.7336 33.5704 32.387 32.3099 30.6875 27.1914 27.0476 24.7606 23.7207 22.559 11.1513 11.0819 10.1523 7.1368 7.1392 7.9999 8.053 8.1 10.6258 15.0557 15.0672 18.7065 22.8985 27.4621 27.6466 34.7091 34.8155 
44.7974 44.6568 44.661 44.6659 44.6715 44.678 44.6854 44.6939 44.2582 44.2894 44.3227 44.3571 44.3906 43.9439 43.9757 43.9732 43.8664 43.7393 43.5503 42.9879 42.6857 42.4013 42.1581 39.9539 36.9977 33.6378 33.5215 32.3653 30.7696 30.6595 27.1258 24.805 24.734 22.6675 17.5662 11.1173 11.0616 10.1434 7.1383 7.1403 8.0213 8.0657 10.5868 10.6312 15.0621 18.6619 18.9697 22.9668 27.5243 27.6842 34.7414 
44.6558 44.6596 44.6639 44.6687 44.6743 44.6805 44.6876 44.2217 44.2465 44.2728 44.2999 44.3267 43.8006 43.8339 43.8476 43.8332 43.7139 43.6065 43.4575 42.939 42.704 42.4756 42.2707 40.114 37.1499 34.9965 33.5825 33.4969 32.3545 30.7287 30.6422 27.0814 24.772 24.7155 22.6247 15.8108 11.0932 10.175 10.1378 7.1393 7.1409 8.0369 8.0743 10.5966 12.6138 15.0672 18.7025 22.8834 27.4183 27.5728 27.7124 
44.6581 44.6619 44.6661 44.6709 44.6762 44.6821 44.6887 44.2111 44.2324 44.2542 44.2759 43.6847 43.7158 43.7351 43.7372 43.6492 43.59 43.4989 43.3786 42.8875 42.7006 42.5151 42.343 42.1918 40.0323 35.1525 34.9271 33.5503 32.3891 30.7822 30.7011 27.1341 27.0507 24.7482 22.7 18.9219 11.1188 11.076 10.1654 10.1344 7.1398 9.5356 8.0483 10.6579 10.6035 12.6173 18.6672 18.735 22.9429 27.4753 27.6108 
44.6599 44.6636 44.6678 44.6724 44.6774 44.683 44.1815 44.199 44.2169 44.2347 44.2518 43.6178 43.6382 43.6477 43.6427 43.5429 43.4885 43.4106 43.3115 42.8379 42.6862 42.5336 42.3885 42.257 40.1279 38.4076 35.0605 34.8843 33.5317 32.3789 30.748 30.6821 27.0978 27.0292 24.7306 22.6608 18.8707 11.0994 10.1888 10.1587 7.139 7.1401 8.026 8.0565 10.6687 10.6084 15.068 18.7015 18.7613 22.991 27.5209 