normal_rasters/0772100000296760.ascii
ncols 55 
nrows 50 
xllcorner 158252.718994
yllcorner 383875.832001
cellsize 0.25
nodata_value -9999 
[rows 0 to 36 of 50, columns 0 to 54 of 55]
26.7635 26.7589 26.7539 26.7484 23.4552 23.4079 17.8218 14.5932 10.2153 10.2254 11.1177 11.132 11.1481 11.1661 11.1862 11.2081 21.455 23.6476 23.7144 27.8209 27.8822 32.528 37.0211 40.208 40.9568 42.8633 45.2475 45.7538 45.7509 45.747 45.7423 45.7366 45.7302 45.7233 45.7166 45.4401 45.3386 45.3301 45.3226 45.2891 45.2863 45.2844 45.2831 45.2824 45.2822 45.213 45.2066 45.2829 45.2865 45.2896 45.2923 45.3583 45.6236 45.6267 45.6293
26.7677 26.763 26.7578 26.752 26.7457 23.442 17.893 17.7796 14.55 10.2128 10.2244 11.1182 11.135 11.154 11.1754 11.1992 15.422 21.486 23.6697 23.7504 27.8354 32.4027 36.8873 40.1228 40.2236 42.1634 45.2416 45.2566 45.7545 45.7504 45.745 45.7383 45.7303 45.7217 45.713 45.4387 45.3366 45.3262 45.2894 45.2853 45.2824 45.2805 45.2795 45.2792 45.2105 45.2046 45.2808 45.2852 45.2888 45.292 45.3585 45.6238 45.6273 45.6302 45.8758
30.9992 26.7675 26.7622 26.7562 26.7496 26.7423 23.4247 17.8572 14.6144 10.1985 10.21 11.1023 11.1195 11.1394 11.1621 11.1878 11.2163 15.4394 23.6142 23.7004 23.7994 27.8563 32.4043 36.2487 40.1193 40.2509 42.2264 45.2499 45.2699 45.755 45.749 45.741 45.7311 45.7198 45.7084 45.4365 45.3336 45.3208 45.2849 45.2803 45.2774 45.2758 45.2753 45.2073 45.2021 45.2783 45.2836 45.2881 45.2918 45.6196 45.6243 45.6282 45.6315 45.8776 46.0049
31.0232 26.7726 26.7672 26.761 26.7541 26.7465 23.4673 23.4017 17.8102 14.5647 10.1936 10.2071 11.1012 11.1218 11.1458 11.1734 11.2046 11.2392 19.0978 23.6367 23.7439 27.7878 27.8871 31.7392 36.2552 40.121 40.2987 45.2393 45.2624 45.2901 45.7549 45.7456 45.7331 45.7179 45.702 45.4331 45.3289 45.2863 45.2786 45.2736 45.271 45.2701 45.1967 45.1989 45.275 45.2817 45.2873 45.2918 45.6197 45.6252 45.6297 45.8756 45.8801 46.4133 46.4146
31.0512 31.0024 26.7728 26.7665 26.7594 26.7514 26.7425 23.4485 17.9098 17.7483 14.4998 10.188 10.2039 11.1007 11.1258 11.1553 11.1893 11.2277 15.4198 21.4588 23.6706 23.8064 27.8047 29.0343 31.777 36.274 40.1338 40.3845 45.2491 45.2825 45.7636 45.7533 45.7374 45.7162 45.6929 45.4276 45.3212 45.2785 45.2694 45.2645 45.2628 45.2632 45.1946 45.2708 45.2795 45.2865 45.3834 45.6204 45.6268 45.6318 45.8786 46.2884 46.4134 46.4149 46.4162
31.0838 31.0325 26.7793 26.7729 26.7655 26.7572 26.7478 26.7373 23.4226 17.8584 14.591 9.2612 10.1814 11.0753 11.1012 11.1323 11.1691 11.2118 13.7736 17.4871 23.5742 23.7222 26.2319 27.833 29.068 36.0078 39.8986 40.1713 43.4786 45.266 45.3176 45.7659 45.7465 45.7161 45.6792 45.3441 45.2839 45.2659 45.2558 45.2522 45.2527 45.1884 45.265 45.2769 45.286 45.6118 45.6218 45.6294 45.6351 46.0056 46.2886 46.4136 46.4153 46.4168 46.4179
31.1217 31.0681 31.009 26.7801 26.7726 26.764 26.7541 26.7429 23.4833 23.3868 17.7875 14.5134 9.2525 10.1736 11.0709 11.1033 11.1428 11.1899 11.2446 13.7806 17.5341 23.6068 23.8024 26.2576 28.9669 29.1265 35.96 39.8423 40.2658 43.5598 45.2986 45.3847 45.7655 45.7216 45.6567 45.3359 45.2682 45.2443 45.2352 45.2358 45.1789 45.2568 45.2738 45.3737 45.6125 45.6249 45.6337 46.0036 46.2867 46.4114 46.4139 46.4159 46.4176 46.4381 46.4394
31.1658 31.11 31.0477 30.979 26.7809 26.772 26.7616 26.7498 26.7363 23.4545 17.9359 16.4519 11.476 9.9827 10.1644 11.0667 11.1084 11.1599 11.2218 13.7769 15.4188 19.8945 23.6637 26.1913 26.3011 28.9954 29.2329 34.3049 39.7846 40.4984 43.7382 45.3742 45.8039 45.7452 45.6207 45.3072 45.2351 45.2049 45.2043 45.1622 45.2441 45.2703 45.3734 45.6154 45.6307 45.6408 46.0051 46.2869 46.4114 46.4145 46.4169 46.4187 46.4396 46.4409 46.442
31.2171 31.1593 31.0941 31.0211 26.7904 26.7814 26.7707 26.7582 26.7437 26.7272 21.7585 16.5906 14.3888 9.2349 9.9683 10.1532 11.0634 11.1187 11.1882 11.2718 13.788 17.496 23.4652 23.7632 26.211 26.3804 29.0604 30.4521 34.4156 39.7677 43.368 45.2911 45.5889 45.814 45.642 45.2009 45.1565 45.1264 45.1257 45.2223 45.2676 45.5916 45.6233 45.6419 46.0005 46.0076 46.2873 46.4117 46.4154 46.4182 46.4396 46.4416 46.443 46.7455 46.7485
31.2766 31.2175 31.1496 31.0725 30.9861 26.7925 26.7816 26.7685 26.7531 26.7351 25.5419 21.7197 16.5187 13.2975 9.2183 9.9498 11.0049 11.0623 11.1389 11.2362 13.7823 13.8066 17.6144 23.5101 26.068 26.2526 27.7387 30.2495 31.8926 37.1974 38.5125 43.4748 45.5469 45.8897 45.7122 45.3164 44.7902 45.0067 45.2482 45.4622 45.6004 45.6429 45.6637 46.0028 46.282 46.2882 46.4123 46.417 46.4395 46.4423 46.4444 46.4458 46.7461 46.7495 46.7524
33.2598 31.286 31.2161 31.1352 31.043 30.9395 26.7946 26.7811 26.7649 26.7454 26.7228 25.5159 21.6594 16.4086 11.3942 9.1955 9.9252 10.9854 11.0668 11.1784 13.7721 13.8027 15.8216 21.5022 23.6141 26.0223 26.3495 27.9122 30.2906 32.1742 35.9737 40.4388 42.8297 45.9805 45.9835 45.6693 45.2545 45.2317 45.4874 45.6381 45.9763 46.0131 46.0081 46.2817 46.4049 46.4139 46.4386 46.4433 46.4464 46.4484 46.4496 46.7469 46.751 46.7543 46.7569
33.3376 33.2734 31.2955 31.2117 31.1141 31.0023 26.81 26.7966 26.7797 26.7589 26.7339 25.5446 21.7675 16.65 13.3435 7.4626 9.1624 9.8911 10.9615 11.0849 11.2586 13.7927 13.8434 18.5669 21.6295 24.4167 25.9325 27.5847 28.46 30.4385 34.1149 36.7546 39.9489 43.637 45.8408 45.887 45.8076 45.4982 45.9632 45.9831 46.0237 46.2585 46.2824 46.4048 46.4176 46.4445 46.4497 46.4527 46.4542 46.7422 46.7484 46.7533 46.7571 46.866 47.0231
36.9979 33.3652 33.2893 31.3049 31.2028 31.083 30.9454 26.8153 26.7982 26.7763 26.749 26.7159 25.5059 21.6889 18.2843 13.1942 7.4423 9.111 9.8405 10.9337 11.1382 13.7696 13.8416 14.8788 19.714 21.9563 24.0335 25.7736 27.5335 29.6081 31.704 35.1124 38.2705 42.4538 43.6988 45.7645 46.2076 46.1237 46.0933 46.1932 46.3189 46.3806 46.4024 46.4455 46.4559 46.4607 46.4626 46.463 46.743 46.7507 46.7566 46.761 46.871 47.0633 46.9915
40.081 37.0096 33.3992 33.308 31.3134 31.1866 31.0368 30.8645 26.8214 26.799 26.7697 26.7326 25.548 24.444 18.4718 13.473 9.2774 7.4045 7.4892 8.371 10.9089 11.2933 13.8194 14.8677 17.8689 20.2367 22.8802 23.7017 26.5898 28.3686 30.9148 32.2548 36.6896 39.6346 42.1024 44.9593 46.4988 46.5479 46.352 46.1847 46.3909 46.4429 46.4704 46.4787 46.48 46.4786 46.7316 46.7446 46.7546 46.7618 46.8715 47.0627 47.0655 46.9939 46.6993
40.1655 40.0955 37.0232 33.4417 33.3301 31.3196 31.1586 30.9673 26.8501 26.8283 26.7979 26.757 26.7044 24.4812 21.7581 18.2935 13.2892 9.1248 7.3257 7.3494 8.2999 10.9345 13.7279 14.0401 16.3354 19.4926 21.7791 22.4819 23.9755 26.9398 29.8058 31.6226 33.12 37.3512 40.4208 42.4123 45.6378 46.667 46.5989 46.5525 46.5366 46.6322 46.6383 46.6397 46.6398 46.7302 46.7481 46.7612 46.8711 47.0418 47.066 47.0689 47.0033 46.9986 46.7183
42.3345 40.1962 40.1134 36.7572 33.4962 33.3566 31.3207 31.1107 30.8608 26.8659 26.836 26.7925 26.7322 26.0979 24.4286 20.4542 17.1817 12.6862 7.9404 7.1324 6.976 8.1559 11.2542 13.9334 15.5321 17.6631 20.3764 22.4198 23.4317 24.9041 28.4831 30.2698 32.5497 35.586 37.8983 40.0195 42.0642 46.7012 46.675 46.6411 46.6302 46.6494 46.6472 46.6441 46.7294 46.755 46.8671 47.0351 47.2007 47.0714 47.0741 47.0046 46.9986 46.718 46.4399
43.7886 42.3513 40.2355 40.1366 36.815 36.6731 33.3885 31.3111 31.029 30.6945 26.8871 26.8437 26.777 26.6818 24.4927 23.1864 17.559 16.8097 11.3137 6.1008 5.1181 4.7889 8.2472 12.0584 15.0637 17.2978 18.8111 21.4066 23.5575 24.9409 26.4764 29.058 32.0609 33.7032 36.5788 38.195 38.071 41.2518 46.6518 46.6344 46.6601 46.6744 46.6552 46.7298 46.7692 47.0319 47.1893 47.2079 47.0805 47.1286 47.0065 46.9985 46.7174 46.4381 46.4287
43.8059 43.7968 42.3717 42.3436 40.1676 39.313 36.7148 33.4265 31.2795 30.8873 28.3 26.9167 26.8484 26.7363 25.6266 24.3697 23.0407 17.3696 14.7887 8.8504 6.5303 2.7631 2.6546 9.7893 13.6844 16.1788 17.9263 20.9244 22.3039 24.5401 26.2821 28.2956 29.5197 33.2714 35.3406 37.2214 38.4575 39.2282 41.1349 45.8305 46.3185 46.6928 46.7348 46.9882 47.0608 47.2028 47.2222 47.2266 47.1305 47.009 46.998 46.7161 46.4348 46.4234 46.3046
44.5204 43.8179 43.8069 42.3971 42.3621 39.4747 39.3701 36.3337 33.47 31.2011 30.6383 28.2759 26.9599 26.8385 26.625 24.4943 23.117 20.3656 15.7014 13.0432 10.1501 4.8026 2.5258 4.682 10.8299 14.0485 16.4979 19.5197 21.3181 22.7138 24.8661 27.4193 29.0156 31.7331 33.4718 35.8174 38.286 41.0182 39.7724 42.384 43.75 46.0334 47.041 47.1989 47.228 47.2325 47.2277 47.1333 47.0126 46.9966 46.7132 46.4287 46.3895 46.2962 46.1752
44.5271 44.5247 43.8331 43.8196 42.4295 42.3854 39.5929 39.4589 35.7476 34.4193 31.0224 28.3438 28.2378 27.0227 26.766 25.5417 23.3266 22.0323 20.142 15.0157 11.7457 9.8626 4.1236 3.9933 5.1355 12.111 15.5166 16.6486 20.393 21.7478 23.3228 26.9927 28.0959 30.4727 31.7882 34.5237 36.5969 38.8123 39.8106 39.5 41.5781 46.2793 47.2739 47.2508 47.2542 47.23 47.1378 47.1277 46.935 46.7071 46.4174 46.3765 46.1738 46.1724 46.1717
44.5347 44.533 44.5302 43.8528 43.8359 42.4726 42.4172 39.7813 39.6061 38.168 34.3403 28.4585 28.3686 28.1763 27.0733 25.881 24.0822 22.7532 21.0868 20.348 15.5104 11.5245 8.6089 3.8664 4.6875 7.6121 12.6698 15.6639 18.0138 20.7222 21.7731 24.6967 27.0223 29.8338 31.9381 32.3968 35.9579 37.4425 39.2873 39.5595 40.9067 46.2346 47.2813 47.2202 47.2485 47.145 47.1253 46.9274 46.6934 46.2869 46.1733 46.1698 46.1682 46.1677 46.1308
44.543 44.5425 44.5408 44.5376 43.879 43.8574 42.5338 42.4671 41.157 39.8666 38.2451 34.0632 30.2278 28.5254 27.9218 26.5734 24.9543 23.7844 21.7446 20.3705 19.7957 15.3551 11.9308 6.4082 2.9325 3.826 9.6599 13.3284 16.5624 18.2389 21.0574 22.6527 24.9287 28.2692 30.6782 31.7633 33.8493 36.1108 39.0884 39.9083 41.4164 46.0951 47.2288 47.2905 47.1479 47.1063 46.7966 46.3133 46.2788 46.1678 46.1629 46.1615 46.1259 46.1281 46.1299
44.552 44.5529 44.5529 44.5515 44.5479 43.9152 43.8871 42.6302 41.4265 41.4275 41.2075 38.2325 32.5513 29.4923 29.5553 27.396 26.8716 24.1703 23.2121 21.0134 19.9206 18.4131 13.6917 10.1958 4.2707 1.8681 6.706 10.5609 13.0632 16.7079 19.2653 22.0596 23.5426 25.8168 29.1423 31.0041 31.3277 33.37 37.8687 40.6064 42.2905 45.6821 47.0486 47.243 46.968 46.7828 46.3378 46.1823 46.1562 46.1494 46.1496 46.1206 46.1243 46.1272 46.1295
44.5614 44.5641 44.5663 44.5675 44.5667 44.5626 43.9663 43.9302 42.8154 41.9878 42.0307 41.0867 37.781 33.3601 31.2099 29.4072 27.2528 25.8209 23.7512 22.0879 20.4489 19.0734 16.9667 12.8623 9.8407 1.6824 3.2325 7.3681 11.9068 13.2191 16.9989 19.9227 22.8174 24.2529 26.0235 28.4893 30.9492 32.5208 35.4305 38.2347 42.5684 44.2569 47.0666 47.0879 46.7033 46.4075 46.216 46.1231 46.117 46.1014 46.1118 46.1188 46.1236 46.127 46.1295
44.5708 44.5755 44.5804 44.585 44.5886 44.5895 44.5847 44.5708 43.9963 43.9484 43.9374 42.6355 38.8149 36.6849 31.6181 30.5453 29.0361 26.5818 25.6572 23.5031 21.6204 19.5981 18.3768 14.8222 12.4843 7.5034 1.124 4.2946 7.19 13.0925 14.264 17.6612 21.1478 23.5496 24.9893 26.4404 28.5256 31.3569 33.6343 36.5046 39.028 43.6409 46.7906 46.9884 46.7905 46.3579 46.0314 46.0049 46.0696 46.0979 46.1118 46.1196 46.1246 46.1279 46.1303
44.5797 44.5865 44.5943 44.603 44.6122 44.621 44.6257 44.6189 44.5914 43.9442 44.1979 43.0442 40.7105 37.7496 36.0742 31.9077 30.151 28.7884 26.2964 24.8464 23.6314 20.9532 19.4489 17.7854 13.691 10.8926 7.7365 2.8 5.0056 8.3351 12.3883 15.6133 18.4887 22.4646 23.8605 24.9459 25.848 28.5501 33.3135 35.233 36.637 41.2824 45.6835 47.0948 46.9005 46.5225 46.111 46.0696 46.1152 46.1091 46.1182 46.1237 46.1273 46.1299 46.1318
44.5875 44.5962 44.6066 44.6192 44.6346 44.6531 44.6733 44.6862 44.673 44.6222 43.7612 43.1231 43.3323 39.0237 36.4501 35.4159 30.6631 29.8704 28.5374 26.038 24.5247 23.4336 20.4041 19.1628 16.7623 12.348 10.1032 6.7891 4.1206 6.609 10.1378 14.768 16.1739 17.9059 22.0479 23.3755 25.0782 26.6541 29.0165 32.7123 35.7753 38.1374 40.6502 45.8332 46.9037 46.8128 46.3686 46.2578 46.2096 46.2024 46.204 46.2072 46.2104 46.2133 46.2158
44.5937 44.6038 44.6161 44.6315 44.6513 44.6775 44.7132 44.7543 44.7556 44.8557 44.7005 43.6213 42.4751 41.651 37.9997 36.6444 35.3763 30.4794 29.2715 27.9117 26.4175 24.4637 23.2975 19.2844 17.346 16.139 11.0216 10.7416 5.5921 4.5385 7.7451 9.8401 14.3135 17.0062 18.486 22.0416 21.9618 25.4436 27.4024 29.6528 32.4053 35.6112 38.9955 41.8619 46.0533 46.7883 46.5629 46.4173 46.2579 46.235 46.2258 46.2224 46.2215 46.2217 46.2223
44.598 44.6087 44.6218 44.6381 44.6588 44.6859 44.7227 44.7767 44.7579 44.7873 44.8375 43.6326 43.4077 42.0946 40.683 36.9922 36.159 34.1802 30.1895 29.3402 27.3859 26.7345 24.4084 23.3472 18.5628 16.932 15.0268 9.8899 8.0768 4.467 5.0565 8.4631 11.0666 15.2414 17.544 18.8462 21.0038 22.3862 25.9335 28.7033 30.608 33.5019 37.0645 39.2742 42.8956 45.9455 46.6373 46.4648 46.4259 46.2563 46.2429 46.2356 46.2317 46.2297 46.2287
44.6002 44.6109 44.6236 44.6388 44.6572 44.7126 44.7244 44.6927 44.6452 44.617 44.6158 43.7169 42.9546 42.0005 41.2611 38.3539 36.2326 35.5143 32.658 29.672 28.8328 27.2944 26.041 23.3358 21.9249 17.876 16.8039 13.1872 8.1301 5.9022 4.0095 7.0162 8.5325 12.4995 17.0918 18.416 19.8012 21.7514 23.5763 25.9533 29.4258 32.0338 33.4136 35.874 39.2407 45.5589 45.8076 46.6186 46.4502 46.4284 46.415 46.2459 46.2403 46.2368 46.2346
44.6005 44.6104 44.6219 44.6858 44.7009 44.7052 44.6384 44.6417 44.6267 44.521 44.3546 43.5425 42.2207 41.5329 40.3865 40.4239 38.1184 35.1668 34.5056 32.0588 29.7543 28.0321 27.2099 25.4442 22.275 20.0894 16.957 16.0121 11.9877 6.9261 4.5305 3.4808 7.2548 10.3689 14.5243 16.318 18.6583 20.0081 22.2906 24.8752 25.7899 29.67 32.2672 33.882 35.9229 40.7206 45.6022 46.6328 46.615 46.4431 46.4294 46.4203 46.247 46.2427 46.2398
44.5991 44.6803 44.6837 44.6869 44.6894 44.5971 44.6049 44.6042 44.4652 44.399 44.2479 43.4692 42.3421 41.4336 40.5819 39.671 40.0772 37.5016 34.9057 33.5873 31.5379 29.6023 28.2316 26.9109 24.4262 22.1264 19.1895 16.3784 15.0802 11.1756 5.1719 2.7285 4.4092 8.475 11.7519 15.3456 17.0975 18.9108 20.4235 23.5416 25.8982 29.1101 29.976 31.6136 33.9614 37.5134 43.9152 45.5949 46.6247 46.6143 46.4393 46.43 46.4235 46.4189 46.2441
44.6721 44.6743 44.6763 44.5568 44.5659 44.5727 44.5751 44.4063 44.3726 44.301 44.1773 43.2806 41.5276 40.923 40.1895 39.9543 39.8888 39.2208 37.1579 34.2462 32.7257 30.704 28.8512 27.2224 25.9652 23.9811 21.251 16.7363 16.1285 13.6113 8.6137 5.2208 2.2627 5.2375 10.2705 13.2746 15.9696 17.7477 19.0831 21.6134 25.3886 29.1766 29.6726 29.9744 31.5303 34.2213 38.947 43.9805 44.2558 46.6212 46.6145 46.4371 46.4304 46.4255 46.4219
44.6669 44.6682 44.5354 44.5421 44.5475 44.5503 44.3554 44.3367 44.2976 44.2308 43.9178 42.2012 41.0335 40.186 39.8758 39.8125 39.6657 39.214 38.9728 36.4645 33.4441 31.9934 29.2942 28.5486 26.2597 25.0628 24.2326 19.5659 17.4294 15.9533 10.6857 6.2452 4.6192 5.147 7.3145 10.7058 13.3833 16.2895 16.8084 18.699 23.1152 27.1607 29.5867 29.8125 31.3164 31.4884 35.5218 39.0305 44.0044 44.1933 46.6195 46.6148 46.4357 46.4307 46.4269
44.6618 44.5185 44.5236 44.5278 44.3162 44.3138 44.3028 44.2796 44.2403 43.9812 43.0188 41.7893 39.8634 39.8419 40.4893 39.7235 40.4129 39.8249 39.5159 38.0585 35.207 33.3377 30.8652 28.427 27.602 25.8016 24.6894 19.8211 17.3967 15.6026 15.1197 10.0632 5.0266 2.3405 6.0624 8.3613 11.7061 13.5489 16.0814 17.9723 20.8625 24.3706 27.4006 29.7364 29.8574 31.3535 31.464 38.8192 41.0615 44.0113 44.1482 46.6187 46.4396 46.4348 46.4309
44.505 44.509 44.5123 44.2816 44.2803 44.2734 44.2587 44.234 44.0001 43.8989 41.9357 41.899 40.9482 40.7619 40.8935 41.6457 41.8244 41.9756 40.917 38.7922 38.0822 34.1153 33.2133 31.5708 29.1067 26.8905 25.1795 20.443 19.9621 18.3817 15.1373 14.0506 6.1554 3.6826 4.6956 7.4895 9.8052 12.0898 13.4843 14.8031 18.1717 21.0481 25.0902 29.7029 29.8006 31.2663 31.3716 31.4483 38.9648 43.871 44.0109 44.1145 46.6183 46.4379 46.4342
44.4972 44.4998 44.2539 44.2531 44.2485 44.2387 44.2224 43.9999 43.931 43.9157 42.0732 41.0469 41.0676 42.6456 42.7437 42.9254 43.2244 44.0056 43.9803 40.5498 38.3885 35.8783 33.2955 32.5072 31.7476 29.4979 24.9406 23.3558 21.4093 19.8506 17.2735 14.6221 10.666 5.6763 5.0115 5.9821 7.6377 9.9942 12.2683 14.3659 16.3104 20.6159 21.1178 25.2074 29.7682 29.8317 31.3071 31.3812 35.5149 39.0815 43.9017 44.0075 44.0886 46.6181 46.4367
