normal_rasters/0772100001000771.ascii
ncols 76 
nrows 73 
xllcorner 158387.149994
yllcorner 383913.968994
cellsize 0.25
nodata_value -9999 
[rows 0 to 30 of 73, columns 0 to 69 of 76]
6.1255 7.7254 9.5037 9.5194 10.9469 12.9041 12.9223 14.9745 14.9915 15.0114 16.4314 16.4397 23.2622 23.4189 24.3262 24.5326 24.7742 27.9483 27.9887 28.0286 28.0646 28.0918 28.1047 28.0986 28.0715 28.0254 28.2217 28.1361 28.0553 27.9837 27.9232 27.8739 27.8347 27.8041 27.7804 27.7625 27.7489 27.6854 27.2664 24.208 23.779 25.4713 26.5566 24.4135 24.3851 20.608 17.6427 17.577 17.5186 17.4668 13.571 13.5528 13.5365 13.5219 13.5089 12.2588 10.0555 10.0082 9.9652 9.805 4.205 4.1835 1.8046 1.7141 1.7073 0.9293 0.9291 0.9289 0.9288 0.9286
6.112 6.127 7.7264 9.502 9.5201 10.9479 12.9021 12.9234 14.9745 14.995 15.019 16.433 16.4432 23.248 23.4429 24.394 24.6592 26.54 28.0197 28.0732 28.1247 28.1671 28.1914 28.1887 28.1544 28.0915 28.2525 28.1418 28.0415 27.9569 27.8891 27.8368 27.7973 27.768 27.7467 27.7313 27.3303 24.2067 24.2068 23.7787 25.4719 26.5585 24.4315 24.3982 20.6357 17.662 17.5866 17.5199 17.4612 13.5758 13.5552 13.5369 13.5206 13.5061 12.2569 10.055 10.0031 9.9563 4.3007 4.2039 4.1805 1.8046 1.7137 1.7064 0.9294 0.9291 0.9289 0.9288 0.9286 0.9284
3.8129 6.1116 6.1289 8.5526 8.5606 9.521 11.5062 12.8996 14.9541 14.9747 14.9996 15.0292 16.4353 16.4482 23.2291 24.2062 24.4919 24.8427 27.0356 28.1186 28.1925 28.2595 28.3046 28.3103 28.2658 28.1756 28.2831 28.1366 28.0115 27.9131 27.8397 27.7869 27.7499 27.7244 27.7071 27.2375 24.2052 24.1296 23.7784 25.473 26.5611 24.4547 24.4151 20.6712 17.6863 17.5988 17.522 17.455 13.5814 13.5579 13.5372 13.5188 13.5027 12.5291 10.3697 9.9968 9.9456 4.3006 4.2024 4.177 1.8045 1.7133 1.7053 0.9294 0.9292 0.929 0.9288 0.9286 0.9284 0.9282
3.8099 3.814 6.1112 6.1314 8.5515 8.561 9.5222 11.5034 12.8963 14.95 14.9751 15.006 16.425 16.4389 16.4556 21.5187 24.2536 24.6389 25.4431 28.1594 28.2646 28.3715 28.4557 28.4821 28.4231 28.2847 28.3071 28.1088 27.9542 27.8442 27.7701 27.7218 27.6913 27.2905 24.3151 24.2034 24.1293 23.778 25.5685 26.5646 24.485 21.4292 20.7173 17.7173 17.6148 17.5254 17.4481 13.5881 13.5611 13.5373 13.5166 13.4985 12.5237 10.3651 9.9889 9.9328 4.3002 4.2005 4.1727 1.8043 1.7127 1.704 0.9295 0.9292 0.929 0.9288 0.9286 0.9284 0.9282 0.861
3.6226 3.8105 3.8153 6.1109 6.1346 8.5503 8.5616 9.524 11.4997 12.892 14.9446 14.9759 15.0152 16.4262 16.4446 16.4671 21.4852 24.3285 24.8703 27.1903 28.3305 28.5003 28.6612 28.7406 28.661 28.6429 28.306 28.0347 27.8519 27.7402 27.6755 27.6398 27.2351 24.3118 24.2011 24.1292 23.8597 25.5706 26.5694 26.7778 21.4719 21.382 17.7575 17.6357 17.5306 17.4405 13.5961 13.5647 13.5374 13.5137 13.4933 12.5168 10.3589 9.979 9.9173 4.2994 4.1981 4.1676 1.804 1.7956 1.7025 0.9296 0.9293 0.929 0.9288 0.9285 0.9283 0.9282 0.8611 0.8603
3.6161 3.623 3.8112 4.8932 6.1106 7.443 8.5488 8.5625 9.5264 11.4946 12.8861 14.9372 14.9774 15.0291 16.4287 16.454 16.4854 18.3384 24.4535 26.2383 28.3642 28.6239 28.9349 29.1612 29.0596 28.7804 28.2268 27.868 27.6802 27.5916 27.554 24.3038 24.1976 24.1981 24.1295 23.86 25.5739 25.6281 26.8273 21.5279 21.4179 17.8104 17.6638 17.5384 17.4321 13.606 13.569 13.5371 13.5099 13.4867 12.5079 10.3506 9.9666 9.8983 4.2981 4.1949 4.1613 1.8036 1.7944 1.7007 0.9296 0.9293 0.929 0.9288 0.9285 0.9283 0.9281 0.8612 0.8603 0.8595
3.0884 3.6153 3.6235 3.8121 4.892 6.1105 7.4442 8.5469 8.5639 9.5299 10.6453 12.8778 14.9268 14.98 15.0507 16.4338 16.4705 18.2101 18.3491 25.7713 27.305 28.6649 29.2377 29.9083 29.8433 28.8666 27.9189 27.5339 27.4182 27.0374 24.2959 24.1934 24.1227 24.1306 23.8607 25.5792 25.6468 26.8344 21.6029 21.4659 17.8814 17.702 17.55 17.4228 13.6183 13.574 13.5365 13.5048 13.4782 12.4964 10.3395 9.9508 9.8749 4.296 4.263 1.9071 1.803 1.7928 1.6985 0.9298 0.9294 0.9291 0.9288 0.9285 0.9283 0.928 0.8613 0.8603 0.8594 0.7482
3.0865 3.0885 3.6144 3.6241 3.8131 4.8905 6.1105 7.4462 8.5446 8.5661 9.5351 10.6482 12.8655 14.9113 14.9849 15.0868 16.4444 16.5011 18.1555 18.3851 25.9321 27.7087 29.2282 31.139 31.8082 28.3182 27.0343 26.9834 26.7208 24.2846 24.1883 24.1236 24.1336 23.8622 25.6736 25.7521 26.8428 24.8061 21.5317 21.3837 17.7551 17.5677 17.4129 13.6339 13.5802 13.5353 13.498 12.7201 12.4813 10.3247 9.9306 4.3353 4.293 4.2561 1.907 1.8021 1.7909 1.0235 0.9299 0.9295 0.9291 0.9288 0.9285 0.9282 0.928 0.8614 0.8604 0.8594 0.7483 0.7472
4.2411 3.0863 3.0886 3.0914 3.6248 3.8145 4.8886 6.111 7.4494 8.5415 8.5697 10.1713 10.6525 12.8461 14.8864 14.9945 16.3993 16.468 16.5629 18.0695 18.5 26.6198 27.9762 29.433 30.362 24.723 25.6186 24.2314 24.2704 24.1831 24.1282 24.1403 23.9671 25.6602 25.7696 26.8531 24.9108 21.6251 21.4332 17.8308 17.5946 13.7344 13.6545 13.5879 13.5331 13.4886 12.706 12.4614 10.3046 9.9046 4.7221 4.2886 4.2473 1.9067 1.8009 1.7884 1.0235 0.93 0.9296 0.9292 0.9288 0.9285 0.9282 0.9279 0.8616 0.8604 0.8593 0.7484 0.7473 0.7462
4.3943 4.3767 3.086 3.0888 3.0922 3.8058 3.8163 4.8862 6.1121 7.4548 8.5374 8.5759 10.1649 10.6595 12.0344 14.8426 15.0148 15.6632 16.5268 16.6959 17.9489 18.852 25.5366 23.7196 24.6427 24.6634 24.3867 24.1875 24.0054 24.1806 23.9986 23.9642 25.6331 25.795 26.8667 24.1383 21.7632 21.5059 17.942 17.6368 13.7857 13.6822 13.5976 13.5295 13.4755 12.6862 10.8321 10.2774 10.1838 4.7196 4.2824 4.2358 1.906 1.7993 1.7853 1.0236 0.9302 0.9297 0.9293 0.9288 0.9285 0.9281 0.9278 0.8618 0.8605 0.8593 0.8582 0.7473 0.7462 0.7451
6.8237 4.3944 4.3729 3.0855 3.089 3.0933 3.8053 3.8188 4.883 4.9286 7.2101 8.5317 8.5869 10.5855 10.6712 11.5734 13.5819 15.5235 15.7536 16.6826 16.9296 17.8873 19.4131 24.529 24.9333 24.8253 24.3268 24.1506 24.1715 24.1918 23.9087 25.5712 25.8318 26.8876 24.3213 21.9773 21.6183 18.1105 17.7047 13.8599 13.7213 13.6103 13.5235 13.4567 12.6577 10.8038 10.2399 4.7684 4.7151 4.2737 4.2208 1.905 1.7971 1.7814 1.0237 1.0229 0.9299 0.9294 0.9289 0.9285 0.9281 0.9278 0.862 0.8606 0.8592 0.858 0.7474 0.7461 0.745 0.6713
8.2999 6.8198 4.3943 4.3675 3.0849 3.0892 3.0948 3.8044 3.8222 4.8787 6.2205 7.225 8.5236 8.6085 9.6943 11.335 11.698 13.0041 15.3848 16.0437 17.262 17.4705 17.1317 21.3053 24.7341 24.2881 24.176 24.1136 24.2013 23.9252 25.405 25.8754 26.9301 24.6251 22.3287 21.8028 18.3754 17.8181 13.9731 13.7791 13.6278 13.5133 13.4287 12.616 10.7619 10.1875 4.7702 4.7078 4.2613 1.9231 1.9034 1.8869 1.7764 1.0238 1.0228 0.9301 0.9295 0.9289 0.9285 0.928 0.9276 0.8622 0.8606 0.8592 0.8579 0.7475 0.7461 0.7448 0.6713 0.6705
8.342 8.2981 6.8142 4.3939 4.3594 3.0838 3.0895 3.0971 3.8026 3.8273 4.8726 6.226 7.3059 8.3845 9.6343 9.8241 11.2578 11.9607 12.7631 13.6786 16.0882 16.7851 16.8323 17.4249 20.9775 24.178 24.0921 24.2977 24.0943 24.8841 25.8158 26.2816 27.2365 24.3839 22.126 19.5191 18.0163 14.1575 13.8702 13.6529 13.4956 12.6803 12.5531 10.6988 10.113 4.7701 4.6961 4.2437 1.9238 1.9008 1.8819 1.7698 1.024 1.0229 0.9303 0.9296 0.929 0.9284 0.928 0.9275 0.8625 0.8608 0.8591 0.8577 0.7476 0.746 0.7446 0.6712 0.6704 0.6697
9.9534 8.35 8.2956 5.4276 4.3928 4.3471 3.0822 3.0898 3.1006 3.7992 3.8355 4.8635 6.0582 7.3168 8.4125 9.3196 9.878 10.9677 11.6781 12.4865 14.1462 15.3307 16.1459 16.8045 17.8214 22.055 24.1103 24.2719 23.8717 24.3561 26.8458 27.8281 25.1324 22.7274 19.8715 19.539 14.4846 14.0262 13.6919 13.4635 12.6118 12.4548 10.6017 5.335 4.7663 4.6776 4.2184 1.924 1.8968 1.8751 1.147 1.0242 1.0229 0.9306 0.9298 0.9291 0.9284 0.9279 0.9274 0.8629 0.8609 0.8591 0.8574 0.7477 0.746 0.7444 0.6712 0.6703 0.6694 0.6591
9.9593 9.9518 8.361 8.292 5.4293 4.3905 4.3271 3.0793 3.0901 3.1066 3.7921 3.8493 4.041 6.0603 7.3323 8.5357 9.4629 10.2577 10.9815 12.3662 12.774 13.6108 14.5195 16.1304 16.662 18.7003 22.8203 24.7206 24.0871 26.5428 30.734 27.2427 24.8867 20.4979 19.4399 15.1333 14.3234 13.7586 13.4013 12.4881 12.2936 10.4475 5.3343 4.7559 4.6483 2.2981 2.2637 1.8908 1.8655 1.1467 1.0245 1.0229 0.9311 0.9301 0.9292 0.9284 0.9278 0.9272 0.8633 0.8611 0.859 0.8572 0.7478 0.7459 0.7442 0.6711 0.6701 0.6692 0.6588 0.6588
9.9667 9.9593 9.9495 8.3765 8.2864 5.4308 4.3407 4.2926 3.0741 3.0904 3.1183 3.7754 3.9782 4.1264 6.2935 7.4541 8.7196 9.5426 10.3436 11.5584 12.6567 12.8205 13.9048 15.0265 15.896 16.0872 20.5805 25.1882 25.5674 28.4835 30.4853 24.8075 22.175 20.3937 17.0339 14.966 13.8879 13.2696 12.2489 10.5527 5.8447 5.3234 5.0353 4.6014 2.2998 2.257 1.8816 1.8521 1.1463 1.0249 1.023 0.9316 0.9304 0.9294 0.9285 0.9277 0.927 0.9265 0.8613 0.8589 0.8569 0.748 0.7458 0.7439 0.671 0.6699 0.6689 0.6586 0.6585 0.6585
9.9757 9.9688 9.9593 9.9463 9.702 8.1381 6.1329 4.3338 4.1825 3.063 3.0902 3.2952 3.7314 3.9576 4.777 5.6389 7.5959 8.5267 9.5793 10.6518 12.0064 13.2036 13.9113 15.1621 15.5609 16.0198 16.2548 23.3424 25.145 24.0704 23.5441 20.3494 21.0186 21.6866 16.908 14.146 12.8247 11.7461 7.5047 5.8184 5.7043 4.9711 2.7275 2.2996 2.2456 1.8673 1.8328 1.1459 1.0255 1.0231 0.9323 0.9309 0.9296 0.9285 0.9276 0.9268 0.9262 0.8615 0.8589 0.8565 0.7481 0.7457 0.7435 0.6709 0.6697 0.6686 0.6583 0.6582 0.6582 0.6517
10.5083 9.9808 9.9722 9.9595 9.9412 9.6939 7.6232 5.1644 4.3153 4.0567 3.0353 3.0866 3.3261 3.6553 3.6446 5.1065 4.6998 8.0094 8.1399 9.4189 10.5308 11.4081 13.6585 15.7439 16.8866 16.2948 17.743 20.3547 24.2349 23.1895 21.0034 16.0306 8.473 18.3722 13.8777 12.1715 7.6406 7.2598 5.7202 5.4311 4.8508 2.7294 2.295 2.2257 1.8446 1.1506 1.1453 1.0263 1.0233 1.0209 0.9315 0.9299 0.9285 0.9274 0.9265 0.9258 0.8619 0.8588 0.8561 0.7484 0.7456 0.7431 0.6708 0.6694 0.6681 0.6579 0.6579 0.6578 0.6515 0.652
10.5129 10.5069 10.499 9.9777 9.9602 9.9325 9.6783 7.5285 5.4902 4.2588 3.3527 2.9526 3.049 3.3021 3.8541 4.5614 4.4332 5.4095 7.2963 8.7151 10.2066 11.3234 12.2043 14.9765 14.8829 16.693 17.9075 19.6911 22.1706 20.967 24.3003 13.2589 9.7601 11.5347 11.2283 6.8031 6.3496 5.4231 3.7909 3.2645 2.7222 2.3499 2.1903 1.2222 1.0893 1.1446 1.1395 1.0237 1.0207 0.9324 0.9303 0.9286 0.9272 0.9261 0.9253 0.8623 0.8587 0.8556 0.7487 0.7454 0.7426 0.6706 0.669 0.6677 0.6575 0.6574 0.6574 0.6047 0.6518 0.6887
10.5191 10.5135 10.5057 10.4946 9.9876 9.9619 9.7025 9.041 6.6795 5.5905 4.8775 3.1288 3.0396 4.3671 5.1378 5.0492 4.7985 4.6389 5.1877 8.0663 10.3192 11.0501 12.1644 13.2319 14.7039 16.1599 21.2353 21.5979 24.0171 22.2659 28.6694 11.3808 7.5783 7.1673 6.0041 4.7683 4.1166 3.7946 3.2378 2.6857 2.2831 1.5566 1.1455 1.0901 1.1435 1.1369 1.0243 1.0204 0.9337 0.931 0.9288 0.927 0.9256 0.9246 0.8628 0.8586 0.855 0.749 0.7453 0.742 0.6704 0.6686 0.6671 0.657 0.657 0.6042 0.6046 0.6517 0.6522 0.6895
10.5268 10.5224 10.5156 10.5051 10.4887 10.0067 9.9665 9.684 9.0079 7.5618 5.7821 4.2462 4.5439 4.6644 4.5972 5.3224 5.4126 5.0176 4.9956 5.7436 8.9261 10.79 11.5158 12.6012 13.3056 17.2511 21.0721 19.299 23.157 16.6508 11.1488 6.9705 6.1137 5.2492 4.043 3.7367 3.484 3.0845 2.5531 1.9174 1.5444 1.15 1.0907 1.0827 1.1329 1.0252 1.0201 0.9356 0.932 0.9291 0.9268 0.925 0.9237 0.8635 0.8585 0.8543 0.7495 0.7451 0.7413 0.6702 0.6681 0.5842 0.5889 0.6564 0.604 0.6045 0.6515 0.6521 0.6893 0.6903
10.5361 10.5337 10.5293 10.5214 10.507 10.4808 10.434 9.9794 9.4334 8.7499 7.3486 4.6777 5.0198 4.8245 4.4029 5.45 5.5696 5.2242 4.8804 4.9951 6.0202 9.0421 11.4664 12.259 13.1023 14.4914 18.4541 20.6629 23.8057 9.9247 7.8755 5.8286 5.2751 5.0841 4.1881 3.0925 2.8352 2.0519 1.8262 1.4729 1.1594 1.0907 1.0782 1.0396 1.0267 1.0199 0.9388 0.9337 0.9296 0.9264 0.9241 0.8969 0.8643 0.8584 0.7547 0.7501 0.7448 0.6316 0.6698 0.6674 0.584 0.5885 0.6556 0.6038 0.6044 0.6512 0.6519 0.6891 0.6902 0.6912
10.5529 10.5535 10.5536 10.544 10.537 10.5189 10.4734 10.2246 9.8375 9.3909 7.7203 6.1766 5.6944 4.6706 4.6557 4.6062 5.0748 5.1731 5.0151 4.6302 5.1646 6.0863 9.757 10.7749 11.2595 18.9655 17.1325 12.0125 12.832 8.0746 6.6696 5.7531 4.66 4.1 4.0035 3.2197 2.0737 1.4984 1.4073 1.1822 1.1233 1.0668 1.0372 1.0349 1.0201 0.9443 0.9366 0.9304 0.9259 0.9228 0.8957 0.8673 0.8583 0.7556 0.7503 0.7445 0.6317 0.6283 0.5849 0.5836 0.5881 0.5874 0.6035 0.6042 0.651 0.6518 0.6889 0.6902 0.6913 0.8197
10.5611 10.5643 10.5682 10.6335 10.6366 10.6377 10.6246 10.4867 10.1834 9.283 8.2193 7.4876 6.1833 5.375 4.7606 4.9435 5.27 5.186 5.1152 4.941 4.5665 5.6067 8.2282 10.046 16.0322 28.568 24.4672 10.4259 8.5135 7.174 6.091 5.3145 4.5511 3.8627 3.304 2.2656 1.6452 1.2812 1.2328 1.1384 0.9829 0.9813 1.0296 0.9736 0.98 0.9418 0.9321 0.9252 0.8978 0.8937 0.8656 0.7718 0.7566 0.7502 0.6615 0.6318 0.6276 0.5846 0.5831 0.5875 0.5352 0.6032 0.604 0.6507 0.6516 0.6886 0.6901 0.6914 0.8197 0.8212
10.5094 10.5153 10.5231 10.534 10.5505 10.5783 10.6369 10.874 10.2166 9.5704 8.7816 8.0585 6.7044 5.7319 4.8893 4.8547 5.2445 4.948 5.1988 5.0058 3.9133 4.6593 7.7765 11.127 14.2418 16.0628 11.5589 8.532 7.4638 6.5439 5.6403 4.8264 4.1707 3.1274 2.9023 2.0753 1.1644 0.8568 0.7129 0.9208 0.9309 1.0145 1.0075 0.9918 0.9524 0.9355 0.9241 0.8957 0.8904 0.8627 0.7698 0.758 0.7498 0.6381 0.6317 0.6266 0.5842 0.5824 0.5866 0.5354 0.6028 0.6038 0.6503 0.6514 0.6524 0.69 0.6915 0.8197 0.8215 0.9884
10.5078 10.5132 10.5204 10.5304 10.5452 10.5694 10.6139 10.5299 10.0278 10.1388 9.8233 8.2481 7.1491 6.9661 6.0664 4.7079 5.3356 5.3298 5.0749 4.5362 3.3456 5.0638 9.7497 13.0206 11.1706 9.6494 8.1812 7.177 6.8611 5.8749 5.1624 4.1529 2.8467 2.6217 1.9464 1.5608 1.0228 0.7863 0.7398 0.8768 0.9567 1.0678 1.0253 0.9908 0.9427 0.9219 0.8915 0.8844 0.8075 0.7711 0.7676 0.7492 0.6387 0.6314 0.5461 0.5429 0.5814 0.5148 0.5356 0.6022 0.6034 0.6045 0.6512 0.6523 0.69 0.6917 0.8197 0.9863 0.9885 1.1175
10.505 10.5094 10.515 10.5219 10.5306 10.3928 10.3837 10.4853 10.1888 9.9117 10.445 9.9804 8.9307 7.3268 7.7056 7.6059 6.3499 6.1692 5.3753 3.9521 3.9214 11.5438 17.9623 15.8077 11.0774 8.8438 7.6527 6.1709 5.1087 5.3354 4.0701 3.4517 2.211 1.499 1.452 1.1547 0.8417 0.7129 0.7639 0.8945 0.9904 1.0685 1.0109 0.9685 0.9182 0.883 0.8177 0.8074 0.8009 0.7623 0.6811 0.6392 0.6306 0.546 0.5422 0.5799 0.5151 0.5358 0.536 0.603 0.6042 0.6509 0.6522 0.69 0.7464 0.8198 0.9862 0.9887 1.1175 0.9767
10.5014 10.5044 10.506 10.5074 10.3593 10.5225 10.5069 10.1458 10.0344 10.1568 9.9455 10.3252 10.3131 9.0894 9.2929 9.185 8.2086 6.9929 7.1366 4.7332 8.3618 24.3173 18.0947 12.9304 10.271 8.9863 6.7136 5.8722 4.4854 3.9332 2.6735 2.4087 1.4914 0.7035 0.6127 0.4591 0.6236 0.7429 0.8523 0.9352 1.0004 0.9997 0.9853 0.9028 0.8561 0.8302 0.8045 0.7969 0.7592 0.6844 0.6392 0.5525 0.5454 0.5408 0.5144 0.5155 0.5162 0.5362 0.6023 0.604 0.6505 0.6522 0.69 0.7464 0.82 0.882 0.9889 1.1176 0.9774 0.975
10.4949 10.4954 10.5081 10.3442 10.5147 10.5079 10.4643 10.0202 10.2284 10.1405 10.3969 10.5954 10.4432 10.5492 10.1223 9.5577 8.9129 10.5782 9.961 11.8658 16.4058 21.1169 12.6067 10.796 9.2653 7.9124 6.9913 4.7287 3.6966 3.5737 2.5397 1.324 1.0325 0.4453 0.3551 0.4006 0.7311 0.8663 0.9728 0.9658 0.9564 0.9131 0.8961 0.8558 0.8255 0.7839 0.7519 0.7281 0.6635 0.6377 0.5525 0.5435 0.5381 0.4764 0.5158 0.5168 0.5365 0.6014 0.6035 0.6502 0.6522 0.6699 0.7464 0.7484 0.8821 0.9892 1.1177 0.9784 0.9755 1.0545
10.5013 10.3375 10.5121 10.5102 10.5066 10.4724 10.0356 10.2512 10.2397 10.4683 10.512 10.8575 10.8506 10.8677 10.65 10.3411 10.6224 10.4332 17.2215 19.8117 15.0807 12.6346 11.2964 10.1575 8.6841 7.2171 5.7066 4.4698 3.1462 2.1382 1.1283 0.6434 0.5604 0.3463 0.3918 0.5891 0.9625 0.9141 0.8198 0.8288 0.8126 0.863 0.813 0.7689 0.7668 0.7786 0.7176 0.6631 0.595 0.5494 0.5387 0.4941 0.4788 0.516 0.5174 0.5369 0.6001 0.6029 0.6497 0.6522 0.7075 0.7465 0.8799 0.8823 0.9896 1.1178 0.9796 0.9761 1.0545 1.0515
10.3322 10.5086 10.5073 10.4891 10.2136 10.0364 10.2604 10.2563 10.4857 10.5723 10.7639 10.8649 10.9066 11.1758 11.8526 11.4457 10.9753 14.4339 22.5657 17.276 12.9322 11.9711 10.1251 8.4754 7.8152 6.6165 4.9449 3.8465 2.1917 1.0402 0.5739 0.0904 0.2932 0.4338 0.7836 0.8963 1.0624 0.89 0.8114 0.8062 0.7703 0.7333 0.7564 0.7139 0.6408 0.6509 0.6246 0.5786 0.5379 0.5281 0.495 0.4825 0.4827 0.5182 0.5373 0.5378 0.602 0.6491 0.6524 0.7074 0.7468 0.8796 0.8825 1.0322 1.1179 1.2326 1.0589 1.0546 1.0509 1.0594
