normal_rasters/0772100000297601.ascii
ncols 74 
nrows 60 
xllcorner 159469.880981
yllcorner 383899.927002
cellsize 0.25
nodata_value -9999 
[rows 0 to 30 of 60, columns 0 to 69 of 74]
1.9958 1.9981 2.0006 2.0033 2.4053 2.4183 2.8351 2.8491 3.3677 4.4368 4.449 4.9596 5.1549 6.4368 8.8261 8.8743 9.3522 9.4015 11.9504 14.1659 14.1997 14.236 14.2744 16.179 16.2175 18.0209 18.1767 18.4862 18.4937 18.7438 18.7536 19.0879 19.318 19.6097 19.6133 19.7884 19.7941 19.9588 19.9635 20.0331 20.1274 20.1746 20.2 20.2003 20.2006 20.2254 20.2264 20.2517 20.2676 20.2936 20.2951 20.2965 20.3296 20.3296 20.3928 20.3948 20.3972 20.5115 20.5178 20.5242 20.5301 20.5356 20.5403 20.5443 20.5476 20.5503 20.5524 20.5541 20.6859 20.6873
1.9942 1.9966 1.9992 2.002 1.7933 2.413 2.8303 2.8454 3.3652 3.3776 4.4436 4.4576 5.1505 6.4268 6.447 8.8516 9.3352 9.3891 11.9385 12.1339 14.187 14.2267 14.269 16.0194 16.2105 17.7797 18.1758 18.2747 18.4903 18.7397 18.7505 18.7622 19.3153 19.3251 19.6117 19.7857 19.7921 19.7991 19.9621 20.0325 20.1269 20.1742 20.1999 20.2002 20.2006 20.2248 20.226 20.2508 20.2667 20.269 20.2948 20.2966 20.3292 20.3292 20.3909 20.3934 20.3962 20.509 20.5168 20.5245 20.5317 20.5379 20.5432 20.5475 20.5509 20.5535 20.5555 20.6869 20.843 20.8448
1.9923 1.9948 1.9975 2.0006 1.7925 2.4068 2.4227 2.841 3.3621 3.3757 4.4373 4.4523 4.9656 5.3258 6.4368 8.8248 8.8855 9.3737 9.4358 11.9656 14.1715 14.2149 14.2616 16.0125 16.2014 16.251 18.1746 18.1787 18.4862 18.6567 18.7467 18.7598 19.3118 19.3229 19.6097 19.6146 19.7895 19.7974 19.9601 20.0315 20.0361 20.1286 20.1751 20.2001 20.2005 20.201 20.2254 20.2496 20.2517 20.2682 20.2944 20.2966 20.3288 20.3287 20.3885 20.3916 20.3952 20.5061 20.5161 20.5257 20.5342 20.5413 20.5471 20.5516 20.5549 20.5574 20.6882 20.8433 20.8453 20.847
1.9902 1.9928 1.9957 1.9989 1.7915 1.7952 2.4165 2.8358 2.8545 3.3733 4.43 4.4461 4.9589 5.3222 6.4246 7.1446 8.8587 9.3548 9.4235 11.9522 14.1525 14.2 14.2518 14.3071 16.0417 16.2454 18.0244 18.1777 18.2758 18.492 18.7419 18.7567 19.0872 19.3198 19.6071 19.6127 19.786 19.795 19.933 20.0302 20.0355 20.1279 20.1745 20.1999 20.2005 20.201 20.2245 20.2262 20.2503 20.2669 20.2938 20.2967 20.3282 20.3281 20.3854 20.3892 20.4906 20.5032 20.5161 20.5281 20.5383 20.5463 20.5524 20.5569 20.687 20.69 20.8438 20.8462 20.9722 20.9756
1.9879 1.9905 1.9935 1.9969 2.0007 1.7943 2.4093 2.8295 2.8498 3.3703 4.4213 4.4387 4.4576 5.1535 5.33 6.4379 7.1611 9.3314 9.4075 11.9354 11.9898 14.1812 14.2386 14.3007 16.0355 16.2375 17.9157 18.1763 18.275 18.4867 18.6585 18.7526 18.9173 19.3158 19.3312 19.61 19.6172 19.7917 19.9312 19.9628 20.0346 20.0934 20.1306 20.1758 20.2004 20.2011 20.2235 20.2253 20.2582 20.275 20.2928 20.2967 20.3275 20.3272 20.3811 20.386 20.4831 20.5004 20.5176 20.5327 20.5447 20.5535 20.5596 20.6889 20.6926 20.8446 20.8474 20.9732 20.9771 20.9802
1.9853 1.9879 1.991 1.9946 1.9986 1.7932 1.7979 2.3124 2.8441 3.3665 3.3851 4.4298 4.4504 4.9674 5.3259 6.4229 7.1466 8.8727 9.3871 11.9144 11.9752 14.1574 14.2212 14.2912 16.0271 16.0788 17.7841 18.1744 18.2738 18.2778 18.6528 18.7471 18.9146 19.0834 19.3282 19.6065 19.6147 19.7872 19.8006 19.9358 20.0331 20.0932 20.1299 20.1749 20.2002 20.2011 20.202 20.2241 20.2561 20.2816 20.2911 20.2965 20.3266 20.3259 20.3748 20.3814 20.4739 20.4987 20.5222 20.5412 20.5549 20.5637 20.692 20.8411 20.8459 20.8493 20.9748 20.9794 20.9828 21.1422
1.9823 1.985 1.9882 1.9919 1.9961 1.7917 1.7969 2.4135 2.837 3.3618 3.3824 4.0388 4.4415 4.6827 5.3207 6.4046 7.1287 7.1701 9.3607 9.835 11.9562 14.1273 14.1983 14.2774 16.0155 16.0755 17.7812 18.1719 18.1792 18.2769 18.4888 18.6629 18.9109 18.9237 19.3239 19.6016 19.6112 19.6224 19.7965 19.9334 20.0306 20.0928 20.0967 20.1736 20.1774 20.2011 20.2024 20.2223 20.253 20.2777 20.2758 20.2961 20.3026 20.3242 20.3649 20.3742 20.4632 20.5004 20.5329 20.5562 20.5704 20.6971 20.8421 20.8482 20.8523 20.9775 20.9828 21.141 21.1429 21.1443
1.979 1.9817 1.9849 1.9888 1.9932 1.9984 1.7956 1.8017 2.8283 2.8571 3.3789 4.0352 4.4306 4.6743 5.3142 5.3322 6.4223 7.1526 9.3265 9.8154 11.9313 12.0153 14.1679 14.2576 15.9995 16.0698 17.7771 18.1685 18.1769 18.2755 18.2817 18.6559 18.9055 18.9209 19.3175 19.3989 19.606 19.6195 19.7904 19.9294 19.9422 20.0919 20.0969 20.1341 20.176 20.2009 20.2029 20.2276 20.2483 20.2522 20.2809 20.2953 20.3318 20.3219 20.3477 20.3685 20.4541 20.5115 20.5562 20.6906 20.7065 20.8447 20.8525 20.8572 20.9818 21.1388 21.1417 21.1439 21.1455 21.1466
1.9753 1.9779 1.9812 1.9851 1.9898 1.9954 1.7939 1.8007 2.3091 2.8494 3.3743 4.0307 4.041 4.447 5.3058 5.326 6.3986 7.1302 7.1877 9.7888 11.8983 11.995 14.1278 14.2297 14.3446 16.0604 16.1483 17.9629 18.1735 18.2735 18.281 18.6464 18.6732 18.9163 18.9374 19.3939 19.5984 19.6147 19.7812 19.9229 19.9391 20.0139 20.0968 20.1332 20.1464 20.181 20.2036 20.2117 20.2416 20.2432 20.2722 20.3099 20.3309 20.3266 20.3194 20.3486 20.4582 20.5451 20.6983 20.7267 20.8513 20.8608 20.9783 21.134 21.1394 21.1431 21.1456 21.1473 21.1485 21.1493
1.9712 1.9737 1.9769 1.9808 1.9857 1.9916 1.7917 1.7993 1.8076 2.8395 3.3682 3.3384 4.0367 4.0495 5.2951 5.3178 5.3433 6.4245 7.1669 9.7525 9.8553 11.9662 14.0746 14.1905 14.3244 16.0456 16.1523 17.9595 18.1685 18.2704 18.2797 18.29 18.6651 18.9089 18.9358 19.3859 19.407 19.6069 19.6319 19.9125 19.933 20.0125 20.0959 20.1066 20.1458 20.1789 20.204 20.2142 20.2296 20.2312 20.25 20.3113 20.3207 20.3381 20.3483 20.3975 20.4567 20.7042 20.8507 20.8707 20.8782 20.9887 21.1336 21.1412 21.1458 21.1486 21.1503 21.1513 21.1519 21.3404
1.707 1.9689 1.9719 1.9759 1.9808 1.9871 1.7888 1.7973 1.8067 2.8267 2.8228 3.334 4.0312 4.0458 4.6724 5.3069 5.3361 6.3929 7.1389 9.703 9.8217 11.9252 12.0703 14.1356 14.2922 16.0222 16.1538 17.5954 17.9691 18.2656 18.2773 18.2908 18.653 18.8968 18.9316 19.3733 19.3989 19.5937 19.6267 19.7694 19.9212 20.0078 20.0934 20.11 20.1446 20.1543 20.2069 20.2189 20.2326 20.2173 20.207 20.3307 20.3549 20.3883 20.4875 20.6178 20.7137 20.9458 20.9316 20.9151 21.1155 21.1351 21.1457 21.1512 21.154 21.1552 21.1557 21.339 21.3456 21.3505
1.7083 1.7065 1.9663 1.9701 1.9751 1.9815 1.9896 1.7945 1.8053 2.2111 2.812 3.3277 4.0239 4.0408 4.0591 5.2921 5.3258 6.1545 7.1009 7.1993 9.7721 11.8664 12.0406 14.0588 14.2423 15.9397 16.1505 17.5991 17.9642 18.1129 18.2729 18.2912 18.4543 18.8768 18.9225 18.9768 19.3841 19.4956 19.6159 19.7599 19.8999 19.9489 20.0401 20.1178 20.134 20.1562 20.1823 20.228 20.2359 20.2414 20.3105 20.367 20.4236 20.4844 20.5358 20.7298 20.9076 20.9869 21.0269 21.113 21.144 21.1579 21.1628 21.1639 21.1635 21.3373 21.3469 21.3538 21.3587 21.3621
1.7099 1.708 1.6238 1.9634 1.9682 1.9747 1.9832 1.7906 1.8029 2.2034 2.7975 3.3185 3.356 4.034 4.0557 5.2721 5.311 5.3567 6.1894 7.1648 9.6988 9.8913 11.9921 12.5382 14.167 14.4286 16.1376 17.6024 17.9565 18.1063 18.265 18.2905 18.4516 18.8432 18.9032 18.9816 19.3584 19.4747 19.5949 19.7178 19.8281 19.9366 20.0543 20.1163 20.1624 20.1338 20.1708 20.2243 20.2475 20.2482 20.3588 20.4151 20.5438 20.5703 20.6503 20.755 20.928 21.0196 21.0949 21.172 21.1902 21.1886 21.183 21.3349 21.35 21.4282 21.4355 21.4404 21.4435 21.4454
1.7119 1.7099 1.7075 1.6235 1.9601 1.9664 1.9752 1.7854 1.7994 1.8159 2.2304 2.8379 3.3493 4.0246 4.0505 4.7781 5.2893 5.3443 6.154 7.1146 9.5901 9.8214 11.9129 12.2079 12.6711 14.3751 16.0634 17.604 17.7709 18.0952 18.2499 18.2871 18.3302 18.652 18.8638 18.9782 19.2921 19.4295 19.5072 19.7084 19.7654 19.9254 20.0192 20.0584 20.0479 20.0527 20.1312 20.2191 20.2228 20.3054 20.4036 20.4329 20.5502 20.6426 20.6946 20.8297 20.9593 21.0608 21.1802 21.2701 21.2738 21.3745 21.4051 21.4266 21.4399 21.4476 21.4518 21.4539 21.4548 21.7481
1.7142 1.7122 1.7096 1.7065 1.6224 1.9564 1.9651 1.7782 1.7941 1.8136 2.2225 2.8207 3.3384 3.7784 4.0428 4.0772 5.2574 5.3237 5.479 6.2233 7.2325 9.7043 11.7825 12.1592 12.6831 14.2903 16.0124 17.5997 17.7802 17.9332 18.1076 18.2762 18.3487 18.5207 18.6936 18.9482 19.1905 19.3273 19.4404 19.6779 19.7419 19.81 19.971 20.0431 20.0578 20.0949 20.0868 20.091 20.2283 20.2841 20.4373 20.485 20.5265 20.6816 20.7743 20.9688 21.0287 21.1422 21.2461 21.3675 21.3826 21.4216 21.4506 21.465 21.4706 21.5282 21.5522 21.7878 21.9268 21.9329
1.717 1.715 1.7124 1.709 1.7047 1.6201 1.9525 1.9652 1.7863 1.8093 2.2103 2.2707 3.3211 3.7703 4.0312 4.0743 5.2099 5.2891 5.4643 6.1802 7.1671 9.51 9.9549 12.0468 12.6673 13.0401 15.8825 17.58 17.7849 17.9487 18.0839 18.2459 18.3729 18.4942 18.5619 18.773 19.0697 19.2955 19.3744 19.561 19.7106 19.7466 19.7578 20.0051 20.0512 20.0692 20.0875 20.1351 20.2538 20.2934 20.3923 20.5284 20.634 20.8023 20.8234 20.9543 21.1218 21.1654 21.2838 21.3427 21.4905 21.5382 21.5617 21.5593 21.6177 21.6134 21.9305 21.9386 21.944 21.9476
1.7204 1.7186 1.716 1.7124 1.7076 1.6262 1.6157 1.9488 1.7747 1.8017 2.1917 2.2665 3.2942 3.7569 3.7938 4.0684 4.7191 5.2305 5.4327 5.572 6.3384 7.6692 9.7479 11.8012 12.5593 13.2271 14.746 17.5287 17.7565 17.9744 18.042 18.1131 18.3473 18.5101 18.5435 18.6587 18.8772 19.155 19.3791 19.4114 19.5448 19.6789 19.6411 19.7795 19.9673 19.9752 20.0001 20.0597 20.1987 20.3029 20.3058 20.3951 20.6423 20.7191 20.8896 21.0145 21.1372 21.2625 21.4017 21.4972 21.6777 21.6841 21.6748 21.6498 21.9461 21.9568 21.9638 21.9679 21.9703 21.9714
1.7244 1.7229 1.7205 1.7169 1.7118 1.7049 1.6224 1.6075 1.7577 1.7888 1.8327 2.2572 3.1247 3.735 3.7822 4.0569 4.3189 5.1305 5.3651 5.5758 6.0944 7.5108 9.3617 11.2953 12.1208 13.5446 15.2707 17.3295 17.574 17.7769 17.9353 18.0204 18.2245 18.3947 18.4036 18.4809 18.6524 18.8007 19.159 19.3766 19.4742 19.514 19.6417 19.7446 19.8366 19.9099 19.9285 19.9726 20.0046 20.1778 20.2272 20.3048 20.4 20.7021 20.7739 21.0136 21.2242 21.3147 21.3906 21.6325 21.9691 21.7784 21.7809 21.9466 21.9636 21.9732 21.9778 21.9796 21.9799 21.9794
1.7291 1.7282 1.7264 1.7231 1.7178 1.7101 1.6995 1.614 1.5924 1.7673 1.8221 2.2388 2.7163 3.6987 3.7591 4.0351 4.1796 4.3222 5.22 5.5495 6.1911 6.9044 7.6557 9.6072 10.7758 13.8434 16.3268 16.4572 17.3986 17.5002 17.7139 17.9753 18.1063 18.1117 18.2848 18.3719 18.5925 18.6898 18.8372 19.1935 19.3331 19.4155 19.4608 19.5834 19.6695 19.8251 19.8583 19.8763 19.9074 19.9627 20.1548 20.1694 20.409 20.4871 20.6853 20.823 21.1868 21.3041 21.3662 21.4893 21.7639 21.7652 21.9439 21.9783 21.9922 21.9809 21.9794 22.3734 22.533 22.5576
1.7345 1.7346 1.7337 1.7313 1.7265 1.7182 1.7054 1.624 1.5963 1.7326 1.7978 2.2039 2.7122 3.17 3.7159 3.8266 4.1628 4.3155 4.6489 5.4278 6.171 6.861 6.9978 8.2542 8.6507 10.7816 10.8188 16.4662 15.9706 17.5257 17.7149 17.7269 17.9177 18.0301 18.01 18.2313 18.3585 18.6398 18.7617 18.8505 19.1615 19.2546 19.3415 19.3894 19.6574 19.7 19.7598 19.7569 19.8056 19.9123 20.0365 20.1176 20.3319 20.4617 20.5571 20.6897 20.8645 21.2158 21.2899 21.3876 21.6137 21.8833 22.0004 22.0197 22.0142 22.3688 22.3911 22.5577 22.9145 22.9383
1.7404 1.7418 1.7426 1.742 1.7389 1.7312 1.7164 1.6931 1.603 1.68 1.7478 1.7976 2.6959 3.1357 3.6429 3.7927 4.1098 4.2965 4.3584 5.1411 6.1342 6.6628 6.8008 7.1115 7.8607 8.0606 10.695 11.7455 16.6139 15.1954 17.5467 17.6176 17.6676 17.885 17.9488 18.0034 18.2456 18.4289 18.723 18.8128 18.9002 19.0862 19.1549 19.3733 19.519 19.5697 19.612 19.6873 19.6813 19.7702 19.9276 20.0699 20.2143 20.304 20.4673 20.612 20.7858 20.9631 21.1334 21.3411 21.7733 22.15 22.1713 22.3897 22.4282 22.8535 22.9132 22.95 22.9727 23.5395
1.907 1.903 1.7528 1.7553 1.7559 1.7516 1.7374 1.7068 1.659 1.5547 1.6588 1.7298 2.6304 2.9578 3.3349 3.7611 3.9333 4.0375 4.3857 4.8985 5.3177 6.0136 6.378 6.4805 6.6453 7.282 9.1631 13.4 13.2649 11.6536 16.3464 17.4191 17.5433 17.736 17.87 17.9827 18.197 18.3666 18.4895 18.744 18.944 19.0074 19.1292 19.224 19.4226 19.5541 19.5538 19.5928 19.6334 19.6701 19.7945 19.9699 20.0852 20.2241 20.2877 20.5254 20.8184 20.984 21.2523 21.6809 22.1038 22.4797 22.466 22.882 22.9344 23.4645 23.5232 23.5565 23.5763 23.5887
1.962 1.9184 1.9154 1.7705 1.7775 1.7821 1.7765 1.743 1.6647 1.5227 1.3874 1.5441 2.0804 3.1272 3.3342 3.8022 3.8479 3.8652 3.7474 4.4083 4.651 5.0632 5.5225 5.7414 6.0145 6.04 9.8547 15.9292 14.1787 14.1988 16.2032 16.9887 17.3099 17.4821 17.7488 17.8586 18.1268 18.3333 18.4208 18.5384 18.8909 18.9775 19.0788 19.1694 19.2394 19.4634 19.5657 19.5934 19.6019 19.6228 19.7468 19.8709 20.0047 20.1399 20.2566 20.5359 20.9862 21.2583 21.8227 22.2091 22.6642 23.0468 23.1434 23.5641 23.6227 23.642 23.6468 23.6465 23.6444 23.6417
2.097 2.094 1.9736 1.9728 1.9707 1.8215 1.8437 1.833 1.7222 1.5026 1.3721 1.1951 1.1796 2.3171 3.2418 3.5574 3.6682 3.6781 3.7262 3.947 4.3253 4.4718 4.6941 4.9135 5.135 5.3831 8.5551 12.5516 15.5204 16.2507 16.6729 16.8908 17.1592 17.3568 17.6514 17.8918 18.0103 18.2057 18.4236 18.5474 18.754 18.9135 19.0084 19.1723 19.2416 19.3457 19.5118 19.6053 19.607 19.5946 19.7021 19.8871 20.0326 20.1091 20.4782 20.7836 21.3031 22.0109 22.5014 23.0487 23.7029 23.9818 24.2319 24.1734 24.2721 24.2239 24.2135 24.2077 23.2568 22.6574
2.1733 2.1719 2.1695 2.1313 2.1264 2.057 1.9647 2.0841 1.7925 1.5847 1.2742 1.0354 1.0457 1.2611 1.9284 3.2497 3.2768 3.3916 3.5085 3.9337 4.1216 4.2194 4.4507 4.5297 4.8794 5.0523 6.6603 10.4051 11.2188 14.6838 15.0734 16.7482 17.0375 17.4069 17.5435 17.815 18.0357 18.2611 18.3403 18.6372 18.7243 18.9387 19.0106 19.1165 19.3166 19.3704 19.439 19.5488 19.5635 19.5996 19.8755 20.0582 20.1577 20.3984 20.7873 21.1797 21.7797 22.8082 23.3038 24.0159 24.1698 24.6767 24.6928 24.695 24.6982 24.3419 23.7808 23.6746 22.5905 22.5153
2.1821 2.1831 2.1842 2.1852 2.1861 2.1864 2.1867 2.1387 2.0197 1.6791 1.3652 1.0886 1.0209 0.9241 1.1155 1.8669 3.1107 3.2095 3.1755 3.5061 4.0681 4.1714 4.5014 4.7227 4.8649 4.6388 4.438 8.5786 11.1483 12.9222 15.078 16.6386 16.9393 17.2707 17.6596 17.9116 18.0093 18.2487 18.4013 18.5498 18.7899 18.9038 19.0646 19.1992 19.2799 19.4022 19.4804 19.6139 19.773 19.7594 19.9906 20.3365 20.6067 21.001 21.089 22.3919 22.7754 23.2247 23.7311 24.2803 24.8965 24.9119 24.8094 24.7752 24.3688 23.7162 22.6589 22.5258 22.3079 22.2772
2.1909 2.1944 2.1991 2.2056 2.2155 2.2312 2.2581 2.29 2.2526 1.9231 1.5176 1.3227 1.1865 1.0361 0.9972 0.998 1.7562 2.8759 2.8522 3.0434 3.3189 3.6238 4.5343 3.9113 3.9182 4.389 3.6168 6.8896 12.8225 11.1949 15.5269 16.6092 16.913 17.1692 17.4962 17.959 18.052 18.188 18.4082 18.5683 18.8395 18.953 19.1317 19.2493 19.3796 19.5867 19.6577 19.9603 20.241 20.2644 20.1448 20.6237 21.1102 21.9833 22.5625 23.0487 23.469 23.7904 24.0439 24.3496 24.6874 24.805 24.8157 24.2783 23.4824 22.4276 22.2687 22.2067 22.1904 21.0946
2.3116 2.3152 2.3205 2.3286 2.3418 2.3785 2.4052 2.4663 2.5647 2.3193 1.6635 1.4782 1.2976 0.8479 0.9863 1.0007 0.9434 1.164 2.4579 2.5578 2.9252 2.7768 2.415 2.4836 2.9441 2.3308 1.9449 2.5953 10.8277 13.5922 16.1898 16.6632 16.9375 17.2469 17.5081 17.7395 18.121 18.2374 18.3823 18.6044 18.8027 19.0294 19.1295 19.3349 19.4982 19.907 20.106 20.3503 20.7281 20.7613 21.0274 21.4087 22.2238 22.6277 23.3214 23.9425 24.3898 24.2105 24.5257 24.6144 24.5588 24.5737 24.1551 23.0043 22.3201 22.0342 21.9815 21.0731 21.0168 20.986
2.3215 2.3272 2.3352 2.3667 2.3771 2.3933 2.4307 2.445 2.452 2.5212 1.9981 1.7152 1.4658 1.046 1.0782 0.9711 0.8198 0.7601 1.0912 1.7685 1.9256 1.703 1.6955 1.3296 1.0734 1.4397 1.0538 0.7586 2.0059 6.8934 12.1909 14.9799 16.9327 17.3546 17.6301 17.8391 18.1081 18.3037 18.4652 18.6463 18.8379 19.0107 19.2977 19.4044 19.8388 20.5146 20.7439 21.695 21.5041 22.1383 22.3701 22.9574 24.0999 24.2323 24.4984 24.7462 24.7747 24.8597 24.7301 24.5705 24.3967 24.0836 23.5681 22.4094 21.2244 21.1557 20.895 20.4273 20.3928 20.3764
2.3298 2.3593 2.4128 2.4172 2.4231 2.3915 2.397 2.3981 2.3902 2.2734 2.1605 1.7193 1.5149 1.2871 1.1302 0.8922 0.6902 0.6427 0.5006 0.7161 0.8687 0.7415 0.8252 0.5958 0.5575 0.6764 0.5378 0.5712 0.5076 2.6963 3.8477 10.8464 15.2578 17.3468 17.7357 18.0173 18.1745 18.3098 18.5131 18.7026 18.9358 19.2443 19.4497 20.0096 20.4899 21.7845 22.138 22.2509 23.3913 23.9905 25.0307 24.0103 25.1886 26.1404 25.9318 25.0702 25.0936 25.0425 24.8685 24.4551 24.1279 22.8037 22.3579 20.8755 20.0588 20.2671 20.2645 20.2614 20.2711 20.2857
2.407 2.4091 2.4117 2.4149 2.3743 2.3751 2.3724 2.3619 2.2771 2.2425 2.1322 2.0129 1.5859 1.4557 1.0796 0.9997 0.8421 0.6227 0.5632 0.5088 0.5156 0.5953 0.5182 0.5774 0.615 0.6095 0.5799 0.5284 0.4927 2.4622 14.9338 8.5629 14.9668 17.5086 17.6268 18.0138 18.2616 18.2865 18.4747 18.7803 19.0103 19.5269 20.269 20.8181 21.7321 22.6543 23.6559 24.7371 26.0936 25.9299 27.8033 27.7655 26.4709 26.751 26.9106 26.2861 25.3936 25.1546 24.8149 24.0572 22.8494 22.1237 20.9787 20.2422 19.9061 19.8845 19.9756 18.8484 18.2517 16.806
