normal_rasters/0772100001000777.ascii
ncols 64 
nrows 65 
xllcorner 158303.865997
yllcorner 383921.401001
cellsize 0.25
nodata_value -9999 
[rows 0 to 32 of 65, columns 0 to 63 of 64]
37.0634 37.097 37.0906 36.3736 36.3762 36.465 36.4671 36.4695 37.13 37.4117 37.3635 37.3678 37.3727 37.3785 36.8099 36.8126 36.8145 36.4167 38.9504 38.9901 39.0433 37.7218 37.7823 37.8446 37.9036 37.9535 37.9902 37.8662 37.1789 37.1106 37.0419 36.3668 35.1013 34.9861 34.8864 34.8015 32.3989 32.2441 32.1121 29.6271 24.4756 24.4449 22.1759 21.5086 20.9921 20.9909 21.0104 21.0093 20.9554 20.9538 20.7262 20.3498 19.4425 19.4036 18.7119 18.7068 18.7023 18.0808 18.0777 18.075 17.6394 17.6383 17.6373 17.6363
37.0696 37.0627 37.0951 37.0877 36.3735 36.3764 36.4652 36.4676 36.4705 37.1297 37.4141 37.3652 37.3705 37.3767 37.384 36.8209 36.8243 36.4379 36.426 38.9456 39.0031 39.0818 37.7907 37.8716 37.9488 38.013 38.0572 37.3023 37.2204 37.1325 36.4494 35.2107 35.0617 34.9341 34.8271 32.4565 32.2684 32.1098 29.6067 24.4719 24.4358 22.1739 21.5078 20.9929 20.9915 21.0108 21.0095 20.9555 20.9538 20.726 20.1318 19.4428 19.4035 18.7121 18.7064 18.7013 18.0807 18.0774 18.0743 17.6394 17.6381 17.637 17.636 17.6351
36.9676 37.0698 37.0617 37.0926 36.3704 36.3733 36.3767 36.4653 36.4682 36.4718 37.1292 37.4217 37.3672 37.3738 37.3818 37.3914 36.8353 36.8393 36.4535 38.8869 38.9458 39.0352 37.7948 37.9032 38.0087 38.0941 38.0098 37.3766 37.2651 36.5679 35.9944 35.1671 34.9984 34.8597 32.7884 32.2989 32.1055 29.5793 24.4676 24.4244 22.1717 21.507 20.9938 20.9921 20.9907 21.0097 20.9557 20.9537 20.7256 20.132 19.4432 19.4034 18.7123 18.706 18.7003 18.0807 18.077 18.0736 17.6392 17.6379 17.6367 17.6356 17.6346 17.4232
36.9729 36.9694 37.0699 37.0605 37.0895 36.3696 36.373 36.3771 36.4654 36.4691 36.4735 37.1288 37.4233 37.3695 37.378 37.3887 36.8474 36.8548 36.489 36.4713 38.8647 38.9612 37.7887 37.9395 38.0914 38.2106 38.1328 37.4671 36.748 36.5903 35.3207 35.0889 34.9023 34.1191 32.6271 32.0978 26.339 24.4623 24.4099 21.5148 21.5062 20.9948 20.9929 20.9912 21.0099 20.9559 20.9535 20.7251 20.1323 19.4438 19.4033 18.7126 18.7055 18.6992 18.0807 18.0765 18.0728 17.6391 17.6376 17.6363 17.6351 17.4225 17.4233 15.2433
37.1029 36.9757 36.9717 37.07 37.0589 37.0459 36.3686 36.3726 36.3776 36.4656 36.4702 36.4758 37.1283 37.4254 37.3722 37.3837 37.3987 36.8723 36.8827 36.5215 38.7527 38.8435 37.7592 37.9773 38.2129 38.39 38.3115 37.5745 36.8035 36.1381 35.2226 34.9598 34.1355 32.6309 32.0838 24.54 24.4559 24.3911 22.6485 21.5053 20.9962 20.9938 20.9917 21.0102 20.956 20.9533 20.7245 20.1326 19.412 19.4034 18.7131 18.7049 18.6978 18.0806 18.076 18.0719 17.639 17.6373 17.6359 17.6346 17.4225 17.4233 17.424 15.3477
36.898 37.1057 36.9791 36.849 37.07 37.0566 37.0409 36.3673 36.3721 36.3781 36.4658 36.4717 36.4793 37.1277 37.1109 37.3752 37.3915 37.4143 36.9103 36.9251 36.5631 38.6608 38.8519 38.0022 38.4075 38.5701 38.0519 37.1877 36.4097 35.4337 35.04 34.1455 32.6223 32.3519 24.5581 24.448 24.3658 22.6405 21.5043 20.9978 20.9949 20.9924 21.0104 21.0084 20.9205 20.5062 20.133 19.4136 19.4035 18.7137 18.7044 18.6963 18.0806 18.0753 18.0708 17.6388 17.637 17.6354 17.6339 17.4225 17.4234 17.4241 15.3481 15.3352
36.8962 36.9013 37.1093 36.9834 36.8516 37.0699 37.0535 37.034 36.3654 36.3712 36.3788 36.466 36.4741 36.4846 37.127 37.116 37.3782 37.4032 36.9397 36.9746 36.6782 36.6082 38.5115 37.9541 38.7612 39.1605 37.9997 37.2834 36.2897 34.5827 34.1332 32.5835 32.2318 24.5879 24.4382 24.3307 22.6301 21.5033 21.0 20.9963 20.9932 21.0107 21.0082 20.9199 20.5064 20.1336 19.4157 19.4038 18.7146 18.7038 18.6945 18.0805 18.0746 18.0694 17.6386 17.6365 17.6348 17.6332 17.4225 17.4235 17.4243 15.3484 15.3343 13.2017
36.269 36.8993 36.9055 36.9671 36.989 36.8548 37.0696 37.049 37.0243 36.3627 36.3699 36.2148 36.2244 36.4778 36.4933 37.1261 37.1212 37.3795 37.423 37.1041 36.8741 36.8161 36.4125 37.6132 39.495 40.6182 38.4522 36.7151 34.7596 34.0473 33.0484 32.0094 24.6394 24.4261 23.079 22.6159 21.5025 21.003 20.9981 20.9941 21.0109 21.0079 20.919 20.5066 20.1345 19.4186 19.4044 18.7158 18.7031 18.6923 18.0804 18.0736 18.0678 17.6383 17.636 17.634 17.6323 17.4225 17.4236 17.4245 15.3488 15.0273 13.2023 12.8464
36.2592 36.2728 36.9032 37.1127 36.9721 36.9732 36.8587 37.0688 37.0425 37.0102 36.3587 36.3678 36.2163 36.2298 36.4843 36.5091 37.0631 37.0073 37.3716 37.073 37.299 37.2367 36.8913 36.6563 38.9415 43.4911 37.4378 35.2828 33.7023 32.6037 26.6111 25.4855 24.4123 23.0659 22.6232 21.0619 21.0555 21.0004 20.9952 21.0111 21.0073 20.9177 20.5069 20.1357 20.1256 19.4054 18.7174 18.7024 18.6897 18.0804 18.0725 18.0659 17.638 17.6354 17.6332 17.6313 17.4225 17.4237 17.4247 15.3492 15.0272 13.2029 12.8465 12.8302
36.2475 36.261 36.2773 36.9082 37.1188 36.9786 36.9799 36.8637 36.8425 37.0324 36.3208 36.3525 36.3639 36.2172 36.2372 36.4971 36.5419 36.2638 36.9568 37.014 37.1757 38.1685 37.8231 34.4246 34.8104 35.5721 33.2551 32.3951 29.1904 26.6946 26.4233 23.5934 23.0493 21.73 21.518 21.0604 21.0037 20.9965 21.011 21.0063 20.7217 20.5073 20.1374 20.1249 19.407 18.7198 18.7016 18.6866 18.0803 18.0711 18.0635 17.6376 17.6346 17.6321 17.4211 17.4226 17.4239 15.3712 15.3496 15.0272 13.2034 12.8467 12.8286 10.6406
36.2338 36.2468 36.2629 36.2829 36.9148 37.1273 36.9874 36.9889 36.87 36.8414 37.0164 36.3185 36.3422 36.199 36.2154 36.2477 36.3125 36.3055 36.2925 36.7646 36.4613 36.1423 36.476 39.3365 32.2231 31.0944 29.8156 28.3877 27.1117 26.3323 23.7498 23.0324 22.0758 21.2514 21.0687 21.0086 20.998 21.0105 21.0045 20.7219 20.5082 20.5011 20.1242 19.4095 19.3876 18.7009 18.6827 18.0802 18.0693 18.0605 18.0532 17.6337 17.6308 17.4209 17.4226 17.4241 15.3744 15.35 15.0271 12.8695 12.8469 12.8267 10.6412 10.6227
36.2177 36.2298 36.2452 36.2649 36.29 36.9238 36.9956 36.9997 37.0013 36.8783 36.8378 36.9896 36.3148 36.3239 36.1838 36.2041 36.2618 36.4331 36.6034 36.3138 36.365 35.6967 36.9225 32.7016 31.458 30.3528 27.4979 26.7873 25.9039 24.8125 23.0421 22.0524 21.4019 21.2209 21.0165 20.9994 20.9891 20.9695 20.7223 20.5098 20.5002 19.9084 19.4137 19.2026 18.7001 18.5295 18.5165 18.067 18.0566 18.0482 17.6324 17.6292 17.4208 17.4227 17.4244 15.3783 15.3504 15.027 12.8725 12.847 12.8243 10.6418 10.6212 8.798
36.1994 36.2099 36.2238 36.2422 36.2667 36.2991 36.9369 37.0118 37.0179 36.9283 36.8888 36.8281 36.9422 36.3083 35.9583 36.1456 36.1577 36.2435 36.6955 36.5744 35.1317 35.371 34.3094 32.0079 29.5185 27.9429 26.4808 25.7372 24.5 23.1001 22.0574 21.3044 21.2402 21.0312 20.9999 20.9843 20.9822 20.7228 20.5124 20.499 19.9111 19.4204 19.203 18.6995 18.5268 18.5107 18.064 18.0516 18.0419 17.6308 17.6272 17.4206 17.4229 17.4248 15.383 15.0494 15.0269 12.876 12.847 12.8215 10.6423 10.6193 8.7978 8.7783
35.2006 36.1871 36.1985 36.2145 36.2369 36.268 36.3112 36.9568 37.0374 37.0469 36.962 36.9006 36.8031 36.4362 36.3918 36.033 35.8161 36.014 35.7802 34.9423 34.5173 33.5774 32.175 30.4793 28.098 26.9957 25.9819 24.9542 23.3768 22.4214 21.3237 21.4066 21.0649 20.9939 20.9583 20.7782 20.7236 20.5171 20.4973 19.9161 19.8943 19.2047 18.5513 18.5237 18.1586 18.0598 18.0448 18.0335 17.6287 17.6245 17.4204 17.4231 17.4253 15.3886 15.0528 15.0266 12.8803 12.847 12.8179 10.6427 10.6168 8.7973 8.7756 8.7566
35.1975 35.2033 35.2104 36.1818 36.2 36.2272 36.2678 36.3282 36.4176 37.0821 37.0981 37.3491 36.9017 36.7376 36.4281 36.3818 35.9935 36.7232 35.0964 33.7327 33.1783 31.8922 31.386 28.4743 27.4433 26.008 25.3709 23.7144 22.9604 21.3238 21.2386 21.2531 20.9325 20.7808 20.7805 20.7254 20.5265 20.4948 19.9254 19.8925 19.2089 18.558 18.5198 18.1543 18.0539 18.0355 17.6839 17.6257 17.6209 17.4202 17.4234 17.4261 15.3957 15.057 15.0263 12.8853 12.8468 12.8135 10.6429 8.8229 8.7981 8.7721 8.751 6.5169
35.1935 35.1992 35.2064 35.2153 35.2264 36.1764 36.2093 36.2636 36.3533 36.9718 37.1737 36.8253 37.3235 36.978 36.5297 36.6145 36.5375 37.8785 39.7338 33.6596 30.522 29.8091 28.2268 27.4466 26.7591 25.0033 24.5779 23.2181 22.5846 21.4184 21.351 20.7984 20.7944 20.7876 20.7297 20.5469 20.3085 19.9443 19.8905 19.2187 18.5707 18.5152 18.1476 18.045 17.6875 17.6795 17.6216 17.4151 17.42 17.4239 17.427 15.4047 15.0623 15.0259 12.8916 12.8464 12.8078 10.6427 8.8238 8.7958 8.7673 8.744 6.5168 6.4218
35.1883 35.1937 35.2006 35.2095 35.2212 35.2364 36.1363 36.1747 36.2487 36.3928 36.6085 37.4143 37.6467 37.144 36.4697 36.6559 37.1827 37.5545 34.0518 30.1952 28.7339 27.8435 27.1978 26.3937 25.0013 24.6842 23.1689 22.5163 21.97 21.577 21.2236 20.8242 20.8154 20.753 20.6836 20.3467 20.2536 19.8887 19.242 18.5966 18.5096 18.1368 18.108 17.683 17.5262 17.6757 17.4136 17.4199 17.4247 17.4284 15.1216 15.0693 15.0254 12.8994 12.8457 12.8006 10.6421 8.8242 8.7922 8.761 8.735 6.5167 6.4218 6.4944
35.182 35.1866 35.1927 35.201 35.2123 35.228 35.2499 35.2802 36.1049 36.203 36.4562 36.6851 37.9121 38.0135 36.1585 36.0586 35.931 31.4428 29.6489 28.6104 27.2597 27.1531 25.9932 25.3293 23.9159 23.5127 22.5978 22.193 21.8493 21.1894 20.9806 20.8563 20.7865 20.6791 20.541 20.2382 19.8867 19.2978 18.7276 18.1935 18.1177 18.0773 17.6752 17.519 17.5086 17.4116 17.4198 17.4259 17.1322 15.144 15.0787 15.0246 12.9093 12.8446 12.791 10.6406 8.8236 8.7869 8.7524 6.5178 6.5165 6.4218 6.484 6.4949
35.1746 35.178 35.1827 35.1894 35.199 35.2133 35.2352 35.2692 35.3217 35.9671 36.0762 36.004 37.1688 37.4736 37.0325 35.4445 34.5309 29.3425 29.0284 27.9302 26.348 25.6428 24.6122 24.2059 22.7661 22.9082 21.935 21.6083 21.0869 20.9434 20.8693 20.85 20.658 20.6279 20.2688 19.8771 19.6373 18.8078 18.2198 18.0812 17.6336 17.6601 17.5054 17.4941 17.4087 17.4198 17.4278 17.1377 15.1753 15.0919 15.0237 12.9223 12.8428 12.7782 10.6379 8.8216 8.7791 8.7409 6.5177 6.5163 6.4218 6.4463 6.4947 6.4955
34.2119 34.2504 35.1708 35.1748 35.1811 35.1911 35.2082 35.239 35.2972 35.4072 35.6074 35.6338 34.5996 33.9289 36.7614 33.5078 29.386 27.4837 26.6944 25.8202 25.0464 24.9636 23.6393 22.7487 22.4569 21.8228 21.467 21.0828 20.9042 20.8606 20.7259 20.7333 20.5423 20.1691 19.8149 19.6705 18.9624 18.5904 18.0077 17.6125 17.6258 17.4782 17.469 17.3108 17.4202 17.431 17.1454 15.221 15.111 15.0228 12.9398 12.8398 12.7606 10.6331 8.8173 8.7676 8.7251 6.5177 6.395 6.4219 6.446 6.4946 6.4954 6.5476
33.6719 34.1683 34.2099 34.2679 35.1594 35.1621 35.1681 35.1821 35.2192 35.3413 35.8684 34.8283 34.3535 32.874 30.0007 28.8834 27.1348 26.4044 25.9082 24.9219 23.9725 22.9195 22.8062 22.3335 21.9568 21.3024 21.2876 20.9211 20.8648 20.7883 20.6638 20.515 20.2862 19.8801 19.7327 19.095 18.7898 17.776 17.4975 17.4797 17.4215 17.157 17.3086 17.4214 17.3788 17.1569 15.291 15.1406 14.6648 12.9643 12.835 10.5028 10.625 8.8092 8.7507 6.5229 6.5216 6.3952 6.4219 6.4456 6.4943 6.4953 6.5476 6.4129
32.5234 32.558 32.6106 32.6907 34.1954 34.2879 35.1205 35.1051 35.0759 34.6928 34.5218 33.2817 33.4368 31.2619 28.6564 28.1079 25.7908 25.2821 24.4387 23.8983 22.9356 22.2834 21.7384 21.6694 21.5091 21.1027 21.0647 20.9503 20.8614 20.6866 20.621 20.3861 20.0358 19.7448 19.6062 18.8836 17.7924 17.3801 17.2082 17.1672 17.2377 17.1603 17.3644 17.4583 17.0535 17.0245 15.1901 14.6886 14.5843 12.827 10.508 10.6111 8.7947 8.7252 6.5229 6.5213 6.3953 6.3799 6.4176 6.4939 6.4952 6.5476 6.5482 6.412
29.8792 31.0728 31.0877 31.1125 32.5225 32.3462 32.7527 33.2102 33.6067 33.6466 33.6414 32.5774 32.2243 29.5189 27.9829 26.8117 25.6221 24.6228 24.1507 23.4312 22.0077 21.9199 21.3343 21.2199 21.1198 21.1163 20.9782 20.9338 20.7621 20.6765 20.4993 19.9279 19.8391 19.6227 18.5074 17.7609 17.5021 17.0775 17.1285 17.2385 17.2228 17.3386 17.4166 17.3552 17.0463 14.9516 14.7321 14.5751 12.3777 10.5093 10.3703 8.7693 8.6863 6.5228 6.5208 6.3955 6.38 6.4175 6.4935 6.495 6.5475 6.5482 6.4126 6.4108
29.8863 29.8978 29.9108 29.9251 30.4633 30.4665 31.0901 31.1561 31.4997 31.102 31.0505 30.5726 29.713 27.8611 27.324 26.4188 25.3472 24.2941 23.9823 22.5372 21.6809 21.3324 21.0102 21.0044 21.0431 20.9989 20.8587 20.7958 20.6861 20.6604 20.4382 19.9837 19.3696 19.0456 17.9547 17.5853 17.4034 16.9938 17.2226 17.3231 17.348 17.421 17.3809 17.0874 15.3754 14.8232 14.5622 12.3961 10.5 10.3142 8.578 6.3821 6.5225 6.5201 6.3958 6.38 6.3139 6.4459 6.4947 6.5474 6.5483 6.4135 6.4113 6.4094
29.8922 29.9064 29.9234 29.9438 29.9675 29.9932 30.4888 30.4813 30.1462 29.9379 29.6511 28.8708 28.0324 27.1816 25.4539 24.7131 24.3671 23.1778 22.8235 21.9725 21.6891 21.2125 21.0086 20.9836 21.0349 20.9934 20.8605 20.8226 20.6748 20.5793 20.1522 19.8198 19.2986 18.7632 17.8606 17.751 17.6991 17.6102 17.4499 17.0541 17.3917 17.4771 17.1177 16.83 15.0545 12.6617 12.4191 10.4444 10.2058 8.4923 6.3829 6.522 6.4023 6.3962 6.3801 6.3782 6.4453 6.4942 6.4962 6.5483 6.4147 6.412 6.4097 6.5567
29.8961 29.9126 29.9333 29.9601 29.9952 30.0418 30.1017 30.1529 30.0885 30.2546 30.4512 28.0019 26.0235 25.7083 24.7166 23.7104 22.8747 22.6803 22.107 21.7116 21.4122 20.9461 20.9629 21.1111 21.1073 21.0161 20.9233 20.9412 20.7766 20.4484 20.1802 19.6809 19.0357 18.316 17.9577 18.0566 17.7061 17.4548 16.8048 17.2314 17.3246 17.5407 17.1388 15.8293 12.9675 12.223 10.2916 8.3015 6.3847 6.3832 6.521 6.4036 6.3968 6.9196 6.3777 6.4443 6.4935 6.4961 6.5484 6.4162 6.4129 6.4101 6.5558 6.5557
29.3084 29.3434 29.5798 29.6271 29.6942 29.795 30.1951 30.4505 30.6547 29.1409 28.1152 25.4177 24.7898 24.2226 23.1933 22.9539 22.2955 22.0589 21.5346 21.4421 21.2244 20.9109 21.0282 21.0701 21.1006 21.0858 20.9774 20.8494 20.8427 20.6085 20.2357 19.8757 19.3937 18.6813 18.243 18.1553 17.5768 17.513 17.4284 17.0122 16.7521 16.6369 15.9831 13.4674 11.6127 9.7811 7.9584 6.3828 6.382 6.519 6.4056 6.3868 6.9176 6.3769 6.3145 6.4924 6.4958 6.5484 6.5498 6.4142 6.4106 6.5545 6.5545 6.5546
29.2858 29.3157 29.3557 29.4113 29.4936 29.6249 29.8558 30.3092 30.0122 27.6851 26.1751 24.6752 24.0105 23.3324 22.9108 22.304 21.8592 21.8014 21.3691 20.9937 20.9354 21.0236 20.9078 20.9661 20.8529 20.9911 20.9055 20.8425 20.8936 20.9333 20.4965 20.0637 19.5973 18.9948 18.6498 18.5055 17.9209 17.5256 17.3511 16.7864 16.3478 13.1182 12.3001 8.2359 6.2661 6.0975 6.3703 6.3756 6.3056 6.9308 6.9216 6.9152 6.8353 6.3145 6.4461 6.4953 6.5484 6.5502 6.4161 6.4115 6.553 6.5529 6.5531 6.4571
29.2564 29.278 29.3055 29.3415 29.3905 29.4602 29.3942 29.5723 28.4582 27.3665 25.2356 24.3317 23.5025 23.0958 22.4637 21.7173 21.1251 21.1343 21.0716 20.925 20.8952 20.8932 20.6645 20.7302 20.8074 20.9478 20.9492 20.9499 21.0045 20.9868 20.669 20.3119 19.6916 19.1762 18.7094 18.5714 17.9245 17.3787 16.9004 16.1794 16.1582 14.3753 7.0978 5.5985 6.0521 6.1722 6.3524 6.324 6.9091 6.9173 6.9127 6.8329 6.3144 6.3951 6.4944 6.5482 6.5507 6.419 6.4128 6.551 6.5509 6.5511 6.4564 6.4568
29.2227 29.2341 29.2463 29.0122 29.0326 29.0394 28.9877 28.3682 26.7048 25.4299 24.5242 24.0691 22.8903 22.5882 21.4786 21.3407 21.0857 21.0629 20.9963 20.9005 20.6238 20.4828 20.3756 20.3914 20.5795 20.9231 20.9492 20.9492 20.9803 21.0393 20.8143 20.4362 19.8146 19.5491 18.4925 18.3116 17.8282 17.123 15.6377 15.5149 12.5777 4.4578 4.3562 5.1417 5.6037 6.2545 6.3763 6.8609 6.9115 6.9121 6.831 6.3141 6.3917 6.4924 6.5478 6.5515 6.4234 6.3568 6.5483 6.5481 6.5485 6.4554 6.4561 6.4566
28.9163 28.9239 28.929 28.9279 28.3462 28.2777 27.0934 26.7839 26.1759 24.2068 23.4299 22.3934 21.9238 21.5194 21.2073 21.162 21.0332 20.9808 20.8829 20.849 20.465 20.3839 20.3326 20.2594 20.3926 20.819 20.9339 20.9492 20.956 21.045 20.8065 20.3979 19.9812 19.7817 18.9286 18.2894 18.0785 16.285 16.0327 11.4039 4.9831 3.3885 4.0219 5.6113 6.145 6.3925 6.7441 6.9066 6.9234 6.7915 6.3133 6.3839 6.4007 6.5006 6.5526 6.5559 6.3609 6.3511 6.5442 6.5449 6.4541 6.455 6.4558 6.4565
28.8816 28.2522 28.239 28.2077 28.1441 26.9237 26.7618 26.4654 23.9381 22.9044 22.1713 21.6894 21.1998 21.1114 21.0508 21.0703 20.9727 20.913 20.7101 20.5152 20.3487 20.2894 20.187 20.0721 20.4413 20.6395 20.8487 20.9646 21.0377 21.1118 21.048 20.4518 20.3026 19.5943 18.8411 14.8051 18.1344 16.5919 15.0453 8.7885 4.7701 3.6337 5.4868 6.5077 6.1676 7.0624 7.1487 6.9335 6.7904 6.2588 6.5573 6.396 6.5008 6.5545 6.5595 6.368 6.3531 6.5384 6.5395 6.4522 6.4536 6.4548 6.4557 6.4565
28.1807 28.1626 28.1308 28.0778 26.8407 26.7419 26.5794 23.8864 22.8084 22.0955 21.6092 21.3875 21.0958 20.957 20.8965 20.9192 20.8786 20.734 20.4007 20.4157 20.289 20.091 19.9911 19.9312 20.1769 20.6752 20.8212 20.9489 21.0896 21.1118 21.1055 20.6966 20.2982 20.2969 19.4441 17.6 15.6059 10.1205 8.8454 6.9418 5.3129 4.907 3.9788 6.9742 7.4601 7.5176 7.6858 6.5919 6.5352 6.5359 6.3764 6.4253 6.5589 6.5007 6.3815 6.357 6.5291 6.5311 6.4494 6.4517 6.4534 6.4548 6.4559 6.3214
