normal_rasters/0772100001000765.ascii
ncols 77 
nrows 73 
xllcorner 158351.483994
yllcorner 383879.485992
cellsize 0.25
nodata_value -9999 
[rows 0 to 30 of 73, columns 0 to 68 of 77]
12.2164 16.3814 16.3931 16.8167 17.027 17.0922 19.2111 19.2313 19.255 19.2566 19.2387 19.2166 19.4692 15.1498 15.1671 22.7403 22.7244 22.7063 22.6862 22.6648 22.6431 22.6229 22.6063 22.5952 22.6369 22.7731 22.9051 23.023 28.7514 28.8431 30.2657 30.3099 30.3397 30.3584 30.3685 30.3725 30.3719 30.3683 30.3624 30.3551 31.9864 33.6208 39.7437 34.9278 28.7453 28.7226 28.7022 28.6839 28.6677 26.5647 26.5162 20.1221 20.0903 20.0614 19.4139 19.3796 19.3485 19.3205 13.7639 13.7547 13.7463 10.7054 10.1182 10.1092 9.53 9.5174 7.3356 7.3253 6.489
12.2179 12.217 16.3787 16.3921 16.815 17.0271 17.0923 19.2065 19.2303 19.2588 19.2616 19.2402 19.2131 19.4532 15.1475 15.1694 22.7267 22.706 22.682 22.6554 22.6273 22.6002 22.5772 22.562 22.6079 22.7841 22.9517 23.0956 28.8401 30.2896 30.3513 30.3911 30.4143 30.4254 30.4282 30.4253 30.4186 30.4094 30.3987 32.0218 33.6326 39.704 34.8919 28.7539 28.7276 28.704 28.6829 28.6643 26.5731 26.5181 20.1329 20.0971 20.0647 19.4165 19.3784 19.3442 19.3135 13.7639 13.7537 13.7446 10.7068 10.1198 10.11 9.5307 9.517 7.3356 7.3244 6.4883 6.4832
13.4263 12.2188 12.2178 16.3754 16.391 16.8131 17.0276 17.0927 19.2008 19.2294 19.264 19.2684 19.2423 19.2083 19.4308 15.1443 15.1729 22.709 22.6807 22.6477 22.6109 22.5734 22.5405 22.5184 22.5717 22.808 23.0266 28.8138 30.3124 30.4039 30.4595 30.489 30.5009 30.501 30.4937 30.482 30.4677 30.452 32.0647 33.6467 34.9971 34.8479 28.7655 28.7347 28.7071 28.6826 28.6611 26.5841 26.5214 20.1455 20.1049 20.0685 19.4195 19.377 19.339 17.6989 13.7638 13.7526 12.1501 10.7084 10.1216 10.1108 9.5314 9.5165 7.3355 7.3234 6.4875 6.0587 6.0556
13.4274 13.4259 12.2199 12.2188 16.3715 16.3898 16.8109 17.0287 17.3088 19.1936 19.2284 19.2714 19.2778 19.2453 19.2013 19.3982 21.8025 15.1784 22.6846 22.6441 22.5956 22.5424 22.4928 22.4587 22.5255 22.8584 23.1519 28.9809 30.4719 30.555 30.5939 30.6049 30.5992 30.584 30.5638 30.5413 30.5181 32.1174 33.6635 34.9661 34.7937 28.7809 28.7445 28.712 28.6832 28.658 26.5988 26.5266 20.1604 20.1141 20.0728 19.4228 19.3752 19.3329 17.6912 13.7637 13.7513 12.1506 10.7102 10.1236 10.1117 10.1009 9.5159 7.3354 7.3222 6.4867 6.058 6.0546 6.0515
13.4836 13.4277 13.4254 12.2213 12.22 16.3667 16.3885 16.8084 17.0307 17.308 19.1841 19.2274 19.2822 19.2915 19.25 19.1907 13.6801 14.3488 15.1878 22.6491 22.5861 22.5092 22.4296 22.3721 22.4654 22.9668 28.9493 30.5605 30.6978 30.7509 30.7565 30.7375 30.707 30.672 30.6362 30.6014 32.183 33.6837 34.9269 34.7261 28.8016 28.7582 28.7194 28.6852 28.6554 28.6297 26.5344 20.1783 20.1249 20.0777 20.0361 19.3729 19.3255 17.682 13.7636 13.7499 12.1511 10.7122 10.7036 10.1127 10.1008 9.5152 7.3354 6.493 6.4858 6.0572 6.0534 6.0501 5.792
10.7548 13.4812 13.4281 13.4248 12.2231 12.2216 16.3608 16.3872 16.8055 17.0342 17.3072 19.1713 19.2267 19.2988 19.3121 19.2573 19.173 13.6547 14.3348 22.6702 22.5927 22.4819 22.3459 22.2352 22.3882 23.2201 30.6674 30.9338 31.0087 30.9939 30.9432 30.8816 30.8194 30.761 30.7077 32.2655 33.7083 34.8769 34.641 28.8297 28.7774 28.7305 28.6892 28.6534 28.6229 26.5457 20.1999 20.1378 20.0833 20.0357 19.37 19.3165 17.6708 13.7635 13.7481 12.1517 10.7144 10.7049 10.1137 10.1006 9.5143 7.3353 6.4927 6.4848 6.0563 6.0522 6.0486 5.7415 5.1748
10.9932 10.7565 13.4782 13.4286 13.4239 12.2253 12.2236 16.3532 16.3858 16.8022 17.0401 17.3061 19.1531 19.2265 19.3254 19.3454 19.27 16.7072 13.6066 14.3028 22.6354 22.4893 22.2473 21.9882 22.3096 30.6963 31.3957 31.499 31.4057 31.2708 31.1405 31.0261 30.9283 30.8451 32.3702 39.8527 34.8125 34.347 30.5651 28.8042 28.7468 28.6963 28.6528 28.616 26.5622 26.4601 20.1534 20.0898 20.0348 19.3662 17.702 17.6572 13.7634 13.7461 12.1523 10.7169 10.7062 10.1148 10.1003 9.5132 7.3353 6.4924 6.4837 6.0553 6.0509 6.0469 5.74 5.1739 5.1726
10.989 10.9944 10.7588 13.4744 13.4292 13.4227 12.2284 12.2263 16.3433 16.3846 16.7986 17.0502 17.3046 19.1261 19.2277 19.3709 19.4038 19.2939 16.7163 13.501 14.2154 22.6072 22.238 21.43 22.4922 32.6635 32.7045 32.232 31.8358 31.5419 31.3226 31.1549 31.0233 32.5034 39.887 39.1263 34.3416 30.5515 30.5493 28.771 28.7083 28.6544 28.609 28.5716 26.4637 20.1726 20.0974 20.0333 19.3613 17.691 17.6404 13.7634 13.7437 12.1531 10.7197 10.7077 10.116 10.0998 8.2272 7.3353 6.4921 6.0596 6.0542 6.0493 6.045 5.7384 5.173 5.1715 5.1702
11.7334 10.9895 10.9959 10.7616 13.4694 13.4301 13.4209 12.2325 12.2301 16.3298 16.3838 16.795 17.068 22.8112 19.0829 19.2321 19.4553 19.5189 19.3462 16.6684 19.224 19.7553 21.8628 20.8553 38.0008 40.76 38.4023 37.5153 37.0598 36.7836 36.5985 36.4658 36.2406 39.9576 34.5615 34.3569 34.2011 30.5315 28.8069 28.7276 28.6595 28.6026 28.5563 26.4717 20.1966 20.1066 20.0307 19.9672 17.677 17.6195 13.7634 13.7408 12.1539 10.7229 10.7093 10.1173 10.0991 8.2275 7.3353 6.4918 6.059 6.053 6.0476 5.7396 5.7365 5.172 5.1704 5.169 4.3674
11.1063 11.7316 10.9901 10.9979 10.7654 13.4628 13.4296 13.4184 12.2385 12.2355 16.3104 16.3843 16.7928 17.1006 22.6418 19.0065 19.2449 19.6299 19.7886 19.4822 16.1687 15.5426 15.3401 24.0843 40.2166 40.3536 38.5818 37.6735 37.1753 36.8686 36.6629 36.5993 40.0037 34.7166 34.4155 34.1864 30.5106 30.507 28.7587 28.6708 28.5977 28.5389 26.4863 20.2273 20.1175 20.0265 19.9517 17.6589 17.5931 13.7634 13.7373 12.1548 10.7267 10.7111 10.2931 10.0982 8.228 6.505 6.4915 6.0584 6.0516 6.0457 5.7379 5.1727 5.1708 5.169 5.1675 4.3666 4.3639
11.1164 11.1054 11.7292 10.9908 11.0005 14.0492 13.4536 13.4285 13.4146 12.2474 12.2437 16.2809 16.3879 16.797 17.1945 22.3218 18.8508 19.2798 20.0333 20.6017 19.8281 13.2797 12.9439 21.482 35.2083 38.3087 37.9608 37.4888 37.1245 36.6778 37.1118 40.4222 39.3989 34.5666 34.211 30.4872 30.4776 28.8088 28.6925 28.5961 28.5194 26.5115 20.2675 20.131 20.02 19.9306 17.6352 13.7993 13.7634 12.4179 12.1558 10.731 10.713 10.2936 10.0968 8.2285 7.332 6.4912 6.0577 6.0501 6.0434 5.7358 5.1716 5.1694 5.1675 4.3687 4.3656 4.3627 3.5931
11.7054 11.1177 11.1042 11.7259 10.9917 11.0042 14.029 13.4405 13.4264 12.2609 12.2619 12.2571 16.2315 16.4006 14.4315 17.2841 20.7738 18.4626 19.3174 22.3538 21.3249 20.0379 17.9394 22.8718 32.3665 35.9193 36.7605 37.1847 43.2924 43.5384 41.138 40.0258 39.2548 34.3358 33.9226 30.4416 30.4347 28.7326 28.6014 28.4978 28.42 20.3216 20.1478 20.0096 19.9011 17.6033 14.2078 13.7636 12.4209 12.157 11.3278 10.7151 10.2939 10.0949 8.7487 7.332 6.491 6.057 6.0484 6.0409 5.7335 5.1702 5.1679 5.1658 4.3678 4.3643 4.3613 3.5914 2.2989
12.2948 11.7069 11.1194 11.1025 14.4304 10.9929 14.05 14.0 13.4204 13.4221 12.2823 12.2876 12.2807 16.1371 16.4452 18.378 21.2995 19.6893 19.8332 19.2316 24.8931 26.4238 32.926 26.6182 29.7857 31.8405 35.841 42.7812 49.0586 42.7255 41.1775 40.0985 39.0112 33.9765 30.4019 30.3777 28.8052 28.6207 28.4752 28.3681 20.3971 20.1691 19.9929 19.859 17.5597 14.4122 13.7639 12.6081 11.3469 11.3305 10.7173 10.2938 10.0922 8.7477 7.332 6.0675 6.0562 6.0464 5.7362 5.7307 5.1687 5.1661 5.1638 4.3666 4.3629 4.3596 3.5894 2.299 2.3407
12.5245 12.2964 11.7088 11.1216 11.0997 14.4216 10.9946 14.0368 13.956 13.3878 13.4127 15.4195 12.3404 15.76 15.9112 14.8044 19.6751 21.8817 13.6353 28.2969 37.6707 37.6946 37.733 38.0077 34.952 35.6723 44.7753 46.7951 43.0204 40.2928 41.9954 40.1865 38.5781 30.3779 30.3031 30.2855 28.6684 28.4548 28.2996 20.5062 20.1966 19.9655 19.7968 14.449 14.4103 13.7644 12.612 11.3535 11.3335 10.7198 10.6949 8.7633 8.7462 7.3321 6.0685 6.0554 6.0441 5.7337 5.7276 5.1669 5.1639 5.1615 4.3652 4.3611 3.5941 3.1989 2.2989 1.9308 2.2949
12.5217 12.5252 12.2986 11.7115 11.1248 11.0953 14.4099 10.9972 14.0171 13.8845 14.0509 13.3887 16.4413 12.4765 15.143 15.0969 21.8084 28.6252 31.1578 34.0728 36.2653 37.6812 37.5923 39.397 41.5494 43.8947 44.9686 46.201 43.6765 43.9938 40.1202 40.28 33.951 30.2354 30.1363 28.7692 28.4454 28.2058 27.2252 20.2317 19.9185 19.7014 14.458 14.4075 14.163 12.6173 11.3618 11.3369 10.7224 10.6925 8.7644 8.7442 7.3323 6.0701 6.0546 6.0415 5.7308 5.1687 5.1647 5.1615 4.3686 4.3634 4.359 3.2032 3.1982 2.2986 1.9298 2.293 2.0211
12.5181 12.5217 12.5263 12.3017 11.7153 11.1293 13.7639 14.3936 14.0425 13.985 13.7574 18.1609 19.8969 16.4215 13.0201 13.9215 11.5077 27.7043 33.2989 39.0986 41.1117 40.2434 40.5945 41.6691 42.8417 44.6212 45.4916 47.0193 45.7543 46.2615 43.6512 40.5431 30.3956 29.9251 29.8379 28.4644 28.0728 27.0104 20.2733 19.8341 17.0106 14.4715 14.4033 13.2664 12.6248 11.7914 11.3409 10.725 10.6887 8.7655 8.7413 7.3327 6.0723 6.0539 6.0384 5.7273 5.1667 5.1622 5.1585 4.3669 4.3613 4.3564 3.2028 2.3067 2.298 1.9285 2.2906 2.0201 2.9857
12.5137 12.5171 12.5216 16.3419 12.3064 11.7213 11.1363 13.7454 14.3695 14.0281 13.9214 13.7043 17.8405 19.5341 19.0975 19.5794 28.1735 29.9949 33.5658 40.2583 43.1316 41.791 42.3972 43.9385 44.9291 45.5506 47.1823 44.9969 46.4536 48.1227 44.4942 37.3196 30.4357 29.0984 28.6952 27.207 22.1246 20.8746 19.6728 15.1934 14.9208 14.3965 13.2736 12.6358 11.8004 11.3452 10.7275 10.6823 8.7667 8.7371 7.3332 6.0755 6.0532 6.0347 5.7232 5.1643 5.1591 5.1549 4.3648 4.3585 4.3531 3.2021 2.3067 2.2971 1.9266 2.2876 2.0188 2.0187 2.9885
19.0892 15.4037 12.5154 12.5214 16.3122 16.1126 11.7317 14.2941 13.718 14.3318 14.0076 13.7463 13.5019 17.5375 11.3777 29.0794 31.7316 36.3987 37.3277 40.1157 40.6785 44.0267 47.0484 47.2854 46.7926 46.2733 47.2786 43.447 42.9965 44.4429 48.208 35.682 34.9423 25.8112 26.9537 21.8156 21.2995 16.2286 16.0385 14.9467 14.3853 13.2852 12.8672 11.8129 11.35 10.7291 10.6718 8.7679 8.7308 7.3342 6.0803 6.0527 5.7319 5.7181 5.1613 5.1552 5.1504 4.3621 4.355 3.2089 3.2011 2.3064 2.2957 1.924 1.3272 2.0172 2.0172 2.987 3.7499
19.0414 19.0247 19.0135 12.5126 12.521 16.2755 16.0904 15.4266 14.1646 13.6709 14.2786 13.9192 15.0034 13.6902 27.3931 31.51 36.4706 37.0481 37.8881 39.0327 40.1142 45.5598 47.9337 47.824 46.394 43.654 40.2043 32.4667 32.5788 35.1796 36.5198 29.2406 28.4526 24.5471 19.4919 18.5723 16.7537 16.0504 15.0945 14.3662 13.3062 12.8727 11.8311 11.3544 11.2983 9.3785 9.3387 8.7213 7.3357 6.0876 6.0526 5.7285 5.7117 5.1575 5.1504 5.1449 4.3585 4.3505 3.2084 3.1995 2.3055 2.2936 1.9206 1.326 2.0151 2.0153 2.3507 3.7471 3.7608
18.9916 18.9616 18.9334 18.9126 16.1304 12.5197 16.233 19.6444 15.3642 13.8519 13.5019 14.7892 12.0889 22.5218 29.8492 35.1334 39.2925 40.5057 41.4677 40.3498 39.9359 44.1855 46.1675 47.1191 43.3759 37.7216 28.068 23.3185 26.09 27.3063 37.6113 21.317 20.3364 19.8789 17.881 17.2109 15.9085 15.0475 14.0515 13.3529 12.5161 11.8593 11.3565 11.2773 9.3866 9.3319 8.261 7.3383 6.6417 6.0532 5.7245 5.164 5.1527 5.1441 4.3647 4.3536 3.2193 3.2074 3.1973 2.304 2.2907 0.9786 1.3243 2.0125 2.0129 2.3493 3.7437 3.7593 5.5685
18.9431 18.8973 18.8471 18.7958 18.7531 18.7425 16.3156 19.6673 19.0911 15.3026 12.8903 10.0311 23.2101 36.7799 35.6588 40.673 40.5143 41.2827 41.7322 40.9465 40.3496 44.422 45.5711 40.2851 36.7044 27.7368 22.7519 23.1044 24.2863 20.6826 20.0774 19.5 17.712 17.3254 17.0647 16.0541 14.9803 14.2155 13.5011 12.5879 11.9042 11.3495 11.2325 9.398 9.3184 8.2585 7.3427 6.6431 6.0553 5.7197 5.1606 5.1462 5.1358 4.3599 4.3469 3.2196 3.2056 2.3192 2.3014 2.2864 0.9778 1.3219 2.009 2.0098 2.3476 3.7396 3.7572 5.5639 5.5807
18.9001 18.8383 18.7634 18.6734 18.5695 18.4675 18.4307 16.2965 19.3067 17.301 17.85 29.1478 35.7341 38.3771 41.2786 43.2663 42.5078 41.5953 41.2607 41.2986 40.4756 42.5572 37.2643 31.1185 25.85 25.5851 23.041 22.5306 22.8597 20.8292 18.7532 17.9162 17.0986 16.7214 15.332 15.2912 14.4552 14.2132 12.7544 11.9566 11.3153 10.4471 9.4141 9.2903 8.2544 7.3504 6.6461 5.7636 5.7137 5.156 5.1373 5.1244 4.3527 4.3376 3.2192 3.2028 2.3178 2.2973 1.8927 0.9763 1.3185 1.3132 2.0058 2.3453 3.7344 3.7546 3.7726 5.5774 7.3292
18.5187 18.7928 18.6961 18.5679 18.3925 18.1483 17.8339 17.6883 18.1226 21.135 30.6197 38.3772 40.1203 40.961 41.8872 43.2704 43.1539 42.8422 42.3788 42.28 39.5012 30.0659 25.0386 25.584 26.8306 25.8984 25.6684 23.7552 20.0087 18.07 16.8322 16.2954 15.8425 14.6184 14.0749 13.2329 12.9083 12.3206 11.9917 11.1111 10.4285 9.8008 9.2283 8.2464 7.5888 6.6529 6.6044 5.7065 5.1497 5.1244 5.1082 4.3418 3.2424 3.2177 3.1981 2.3148 2.291 0.9611 0.9737 1.3138 1.3082 1.3955 2.3422 2.3612 3.7512 3.7719 5.5733 5.5929 7.3449
18.6034 18.5352 18.4419 18.3072 18.0989 17.7441 17.0494 15.6717 17.2539 28.7177 32.0633 39.5713 43.5707 43.7893 42.9645 43.1144 43.1873 42.8358 42.9109 42.788 30.8417 22.3541 22.942 25.4344 25.5865 25.382 24.3387 20.9713 17.6817 16.9462 15.4881 15.4213 14.2546 13.1872 13.0802 12.5784 12.1106 11.3061 11.0606 10.174 9.7308 8.883 8.2251 7.5642 6.6691 6.5883 5.1986 5.1407 5.1046 5.0837 4.3249 3.2452 3.2142 3.1906 2.3089 2.2811 0.9592 0.9696 0.86 0.69 1.3939 2.3382 2.3604 3.7468 3.7708 5.568 5.5906 7.3398 8.8733
21.5427 21.4277 21.2765 21.0688 20.767 20.2924 19.4579 17.8598 24.7986 30.0098 33.873 37.5824 40.4522 44.1499 43.7934 43.3506 43.2839 43.1468 42.8524 30.7747 25.9263 22.2138 22.393 23.1006 25.3612 25.5764 20.0885 17.91 15.9889 15.3309 14.2462 13.2117 12.6546 12.6093 11.3312 11.2226 10.7431 10.2643 9.9654 9.6302 8.9468 8.189 7.1948 6.7106 6.5593 5.2252 5.1268 5.0715 4.3353 4.2973 3.2466 3.2071 2.3415 2.2985 1.362 0.9551 0.9631 0.8507 0.6894 1.3917 2.3328 2.3592 3.741 3.7692 5.5612 5.5876 7.3334 8.8685 8.8863
21.6554 21.5762 21.4805 21.3655 21.2333 21.1133 21.1705 22.2559 27.7896 31.0198 34.7275 37.2191 38.9806 41.7332 43.1684 43.4864 43.3628 43.3185 26.7884 27.0393 26.1573 25.3434 21.9753 21.5903 22.9307 18.6137 17.3409 16.3024 15.3349 14.378 13.5559 12.8811 12.0285 11.0942 10.6188 10.208 9.8332 9.1409 8.7738 8.8094 7.788 7.3994 7.028 6.5077 5.2925 5.1045 5.0104 4.2968 3.3188 3.2447 3.193 2.3329 2.2801 1.3568 0.9474 0.8384 0.2104 0.6883 1.3883 2.3253 2.3572 3.7332 3.7668 5.5524 5.5835 7.325 7.3561 8.8831 8.9013
21.7815 21.7418 21.7057 21.6847 21.7084 21.8521 22.3027 26.4038 31.8178 32.7464 34.0678 36.1343 37.6952 40.2114 41.8632 42.6015 43.4036 26.0214 21.7667 26.1699 27.2056 26.3084 21.8455 21.4834 18.3182 16.8461 16.0314 15.3536 14.2563 13.0 12.7263 11.4309 11.042 10.357 9.903 9.2226 9.0805 8.5285 8.3452 8.0086 7.265 6.851 6.5155 5.4398 5.069 4.8834 4.1723 3.3407 3.2337 3.1645 2.3129 1.3915 1.3454 0.9335 0.2092 0.2104 0.6867 1.3834 1.4093 2.3542 3.7226 3.7633 5.5408 5.578 7.3141 7.3508 8.8789 8.9002 10.4537
21.9094 21.9054 21.919 21.9674 22.0834 22.3264 26.2635 31.965 32.2949 34.468 36.8609 41.3639 39.6936 40.0611 41.4891 39.1279 26.6957 22.4524 22.3706 24.8367 26.1575 27.0259 25.4743 19.3946 16.62 15.9907 14.5744 13.9262 13.3189 12.8657 11.8107 11.0498 10.1788 9.8219 9.4672 8.776 8.1209 8.0156 7.241 6.7574 6.6036 6.3551 5.8716 4.9732 4.3085 4.0246 3.3556 3.1985 3.1048 1.503 1.3805 1.3219 0.9087 0.2088 0.2105 0.6839 1.3759 1.4089 2.3495 3.708 3.758 5.5253 5.5703 7.2995 7.3435 8.8732 8.8985 10.4505 10.4659
22.0293 22.0527 22.1003 22.1877 22.3387 26.2434 32.0018 32.1494 34.8742 36.6964 39.1102 41.8916 40.0654 39.1514 40.1559 26.8492 22.4573 22.6404 22.3718 22.2542 22.1803 26.1625 20.1681 17.6196 15.6338 14.6557 13.7192 12.8273 12.1506 11.0162 10.8872 10.3955 9.4939 9.1446 8.706 8.2908 7.2479 7.0633 6.8403 6.3135 5.9057 5.7827 4.9945 4.5046 3.4762 3.3913 3.1006 1.913 1.4927 1.3895 0.9573 0.2937 0.2083 0.2107 0.6794 1.3642 1.4077 2.3421 3.6874 3.7501 3.8017 5.5596 5.6066 7.3334 8.8654 8.8959 10.4463 10.4645 11.6462
22.1354 22.177 22.2435 26.0897 26.2421 27.7933 34.7594 35.0394 35.4244 37.2329 38.4691 39.4204 39.1146 38.3871 32.414 26.1006 23.0107 22.5484 22.1978 21.9854 21.1789 19.3165 18.3231 16.0928 14.9354 13.9181 13.0937 12.0044 11.6428 10.9725 10.3106 9.1887 8.8204 8.2195 8.0241 7.5583 7.0149 6.3618 5.8208 5.3564 4.6296 4.54 3.8628 3.352 2.8137 2.5405 1.843 1.4082 0.9315 0.3285 0.2901 0.2074 0.2109 0.6713 0.807 1.4045 2.3303 2.4785 3.7381 3.8033 5.5443 5.6028 7.3192 8.8546 8.892 8.9231 10.4625 11.6436 11.6535
22.2251 22.277 26.1386 26.2446 27.7063 34.8299 35.0172 35.314 36.7548 37.2542 37.8731 38.3077 37.6944 32.9551 27.6342 27.3215 25.7188 23.081 23.295 21.9937 19.2088 18.1063 16.3564 15.6854 14.9786 13.0466 12.4312 11.4755 10.5837 10.0012 9.7506 8.7914 8.3619 8.0323 7.5514 6.8655 6.5151 5.6737 5.3846 4.5849 4.0394 3.3641 3.1003 2.4549 2.076 1.4562 0.9691 0.6386 0.3421 0.2816 0.2056 0.2113 0.6563 0.8029 1.4629 1.517 2.4742 3.7194 3.8041 5.5219 5.5965 7.2988 8.8393 8.886 8.9244 10.4596 10.4819 11.6523 11.6623
