normal_rasters/0772100001000734.ascii
ncols 166 
nrows 183 
xllcorner 158677.681
yllcorner 383630.904999
cellsize 0.25
nodata_value -9999 
[rows 64 to 95 of 183, columns 70 to 139 of 166]
5.8261 5.9482 5.9757 5.5592 5.3448 5.2256 4.9936 4.9119 4.6418 4.5602 4.5008 4.6912 4.9562 5.9617 6.702 9.2757 11.3023 13.3648 15.4105 18.5751 20.4719 22.9524 25.2643 27.7996 28.9921 31.5884 32.5328 32.8616 38.792 41.2391 41.4828 42.5459 43.8329 42.1085 39.5327 38.8562 36.9375 37.4123 38.7657 38.9208 34.8047 34.2773 33.4026 32.7498 34.7484 28.1291 27.8083 24.3759 24.4078 28.8759 27.3998 27.4602 27.1837 24.7678 23.2111 16.5105 16.3564 16.2262 10.7892 10.772 9.7512 9.2201 8.5199 14.2877 13.9342 13.9544 13.9724 13.9883 14.0022 14.0144
6.0699 6.0031 5.9739 5.8777 5.5091 5.2704 5.4025 5.2433 5.0936 4.906 4.8491 4.9013 5.2113 6.1861 7.2707 8.445 11.2853 12.6673 14.4874 17.6477 20.3808 22.9767 24.9133 26.956 29.1749 31.9356 37.1999 31.8584 38.7171 40.1992 38.2821 39.1111 37.3087 37.3629 32.8815 31.7259 33.7782 35.2957 36.1204 37.6896 37.988 38.1608 38.1362 32.9784 35.0146 34.6655 28.0243 27.2648 24.3885 28.8087 28.9178 27.4118 27.2112 27.1433 24.0085 23.1388 16.4559 16.3295 10.7994 10.7831 10.7687 9.746 9.2204 8.5202 14.3032 13.9416 13.959 13.9746 13.9884 14.0007
6.0957 6.0433 6.0375 5.9347 5.8334 5.7035 5.8593 5.7789 5.6626 5.4362 5.2454 5.1375 5.4297 5.8862 7.6517 9.0986 10.2555 12.1994 14.4089 17.2191 19.5833 22.5033 24.5109 26.1785 28.7764 31.0945 32.1842 33.3791 34.3023 37.1564 34.3286 32.5166 31.7237 30.0422 30.5602 31.047 31.4011 28.3913 25.2209 30.0258 30.0821 30.8197 37.6409 35.4883 31.9781 31.9064 28.1856 27.9612 27.3076 24.3958 28.859 27.3735 27.418 27.1707 27.115 23.9483 23.089 16.4166 16.3111 10.7924 10.7786 9.7614 9.7423 9.2207 14.2829 13.9308 13.9475 13.9626 13.9762 13.9884
6.0731 5.8977 6.116 6.1007 6.0121 5.928 5.8732 5.8774 5.4828 5.5285 5.5933 5.8053 5.7623 6.3995 7.0388 9.0917 10.6863 11.852 13.6866 16.908 19.2027 21.6588 25.2746 26.6642 28.9708 31.6256 29.9519 31.8937 30.1816 27.8735 28.7136 28.8736 25.7533 26.83 28.3284 28.9262 27.5707 26.3371 24.7743 23.8886 20.5344 18.6224 17.4339 16.9737 5.6811 5.6317 5.5942 5.566 7.2349 13.9735 22.0733 28.8944 27.3848 27.191 27.141 27.0948 23.9048 16.4898 16.3879 16.2986 10.787 10.7752 9.7561 9.2231 9.2211 14.2968 13.9376 13.9522 13.9654 13.9774
5.8851 5.9869 6.2773 6.2836 6.0341 5.9188 5.8168 5.634 5.4253 5.5028 5.933 6.0912 6.7305 6.7944 7.3626 8.4829 10.269 11.2547 13.818 16.3727 18.8789 20.918 31.9693 31.7395 29.3682 28.5224 26.5242 26.3452 26.1277 25.8877 22.3787 23.6394 25.0845 26.3984 28.0936 29.4986 27.7102 25.5937 21.7602 20.5161 18.4242 17.7442 16.0412 8.8758 5.628 5.5803 4.0109 3.9929 3.9793 3.2623 3.2518 3.2437 3.2375 5.0694 11.9666 14.1356 22.2293 15.2122 16.4534 16.3668 10.7941 10.7828 9.768 9.752 9.2231 14.2808 14.308 13.9431 13.9559 13.9676
5.9373 6.4904 6.7254 6.2135 5.9095 5.579 5.4642 5.3324 5.3779 5.6636 6.141 6.4959 6.9588 7.4474 7.8977 8.4581 9.9363 11.4399 12.7276 16.08 18.473 24.2611 27.7372 32.9986 27.4857 25.0999 24.1492 21.1771 21.656 21.2631 21.1485 19.5187 22.0852 27.131 39.8304 30.809 25.5638 22.022 20.161 17.8855 14.1053 10.0887 8.8759 5.6206 5.5583 4.0075 3.9847 3.9683 3.2541 3.242 3.2332 3.2267 2.4821 2.48 2.4459 2.3657 2.3698 2.1351 4.3677 11.68 7.4216 9.3891 10.7796 9.7629 9.7489 9.2232 14.2932 14.3172 13.9475 13.9589
6.7301 6.8744 6.8076 6.2308 5.6315 5.3158 5.3669 5.4479 5.544 5.7355 6.2364 6.5953 7.0022 7.5994 8.2732 8.7769 10.5812 13.2154 13.9877 13.656 24.8356 26.3621 25.1005 23.5488 23.032 21.698 20.4607 20.2542 18.377 17.5154 18.4021 17.4999 18.6334 20.4863 26.0575 24.7456 21.0192 18.7328 15.0499 10.0849 10.0696 8.8817 5.6056 12.4112 4.0014 3.972 3.2614 3.2421 3.2284 3.2189 2.4837 2.4807 2.4468 2.4437 2.3637 2.1361 2.1594 7.7723 7.8098 7.766 7.7825 7.6555 7.6469 7.4503 7.43 3.0837 5.5424 14.3034 13.9402 13.9512
7.0654 7.0891 6.7773 6.1946 5.6599 5.7087 5.8353 5.7562 6.0135 6.0591 6.5961 6.8063 7.3738 8.1336 9.164 10.3328 12.1041 23.359 10.8628 20.1624 24.2882 22.0187 22.1831 21.0933 18.3693 18.7305 18.7292 17.3883 16.5557 16.1411 14.4306 14.8629 14.6824 14.6185 16.7552 15.564 13.753 9.8134 10.0864 10.0426 16.9985 7.2276 12.2629 3.99 3.951 3.2472 3.2241 3.2089 2.4863 2.4819 2.4785 2.4441 2.3398 2.3609 2.1357 2.1588 7.7792 7.8216 7.7775 7.7952 7.6553 7.6455 7.4441 7.4217 7.4022 1.629 1.6283 5.4174 5.3811 5.3919
7.0651 7.1647 6.9887 6.2475 5.9265 6.2592 6.2927 6.5273 6.6472 6.9812 6.8418 7.6231 8.0392 10.585 12.9954 16.9666 13.2801 17.4867 20.4141 21.7348 22.2559 22.0175 22.5693 19.5815 17.72 16.256 16.0894 16.2178 14.5604 14.0161 13.7562 12.3087 11.5401 11.8821 12.3703 11.485 10.1092 10.4884 10.0106 16.7622 7.2027 12.0157 3.9665 3.9139 3.223 3.196 2.6765 2.4841 2.4789 2.4752 2.3401 2.3605 2.1373 2.1351 7.7315 7.7897 7.8378 7.7927 7.6676 7.6548 7.6437 7.4363 7.4113 7.39 1.6285 1.6278 5.4215 5.3834 5.3951 5.4056
7.139 7.1061 6.6673 6.2442 6.3465 6.4319 7.0088 6.985 7.2497 7.7117 7.7234 9.4064 10.7557 13.6386 22.3417 13.0324 18.6278 22.1897 18.8718 19.2604 19.2687 20.3315 20.1033 18.799 16.5203 15.3882 14.2428 12.8425 12.865 12.1572 11.2613 10.5251 10.0247 9.5605 8.7736 9.7427 9.8938 10.1364 16.1828 12.3012 11.5299 3.9102 3.8416 3.1801 2.676 2.6708 2.4798 2.4739 2.3406 2.3352 2.164 2.1368 2.0722 7.7378 7.8056 7.7878 7.7982 7.6689 7.6539 7.6412 7.4262 7.3984 7.3749 1.6279 5.4031 5.3716 5.3863 5.3992 5.4105 5.4205
7.2656 7.3171 7.0169 6.8018 6.9553 7.227 7.7673 7.7436 7.9971 8.2326 10.1855 14.9675 26.0399 10.6082 14.6176 22.2961 19.6199 21.8051 19.0016 18.5463 19.4554 18.1759 17.4065 16.2398 16.1489 13.646 12.8876 11.8832 10.6807 10.1455 10.0006 9.0736 9.2752 8.5931 7.2148 7.4867 15.0025 12.8159 15.0252 10.2128 3.7445 3.6855 2.6832 2.668 2.6608 2.4715 2.3416 2.3332 2.1652 2.1634 2.1358 2.0721 7.7498 7.8293 7.7947 7.8079 7.6701 7.6526 7.4504 7.4131 7.382 1.6282 1.6272 5.4076 5.3739 5.3901 5.4042 5.4165 5.4272 5.6276
7.4852 7.5435 7.3882 7.384 7.3864 7.9722 8.2764 8.5835 8.9231 9.631 10.0654 12.2429 17.1235 15.2218 17.5896 19.6359 20.8379 19.9136 18.4404 17.0064 17.0798 17.441 16.3141 14.5695 14.2572 12.6374 11.6634 10.496 9.627 8.565 8.123 7.5812 7.0542 6.3718 5.1107 5.2107 12.4581 21.215 5.3743 3.0515 2.7894 2.6746 2.6498 2.6411 2.5457 2.3291 2.1676 2.1644 2.1622 2.1064 2.1292 7.7712 7.8499 7.8061 7.6964 7.6713 7.6503 7.4385 7.3958 7.3609 1.6274 1.6263 5.3562 5.377 5.395 5.4106 5.424 5.4355 5.6315 10.0035
7.9911 7.7344 7.8143 7.7763 8.0236 8.1986 8.8829 9.4701 10.1065 10.5079 16.603 11.4196 21.4987 19.4583 19.5068 19.8 19.2545 19.0496 16.4963 15.9883 17.4448 15.2505 14.434 13.7698 12.8527 12.1105 10.5598 9.9049 8.4176 7.6456 7.2953 6.6704 6.3064 5.099 4.3007 3.6706 3.4126 2.8646 2.8487 2.7517 2.5946 2.599 2.5124 2.3335 2.321 2.1662 2.1623 2.1836 2.1064 2.1284 7.7873 7.8646 7.8223 7.7033 7.6722 7.6468 7.4219 7.3727 7.3333 1.6263 5.3636 5.3578 5.3814 5.4016 5.4187 5.4333 5.4456 5.6361 10.0082 10.0291
8.1863 8.2599 8.3869 8.4002 8.3395 8.7392 9.0252 9.8824 11.0533 14.5445 15.5104 22.0097 20.7018 20.4773 20.2938 19.2095 17.4812 16.9432 16.2038 14.8173 14.7169 13.7594 13.1018 12.6568 12.1685 11.1945 10.1429 8.5894 7.9831 7.1242 6.4001 6.1024 4.9641 3.8578 3.3886 3.3368 2.9505 2.6311 2.7968 2.7674 2.4668 2.4167 2.3113 2.298 2.1618 2.066 2.0866 2.124 2.1269 7.7865 7.8174 7.8422 7.7122 7.6727 7.6413 7.3982 7.341 7.2966 1.6249 5.3287 5.3607 5.3876 5.4102 5.4291 5.445 5.6432 5.6416 10.0147 10.0373 10.0571
8.4934 8.5874 8.7398 9.0462 8.9857 11.3285 12.6785 12.402 22.3153 13.2515 22.8634 22.6181 20.0344 18.007 17.6252 17.1329 17.0119 15.4171 14.5464 13.9936 13.7533 13.0979 12.6479 12.4538 11.4323 10.6416 9.9968 7.9689 6.9689 6.313 5.4866 5.1353 4.1208 3.7905 3.2006 3.2158 3.0988 2.7033 2.5514 2.6646 2.2599 2.2056 2.1182 2.0723 2.0629 2.0846 2.123 7.5809 7.789 7.8455 7.8712 7.724 7.6719 7.452 7.3635 7.2967 1.6249 1.5709 5.3279 5.3653 5.3962 5.4217 5.4426 5.4598 5.6506 9.9949 10.0233 10.0479 10.2873 10.291
9.6111 9.2148 11.4464 12.6346 10.8679 15.703 25.5198 16.7259 24.7522 22.1154 25.1869 21.2214 17.29 16.9716 16.1839 15.2169 15.0987 14.3266 14.0699 12.4454 12.3918 12.3356 11.7415 11.0608 11.0022 9.0774 8.2983 7.3407 6.457 5.6891 4.9333 4.2089 4.0418 3.4455 3.2572 3.7143 4.6686 2.9267 2.3926 2.2448 2.0715 2.0158 2.0378 2.0653 2.0789 2.0673 7.4666 7.7998 7.8881 7.9184 7.7399 7.6685 7.4198 7.3112 7.2331 1.6224 5.274 5.3284 5.3727 5.4084 5.4372 5.4604 5.6627 5.6597 10.0036 10.0348 10.0615 10.287 10.2912 10.2949
10.0694 10.5607 11.9716 22.9805 11.9589 14.4778 20.6606 21.0944 20.4972 24.0978 21.192 19.1526 16.381 14.9755 14.6587 14.934 13.23 12.8067 12.2112 11.8561 10.6657 10.6175 10.9579 9.9147 8.8774 8.0044 7.244 6.3681 5.5524 5.1772 4.0936 3.8823 3.0268 2.9691 3.1898 2.3537 2.9298 2.7255 2.3177 2.4773 1.91 1.9081 2.0004 2.0534 2.0816 7.2256 7.8342 7.9712 8.0014 7.7626 7.6587 7.3641 7.2291 7.1385 1.5681 5.2641 5.3312 5.3842 5.4259 5.4585 5.484 5.6756 5.6711 10.016 10.0502 10.2814 10.2869 10.2916 10.2957 10.2993
11.0104 11.8917 13.0755 13.1848 20.368 12.7299 28.9476 22.1454 19.5989 18.9421 18.8297 16.6052 15.1745 14.3136 13.9983 13.7528 12.6231 11.4928 10.7102 10.3367 10.0254 9.7026 9.1706 8.3586 7.7306 6.9104 6.0115 5.614 4.5067 3.3833 3.2861 3.1316 2.6629 2.6667 2.4213 2.8969 3.6201 2.4403 2.1445 2.1609 2.106 1.8325 2.1429 2.1178 6.5672 7.9378 8.1637 8.0459 7.7951 7.6316 7.2621 7.0941 1.6151 1.5652 5.2534 5.3379 5.4025 5.4515 5.4883 9.0052 5.6923 9.9878 10.0333 10.2733 10.2806 10.2868 10.2923 10.2969 6.7984 7.0642
11.7624 23.9475 14.0451 20.3216 30.3619 23.6498 21.0349 20.9798 17.6369 16.6276 15.219 14.8263 14.1444 13.3208 12.9687 13.7035 12.369 10.7835 9.9588 8.8211 9.0831 9.0372 8.3968 7.1535 6.5208 5.7541 5.0611 4.0964 3.7362 3.3411 3.0206 2.8007 2.5057 2.2222 2.2059 2.2063 2.2928 2.0036 1.7233 1.9478 1.9972 1.9305 2.155 4.2539 7.9631 8.7424 8.348 7.8342 7.55 7.0606 6.8579 1.5611 5.0944 5.2424 5.352 5.4319 8.9462 8.9798 9.0065 5.7142 10.0069 10.2612 10.2711 10.2797 10.2871 10.2933 10.2986 6.8165 7.0621 7.3214
16.5762 14.7676 19.6065 22.832 21.6984 22.0729 19.5931 17.2746 16.1312 15.5194 14.7481 13.4902 13.323 12.4858 11.4662 11.9447 11.7796 10.8605 9.4645 8.3949 7.9199 7.9353 6.672 5.7541 4.652 4.6192 4.1969 3.7993 3.4682 3.3019 2.867 2.4137 1.8766 1.8077 1.9592 1.8671 1.8022 1.6653 1.5969 1.5907 1.7013 1.7712 1.9329 5.9056 10.0528 9.0214 7.7631 7.0867 6.6213 1.5213 4.8528 4.9025 5.2329 5.3801 8.886 8.9403 8.9811 5.7601 5.8416 10.2422 10.2564 10.2686 10.279 10.2877 10.295 6.8332 7.0456 7.0586 7.3127 9.374
17.9339 19.2812 19.5825 20.7109 18.9929 17.7618 17.318 16.0454 14.6269 14.2904 13.3461 12.9722 12.045 11.39 11.2969 11.7324 10.8323 10.1221 9.5204 7.7167 7.3235 7.0157 5.8835 4.9975 4.4182 3.9923 3.7294 3.2605 2.9881 2.7292 1.7989 1.6259 1.4473 1.5365 1.6929 1.7394 1.6567 1.6231 1.5736 1.5469 1.5232 1.6888 1.7424 6.6688 3.0335 5.786 5.7095 4.4406 1.5071 4.6855 4.8604 5.2293 8.7704 8.871 8.9409 8.9901 5.7463 5.8627 10.2323 10.2505 10.2658 10.2786 10.1968 10.2264 6.9497 7.0524 7.0529 7.3009 9.3618 5.1328
16.2377 18.6533 19.1137 18.6387 17.6388 16.3565 15.6186 14.8458 13.7799 12.8872 12.4672 11.6247 11.2762 10.8548 9.6346 9.6808 10.1768 9.9683 8.0882 7.3156 7.1441 7.1382 5.2613 4.4241 4.127 3.5886 3.208 2.8406 2.5155 1.5535 1.4389 1.2591 1.2129 1.5042 1.558 1.5991 1.597 1.6178 1.5673 1.3675 1.2773 1.4319 1.4607 3.559 4.4317 2.6533 3.7146 4.2604 4.5116 4.8246 8.4846 8.7227 8.8674 8.9575 5.8479 5.9713 10.1906 10.2189 10.243 10.2629 10.1942 10.2341 6.9767 7.0847 7.0981 7.0442 7.2847 9.346 5.1379 5.0989
16.9231 17.2604 18.4643 17.7632 16.2792 15.5161 14.7368 13.4148 12.3272 12.0215 11.5883 10.3356 9.3926 8.9225 8.8353 7.5678 6.8503 8.668 8.2733 6.536 6.0057 5.7026 4.4621 3.9919 3.5547 3.1372 2.7 2.1696 1.7182 1.4414 1.164 1.1402 1.1083 1.405 1.518 1.5401 1.5274 1.5267 1.4905 1.3168 1.2044 1.155 1.5557 4.2173 9.027 8.0439 4.683 3.9537 7.3246 8.2611 8.6929 8.9042 9.0137 5.9931 9.5445 10.16 10.2003 10.2336 10.1895 10.2463 10.3456 6.9978 7.084 7.0934 7.0309 7.2625 5.132 5.1895 5.0993 5.0977
16.1911 15.7756 16.0461 15.8686 15.904 13.9368 13.2471 12.6404 11.494 10.5132 10.0419 9.4583 7.6985 7.024 7.1258 6.3811 6.0275 5.516 6.2268 6.5562 4.8765 3.9742 3.8049 3.1998 2.3152 2.2098 2.0177 1.7639 1.4298 1.2363 1.1108 1.1294 1.2425 1.3769 1.426 1.4394 1.5175 1.3465 1.2404 1.2843 1.113 1.0613 0.9812 1.6254 4.0563 7.5838 5.8959 4.6065 8.0227 8.7934 9.0702 6.3121 9.4282 9.5368 10.1113 10.1728 10.1798 10.2668 10.3577 7.0477 7.0243 7.0874 7.2041 7.303 5.1345 5.185 5.1916 5.0999 5.098 5.0244
15.1693 14.9049 13.88 13.7384 13.5498 13.3162 12.0789 10.8875 10.0723 9.4671 9.0376 7.8266 6.7794 6.7812 6.1409 5.262 5.1093 4.7774 4.2441 4.5796 3.9116 3.0315 2.7831 2.3962 2.0726 1.7418 1.6849 1.5158 1.3321 1.2711 1.1502 1.1833 1.2041 1.2207 1.2125 1.2873 1.3727 1.1601 1.0861 1.0523 0.9941 0.9314 0.8556 1.0181 1.3916 3.2766 6.1963 9.3379 8.4203 7.6605 8.8647 6.3456 9.5262 9.3465 10.1564 10.3494 10.3771 10.3647 7.0911 7.1562 7.0871 7.1833 7.2702 5.1434 5.1867 5.1031 5.1005 5.0982 5.0226 5.0145
14.1595 13.5224 12.9824 12.4251 12.3092 12.0578 10.6366 10.1827 8.4154 8.096 7.7897 8.0088 6.2175 5.9355 5.0923 4.4088 4.212 4.1464 3.7959 3.3016 2.8222 2.4703 1.9462 2.015 1.5628 1.5566 1.8304 1.5793 1.358 1.3034 1.2044 1.2411 1.1945 1.1612 1.1558 1.2044 1.2055 1.1465 1.0374 1.0099 0.8458 0.7078 0.9377 1.1843 1.1674 1.4484 1.8561 4.9804 11.965 9.0624 6.1651 9.5077 10.1354 10.2947 10.4099 10.3914 7.2093 7.1503 7.1664 7.0794 7.1476 3.0819 5.1776 5.1892 5.1043 5.1011 5.0985 5.0202 5.0108 5.0032
12.9981 12.6322 11.9769 11.4494 11.3085 10.6833 9.4194 7.8412 7.3035 6.5995 7.9469 7.5169 6.6197 4.8293 4.3247 3.7882 3.442 3.303 3.2875 2.5984 2.3915 1.8254 1.7057 1.5854 1.4225 1.4284 1.5184 1.4256 1.3332 1.3329 1.3033 1.1841 1.166 1.147 1.0895 1.105 1.1021 1.0194 0.9505 0.8469 0.6494 0.6749 0.8566 1.0278 1.0808 1.1492 2.9366 5.2791 5.9059 7.2356 6.199 9.9678 10.2958 10.4411 10.4143 7.334 7.3265 7.1675 7.2108 7.0858 3.1172 5.1785 5.2454 5.1059 5.1019 5.0987 5.0167 5.0059 4.9973 4.9904
12.4135 11.7625 11.5009 10.8304 10.3007 10.2236 8.9467 7.8169 6.9598 7.7434 8.9753 7.4009 5.4137 4.5418 3.772 3.2576 3.0697 2.7987 2.2208 2.1239 1.7658 1.2933 1.3976 1.3211 1.2746 1.3351 1.3588 1.4043 1.3439 1.3311 1.2399 1.1616 1.1253 1.06 1.034 1.0657 1.0446 0.9465 0.898 0.8395 0.6546 0.769 0.7937 0.8143 0.981 1.1478 1.6858 6.1799 5.1201 6.1831 9.4753 10.2552 10.4931 10.4565 7.5375 7.3682 7.143 7.1256 3.1873 3.1176 5.1802 5.2482 5.1079 5.1028 5.0276 5.0117 4.9991 4.9894 4.9819 4.9761
11.9535 11.2088 10.659 10.0858 9.5418 8.9008 8.4698 7.3156 6.1007 6.8187 6.8012 5.0269 4.8086 3.7104 3.2081 2.95 2.5192 2.2629 1.6362 1.494 1.3778 1.4359 1.3351 1.31 1.2746 1.2488 1.3142 1.362 1.3411 1.2686 1.2001 1.0833 0.9648 0.9754 0.9723 0.9902 0.9609 0.901 0.8125 0.7357 0.5264 0.7715 0.7646 0.7491 0.8854 1.1003 1.2136 1.9932 5.3387 2.7923 9.9473 10.2914 10.4977 7.7772 7.3682 7.0711 6.9435 3.2199 3.1186 5.2366 5.2526 5.1106 5.1039 5.0236 5.0042 4.9896 4.9787 4.9706 4.9647 4.9604
10.9983 10.5104 10.1304 9.1638 8.9593 8.5217 7.5912 6.3094 5.6018 4.5627 4.6451 4.3274 3.2007 2.9385 2.7078 2.1037 2.0628 1.68 1.2354 1.2145 1.3411 1.5662 1.3545 1.2472 1.2486 1.1981 1.2172 1.2437 1.2685 1.2083 1.1387 0.9895 0.9101 0.849 0.8858 0.896 0.8532 0.7997 0.706 0.6851 0.7776 0.6924 0.6891 0.7939 0.9413 1.0331 1.193 1.3233 1.556 5.7907 7.4972 10.0565 7.7305 7.1093 6.6358 2.8124 3.2157 3.1205 5.2375 5.2599 5.1143 5.1049 5.0166 4.9928 4.9757 4.9636 4.9552 4.9494 4.9457 4.5102
10.6449 9.3748 8.8077 8.407 8.1951 7.2443 6.0745 5.5774 4.4334 3.4223 3.365 3.2536 2.581 2.2529 2.0142 1.8537 1.3182 1.1297 1.1061 1.1158 1.1648 1.1617 1.1563 1.119 1.1353 1.0792 1.1179 1.1804 1.2144 1.1598 1.1033 1.069 0.8635 0.7891 0.7506 0.8071 0.7821 0.7143 0.6287 0.6475 0.6513 0.6516 0.7136 0.8257 0.9502 1.0957 1.1511 1.2445 1.4122 2.9031 4.2563 4.7535 2.636 2.7006 2.8107 3.0933 3.125 5.2401 5.2733 5.1197 5.1058 5.0042 4.9746 4.9548 4.9419 4.9337 4.9289 4.4788 2.3179 7.7028
8.9303 8.3039 8.0886 7.7391 6.783 5.8917 5.4169 3.8104 3.3192 3.0126 2.701 2.448 2.0159 1.8189 1.558 1.1676 1.0956 1.0454 0.9921 1.017 1.0186 1.0259 1.0073 1.0092 0.996 1.0609 1.0524 1.0656 1.1879 1.1941 1.1508 1.097 0.8886 0.7756 0.6496 0.6643 0.6282 0.5947 0.4464 0.4794 0.587 0.5346 0.6779 0.7824 0.9678 1.1643 1.1571 1.243 1.4328 1.7396 2.0114 2.8023 2.6955 2.7924 3.0664 5.1231 5.2479 5.1625 5.1279 5.1054 4.9811 4.9441 4.922 4.9095 4.903 4.9003 4.4453 2.317 12.3381 12.3949
