normal_rasters/0772100000302915.ascii
ncols 46 
nrows 66 
xllcorner 159168.031006
yllcorner 384398.513
cellsize 0.25
nodata_value -9999 
[rows 0 to 43 of 66, columns 0 to 45 of 46]
41.9773 41.9857 41.9955 42.0071 42.3283 42.3492 42.3724 43.3358 43.3426 43.3503 43.4239 43.3202 43.3177 43.4375 43.4347 43.4539 43.455 43.457 43.46 43.4137 44.2591 44.383 46.1984 47.1687 47.7042 47.6988 47.5816 47.5744 47.4978 47.4836 47.47 47.4577 47.4473 47.3559 47.3457 47.0146 47.0097 47.0059 47.0028 47.0005 46.4052 46.4012 46.3978 46.395 46.3928 46.3909
41.9688 41.9772 41.9875 41.9998 42.0142 42.3396 42.3658 42.8749 43.3381 43.3468 43.4249 43.4239 43.3203 43.5315 43.4334 43.5625 43.4515 43.4538 43.4077 43.4142 44.1239 44.3526 46.1847 47.1791 47.7057 47.708 47.5915 47.5819 47.5032 47.4849 47.4679 47.4532 47.361 47.3471 47.0158 47.0096 47.0048 47.0011 46.4105 46.4047 46.4 46.3962 46.3931 46.3906 46.3886 46.387
43.2187 41.9671 41.9776 41.9905 42.0061 42.3269 42.3564 42.3895 43.3321 43.342 43.3534 43.4254 43.3237 43.5342 43.4321 43.5592 43.4468 43.4493 43.4063 43.415 43.4234 44.2051 46.1641 47.1929 47.7171 47.7206 47.6049 47.5916 47.5091 47.4848 47.4633 47.446 47.3499 47.0177 47.0094 47.0032 46.9987 46.4109 46.4038 46.3983 46.3939 46.3904 46.3877 46.3856 46.384 45.5508
42.5976 43.201 41.9653 41.9786 41.9953 42.0157 42.343 42.3813 42.8866 43.3354 43.3487 43.4271 43.4262 43.3247 43.5261 43.4241 43.4403 43.4429 43.4038 43.416 43.4277 44.1868 46.071 47.2116 47.8312 47.7388 47.624 47.6046 47.5149 47.4817 47.4545 47.3551 47.0207 47.009 47.0008 46.9952 46.4109 46.4022 46.3956 46.3906 46.3868 46.3839 46.3818 45.555 45.5447 45.5361
42.6044 42.5849 41.9503 41.9635 41.9809 42.0031 42.0306 42.3684 42.419 43.3263 43.3416 43.5302 43.4293 43.3318 43.5315 43.5119 43.5373 43.4329 43.3993 43.4176 43.435 44.1618 46.0585 47.2372 47.8402 47.7588 47.6534 47.6227 47.5189 47.4722 47.4385 47.0258 47.0084 46.9969 46.9897 46.4103 46.3994 46.3914 46.3857 46.3816 46.3786 45.5608 45.5472 45.5361 44.9646 44.9555
42.6139 42.5924 42.5677 41.9445 41.9619 41.9855 42.0163 42.3485 42.4092 42.9082 43.3312 43.3533 43.5331 43.4334 43.5416 43.5178 43.5284 43.4167 43.3903 43.4202 43.4483 44.1275 46.0483 47.8388 47.8908 47.7991 47.7036 47.6487 47.5151 47.4489 47.0357 47.0071 46.9902 46.4287 46.4084 46.3943 46.3847 46.3783 46.374 46.3713 45.5507 45.5358 44.9644 44.9528 43.4427 43.4286
43.5066 42.6038 42.5759 42.5438 41.9372 41.9611 41.9946 42.0393 42.3912 42.6321 43.3295 43.3423 43.5262 43.5415 43.6541 43.5326 43.486 43.3886 43.3694 43.4249 43.4772 44.3941 45.9508 47.8085 47.8827 47.8782 47.8036 47.6852 47.4834 47.3976 47.0044 46.9773 46.4327 46.4032 46.3847 46.3734 46.3666 46.3628 45.5557 45.5349 44.9631 44.9479 43.4463 43.4279 43.4132 43.4015
43.5343 43.4867 42.5895 42.5522 41.3212 41.9278 41.9625 42.0131 42.0819 42.4672 43.0656 43.3386 43.514 43.5366 43.6627 43.5628 43.5068 43.4352 43.3127 43.4317 43.5551 44.9603 47.0617 47.6512 47.8305 47.9677 48.0525 47.6852 47.3588 46.9971 46.9482 46.4351 46.3897 46.3654 46.3531 46.3475 45.5634 45.5323 44.9592 43.483 43.4505 43.4257 43.4067 43.3921 43.3808 42.981
43.5718 43.5228 43.4599 42.5685 42.5163 41.322 41.9157 41.9698 42.0524 42.4421 42.717 43.3119 43.3626 43.5263 43.5649 43.6661 43.7423 43.4895 43.1761 43.342 43.9689 44.7749 47.3049 47.583 47.6185 47.8053 48.0261 47.3748 46.9843 46.7465 46.4242 46.351 46.3224 46.3141 45.5757 45.5256 44.9491 44.4136 43.4554 43.4204 43.3949 42.9881 42.9793 42.9728 42.9681 42.9647
43.621 43.5737 43.5091 43.4224 42.5353 42.4577 41.3241 41.9008 41.9947 42.1415 42.7101 43.0992 43.331 43.5029 43.5726 43.7522 43.7257 43.8587 43.3934 43.5917 44.6368 46.7232 47.3173 47.4515 47.5987 47.145 47.0826 46.9267 46.5811 46.3304 46.222 46.1634 45.8968 44.9523 44.4518 44.4101 43.4603 43.0216 42.9965 42.9794 42.9676 42.9597 42.9543 42.9508 42.9486 42.9473
43.6835 43.6425 43.5819 43.4932 43.3661 42.4773 42.353 41.329 41.8895 42.0749 42.6646 43.0203 43.2653 43.4631 43.586 43.6346 43.6732 44.3447 44.2401 43.3749 46.9602 48.0105 46.3299 47.0297 47.2524 46.5978 46.0319 46.147 46.1139 45.5401 45.4608 45.0683 44.4735 44.391 44.3514 43.0314 42.9888 42.9625 42.9465 42.937 42.9315 42.9287 42.9275 42.9275 42.9282 35.9926
43.7598 43.7315 43.6839 43.6053 43.4772 43.2746 42.2611 41.2457 41.3423 41.9332 42.3232 42.9132 43.1966 43.5838 43.6013 43.6898 43.6789 44.0282 44.3201 43.4572 43.6799 45.6756 45.73 45.8319 45.6722 46.0076 45.3128 44.8369 44.961 44.9984 44.698 44.1743 44.0965 43.0541 42.9696 42.9254 42.9034 42.8936 42.8903 42.8906 42.8928 42.896 38.455 32.2765 25.3221 25.1561
43.8483 43.84 43.8177 43.7688 43.6692 43.4733 43.1068 42.0119 41.1814 42.172 42.6046 42.7012 43.043 43.4004 43.5434 43.6236 43.6085 43.5754 43.5889 43.2528 43.3524 43.7521 44.9124 45.0579 45.0379 45.2346 44.978 44.7396 44.9143 44.7216 43.9729 43.1456 42.9286 42.8308 42.8003 42.7982 42.8066 41.6196 41.6013 39.2823 38.4492 32.272 25.3378 25.1186 20.0086 16.92
43.9446 43.963 43.9782 43.9832 43.9597 43.8609 43.5591 42.7569 41.6048 41.4472 42.2493 42.5555 42.8207 42.9784 43.5147 43.5799 43.526 43.3722 43.1957 42.9441 43.1948 43.441 43.9194 44.5347 44.854 45.188 45.2214 45.2769 44.974 44.0327 43.1874 42.7419 41.8053 41.6545 41.5934 41.5652 41.5513 39.255 34.869 27.1896 26.9185 20.131 19.9789 16.8683 16.7531 16.6665
44.9574 44.0368 45.0138 44.225 44.3214 44.4393 44.5506 44.3943 42.3719 42.3175 43.8157 42.4097 42.8266 42.9033 43.1916 43.529 43.3882 43.2392 43.1 43.1298 43.2281 43.3331 43.8985 44.3854 44.7079 44.8135 44.9857 44.3062 43.3961 42.4052 41.41 40.844 41.1905 41.3199 41.3829 38.0223 29.9285 29.516 23.4472 20.1238 19.9102 16.7676 12.4076 12.3748 12.3512 12.3346
45.8304 45.8676 45.9234 46.0116 46.1587 46.2045 46.5869 47.3305 47.2433 42.489 41.4749 42.1173 42.8212 42.9857 43.2861 43.3034 42.947 42.9308 42.9132 42.9029 43.0715 43.4273 43.5775 44.2623 44.1463 43.1873 42.0924 40.1842 39.656 38.6301 38.6877 39.2255 36.9675 36.327 29.0108 23.8618 23.3729 23.0982 19.7482 12.4814 12.4053 12.354 12.3199 12.2975 12.2832 14.7774
45.7497 45.7636 45.7853 45.8216 45.8877 46.0219 46.3267 47.2679 46.5362 45.3791 41.3861 42.0348 42.7345 42.998 43.38 42.8133 42.555 42.5329 42.7007 42.8635 42.6779 42.5736 42.457 41.1074 39.7046 39.2362 37.5142 37.7522 38.4897 36.4426 35.4774 33.1066 32.2602 25.7372 22.93 22.5863 17.0236 12.562 12.4137 12.3235 12.2695 12.238 12.2207 14.6887 14.7709 14.8377
44.8776 44.8799 44.8816 44.8809 45.5399 45.4267 45.175 44.1673 45.2841 43.5379 41.9106 41.9644 41.8019 42.5736 42.7717 42.6428 42.2389 42.4221 42.1588 41.7125 41.8813 41.0915 39.0619 37.8434 36.7918 35.9898 36.5869 35.6709 34.4583 33.6761 30.0175 25.1025 21.1597 20.1281 16.3128 12.8502 12.4714 12.2752 12.1771 12.1307 12.1121 14.543 14.6723 14.1759 14.2637 14.3312
44.7447 44.7087 44.6538 44.5656 43.5373 43.3893 43.0353 41.7575 41.8765 42.4864 42.1091 42.1897 42.3015 42.6062 42.5642 42.4258 42.0734 42.2471 39.2952 38.5291 37.7918 37.1804 34.46 33.908 34.0322 33.8684 33.6494 31.7591 29.1671 26.2276 25.1828 22.3322 19.452 16.3302 12.8482 12.1988 11.9657 11.8973 11.8926 14.273 13.9335 14.1157 14.2469 14.342 14.4113 19.4663
44.6226 43.6012 43.3858 43.309 43.1822 42.3674 42.2255 42.0175 41.8294 42.1235 42.3695 42.8095 42.6012 42.6239 42.2357 41.9344 40.6823 39.1362 37.2224 35.5183 34.7774 34.7905 33.1542 31.7145 31.2504 30.4434 27.2342 26.7118 24.9438 21.9576 18.5868 19.4427 14.6598 12.3147 11.2389 11.1928 11.4904 13.1847 13.6893 14.0209 14.2378 14.3804 19.252 19.4919 19.6684 24.109
43.563 43.5152 42.5107 42.4807 42.4378 42.3767 42.2941 42.0344 42.2106 42.512 42.7784 43.1299 42.4826 41.4942 40.4946 37.5859 37.8142 34.4823 34.1522 33.7985 32.4665 30.466 29.5566 29.5908 27.915 25.3599 22.8218 24.3491 19.3102 13.8492 10.7762 10.7409 7.8548 7.7893 9.6828 11.0393 13.0942 13.852 16.1032 16.386 16.5521 19.5777 19.8182 23.5917 31.1303 31.2921
42.5416 42.5265 42.5073 42.4829 42.4535 41.7952 41.882 42.2362 42.6743 42.5368 41.9544 41.5536 39.7323 38.039 36.6609 35.081 34.1915 33.305 32.1537 30.7262 30.0157 27.5914 25.1909 26.5726 24.0408 21.7839 18.4211 12.0003 12.3177 8.2108 8.8431 4.3235 8.3909 9.6876 11.8675 15.1092 16.265 16.7354 16.9227 19.8499 20.1701 23.9393 31.2478 31.4529 31.5944 31.6922
42.5395 42.5264 41.7113 41.7282 40.9176 40.9561 41.1532 41.1558 40.9446 40.0009 40.0138 39.7444 38.4407 35.8036 34.1527 34.2012 32.1903 30.6059 28.6669 27.6957 23.709 21.7052 20.5362 19.5248 17.252 10.3511 8.6985 5.8385 6.8752 6.7854 10.1731 11.9927 19.2573 19.9928 21.0563 21.5293 23.0991 26.5635 29.1024 30.4537 30.6638 36.6371 36.7181 36.7718 37.8044 37.8531
40.7702 40.7748 40.7773 40.7748 40.7614 40.8857 39.7818 39.5675 38.2586 37.5489 36.8439 35.3393 35.1064 33.6186 31.2422 29.2797 28.917 25.3195 25.6295 20.0229 18.9443 17.1443 15.0444 11.6119 9.6511 7.5072 7.1762 9.7895 16.7496 15.0116 17.8548 21.9486 22.561 26.7996 29.5433 30.5625 33.8482 34.3142 35.5826 36.593 36.7355 36.8193 36.8684 37.8992 40.2166 40.2425
40.7174 40.7091 40.6935 39.5561 39.5102 39.4141 38.0933 37.8645 37.4253 35.8316 34.7106 33.4742 29.3772 29.7319 27.537 26.6048 23.315 19.2031 18.252 12.8162 7.673 5.6381 5.268 7.9151 8.3714 8.3192 10.3118 16.1037 20.0179 22.5447 24.8642 27.5906 30.5976 31.3835 32.0255 33.9573 35.5763 35.8347 36.8078 36.9403 37.0033 37.9965 40.199 40.2413 40.2699 40.2892
40.6669 40.6475 39.4177 39.3629 39.2718 37.8987 37.7328 34.0692 33.8855 30.8176 28.8148 27.6299 27.6527 23.1535 21.858 18.7028 17.3338 11.6776 9.53 6.6749 2.6594 4.9162 8.4441 7.2168 12.4574 16.3512 21.5257 24.4042 26.4001 28.6094 31.1173 32.8469 33.1615 34.3531 35.8455 36.7433 36.621 38.0363 38.1374 39.019 40.16 40.2388 40.2865 40.3152 40.3322 40.342
39.3687 39.3336 39.2811 35.4683 35.3224 33.5542 31.1169 29.7578 29.147 25.2957 23.5188 22.4908 22.6006 18.3577 13.3869 12.0057 10.409 7.7589 6.5332 7.2637 5.7701 8.2141 9.6156 15.4874 19.0491 24.664 27.0952 29.9718 31.1782 31.8871 34.0097 34.4989 35.3488 36.377 37.0724 38.3799 38.236 38.9666 39.8432 40.235 40.3257 40.3708 41.019 41.0268 41.7735 41.7791
36.8856 35.301 35.1917 31.0951 30.9301 29.6159 25.106 24.6241 19.8489 18.6572 17.3201 17.3825 11.0869 11.4757 7.8159 3.0838 2.9535 5.9353 7.9919 8.2065 12.4749 17.0896 18.8352 20.9585 26.1564 27.5986 30.5008 31.5248 33.1058 34.4495 34.9807 35.8138 36.8259 37.5459 38.4531 38.459 39.9903 40.1369 40.8171 40.8854 40.9057 41.7636 41.7776 41.7857 41.7904 41.7932
32.9226 32.7743 30.8844 25.104 24.9344 24.6684 20.2105 15.4279 15.4815 15.4328 14.9206 12.8349 8.9797 2.4132 1.6029 3.5833 8.3788 12.3144 14.04 12.3831 18.8557 23.1468 25.6667 26.5387 29.4067 31.2768 31.7555 33.3531 34.6577 35.1296 35.8255 37.2754 38.5554 38.5001 40.8573 41.0646 41.0578 41.4269 41.5394 41.7698 41.7944 41.8045 41.8083 41.8094 41.8092 41.8083
30.8762 24.9865 24.8695 24.7031 20.2549 15.1107 15.1107 15.0768 14.9637 14.6682 12.2564 10.488 8.119 6.0474 7.0081 11.0154 13.0444 16.1294 18.3902 21.4975 22.2949 26.1125 27.8579 31.3831 32.3605 33.3169 34.3859 34.4257 36.0034 37.2454 38.4247 39.8278 41.03 41.1934 41.2073 41.1528 41.4812 41.8707 41.8933 41.8769 41.8622 41.8506 41.8415 41.8343 41.8285 41.8237
24.8431 20.3959 20.2717 20.1026 15.3471 15.3151 15.2517 15.132 13.0589 13.1862 11.1104 10.8511 11.5701 12.1397 13.3166 14.0425 17.4865 18.2152 21.2571 24.6705 27.262 28.603 30.5651 33.1334 34.6048 35.3327 36.1226 37.6206 38.4949 41.24 41.6396 42.0387 42.191 42.0126 42.0155 41.6134 42.1514 42.2838 42.0991 41.9783 41.926 41.894 42.1551 42.1499 42.146 42.1431
20.2772 15.2724 15.2572 15.2318 15.469 15.3868 13.4516 13.3399 13.168 11.1627 12.281 13.2975 13.1033 13.7285 16.6439 19.4738 19.6652 23.6376 25.3266 27.7116 28.9664 30.8631 32.9417 34.6548 35.4533 37.1481 38.2597 39.1112 41.0551 41.5674 41.8998 42.1445 42.288 42.3572 42.4558 42.8185 42.7954 42.6182 42.5414 42.5214 42.5163 42.5155 42.5161 42.5171 42.5183 42.5193
15.4911 15.4638 15.425 15.3701 13.4508 13.3904 13.3038 13.1822 12.7457 13.8074 13.7887 13.8432 14.194 16.9829 19.5613 21.9116 24.4719 25.1235 27.4132 29.0059 31.4189 32.6744 35.2092 36.0049 36.3511 38.0265 38.7599 39.5145 40.1238 41.1706 41.4787 41.6059 42.2141 42.58 42.8868 43.6767 43.1364 43.0153 43.0009 42.5822 42.5588 42.546 42.5388 42.6436 42.6486 42.652
15.4027 15.3636 13.4489 13.4116 13.361 13.2931 12.8063 13.97 13.9701 13.9904 14.0586 15.8743 19.4656 21.5757 23.3773 24.3392 25.2742 27.7913 29.7773 31.7317 33.6077 35.3495 35.538 37.251 36.8938 37.5483 38.2199 38.7617 39.5575 39.097 40.9733 41.3414 41.7215 42.1083 43.0599 43.2381 42.8466 43.3563 43.2895 43.3155 43.4324 43.2703 43.2704 43.2706 43.2709 43.2712
13.4472 13.4219 13.3892 13.3469 12.8361 12.8622 15.6841 15.7256 15.8106 15.977 16.2994 19.1524 24.7474 25.1052 26.0404 26.5965 27.8028 29.7314 31.8048 33.0507 33.9989 34.6563 34.4223 34.7579 35.7337 35.6477 36.0894 37.7551 38.3179 38.5609 39.1476 41.0927 41.1187 41.2332 42.1435 42.831 43.8335 43.5683 43.6037 43.5884 43.5831 43.5803 43.4409 43.4378 43.4356 43.434
13.4047 13.3762 12.8533 15.7989 15.8209 15.8578 15.9182 16.016 16.175 16.4361 21.921 25.0837 25.3456 26.7802 27.0195 28.2507 28.9463 31.3542 31.2559 31.5919 31.0478 30.9565 33.4635 33.8186 33.9565 34.7915 34.8834 34.5826 35.7982 36.7772 36.4704 38.215 41.2448 40.5265 40.0672 43.4476 43.5447 43.5676 43.5647 43.56 43.5563 43.5538 43.552 43.5508 43.5498 43.5491
13.3689 15.8748 15.8952 15.9253 15.969 16.0327 16.1256 16.2623 19.4007 25.088 25.2073 25.3975 26.9201 27.0605 28.1916 28.9372 29.8097 30.0478 28.7607 28.4295 28.6381 29.5759 30.4496 32.5678 32.9686 32.4725 33.0225 33.2872 33.1245 33.2143 34.7373 35.7127 41.1507 39.0748 38.8529 40.5554 42.6363 43.602 43.5365 43.5355 43.5388 43.5412 43.5427 43.5436 43.5441 43.5445
15.9397 15.9638 15.9966 16.0411 16.1016 16.1844 19.285 22.8068 25.1559 25.2515 25.3898 26.3982 27.0459 27.6472 27.7045 27.8865 27.9288 27.6595 27.6832 26.1579 26.6532 27.4152 29.3633 29.9039 31.1538 30.9148 30.6029 31.7098 31.9979 32.1495 32.9901 34.2801 36.3144 37.2945 38.0041 39.1243 41.0872 42.7906 42.9936 42.8763 43.5255 43.5306 43.5343 43.537 43.5388 43.5401
16.013 16.0458 16.0882 16.1434 16.2155 19.3598 22.8759 25.1884 26.2898 26.3075 25.4359 25.4045 25.3316 25.1716 25.7317 25.035 23.9195 24.26 23.6985 24.124 24.1564 24.742 27.0861 29.1103 31.349 29.9944 29.2572 29.7854 30.5533 30.5789 32.0867 34.0599 36.3733 34.681 37.1681 38.4596 40.1558 41.1303 42.0215 42.0161 42.754 42.736 43.5276 43.5314 43.5341 43.5362
16.08 16.1193 16.1688 19.2899 22.8046 22.9124 25.2876 25.3069 25.2792 25.2349 25.1629 25.0436 24.8415 21.5439 19.6934 20.0384 20.4476 19.8336 20.4146 21.3313 21.8571 23.9369 25.7025 28.7362 30.7594 29.8723 29.0372 29.0907 31.2241 29.9367 37.0817 39.4085 39.3577 36.4061 36.1027 37.2308 40.0045 40.5747 40.8877 40.9895 41.8214 41.8224 41.8124 42.6847 42.6795 43.5328
16.1399 19.2493 19.3272 25.2261 25.2597 25.2399 25.2122 25.1732 25.1173 25.0359 22.3643 20.5042 18.0339 18.1025 18.1652 18.1687 18.02 17.4388 15.6767 17.0952 19.4852 22.492 24.3429 26.9958 31.1832 31.5867 29.8033 31.4808 32.4773 25.218 38.078 38.0682 38.4786 37.7105 37.0806 36.7277 38.8025 40.3746 40.6243 40.7625 40.8221 41.7289 41.7412 41.7437 41.7412 42.6591
19.2813 21.95 25.2246 25.2061 25.1819 25.1501 25.1078 25.0508 22.308 20.0792 17.774 17.7776 17.7663 17.7217 17.6048 17.3341 16.3838 15.1265 14.2603 14.8395 17.5132 19.8181 23.2943 26.8667 28.6906 32.1002 31.9805 30.6117 31.2509 36.7598 34.0117 37.7269 38.6188 37.1718 37.3819 37.3423 36.7805 40.304 40.4882 40.6161 40.6924 40.732 40.7485 41.6928 41.6995 41.7017
25.2047 25.1884 25.168 25.1423 25.1099 22.3454 22.2847 17.6634 17.6612 17.6533 17.6358 17.6018 17.5394 17.4277 15.0737 14.9871 14.7417 13.7024 13.2759 13.7629 16.3175 18.7653 22.7856 26.1084 28.4428 31.6676 32.2946 31.392 30.7416 30.313 37.0524 38.4186 41.6038 40.7851 39.7411 37.4413 37.3859 38.8548 40.418 40.5251 40.6004 40.6486 40.6768 40.6914 41.6619 41.6697
25.1619 25.1411 22.3576 22.3212 22.2749 17.6081 17.6028 17.5935 17.5783 17.5541 17.5165 17.4582 14.928 14.8802 13.8856 13.0727 12.5835 12.2194 11.5342 11.765 13.8745 19.18 21.7044 26.6618 29.0228 31.6532 32.8911 32.2568 34.4075 35.0681 44.7461 41.1323 39.8466 40.4351 41.421 41.4293 39.5189 38.4528 38.9269 40.469 40.5368 40.5857 40.6189 40.64 40.6524 40.6588
