normal_rasters/0772100000297765.ascii
ncols 115 
nrows 101 
xllcorner 159468.963013
yllcorner 383947.786987
cellsize 0.25
nodata_value -9999 
[rows 62 to 92 of 101, columns 0 to 70 of 115]
2.4468 2.4543 2.4645 2.4787 2.4995 2.5317 2.5597 2.689 2.7204 2.3774 2.165 1.628 1.5536 1.3266 1.2651 1.0561 0.8331 0.6479 0.6246 0.6441 0.6243 0.5846 0.6087 0.6247 0.6247 0.6247 0.6247 0.6248 0.638 0.6753 0.7216 0.7239 0.7202 0.7332 0.7389 0.7398 0.8207 0.8389 0.839 0.8315 0.7898 0.8689 0.7719 0.8603 0.7604 0.785 0.7696 0.6785 0.6614 0.6466 0.6473 0.6473 0.6471 0.6499 0.6546 0.6471 0.6474 0.6473 0.6473 0.6474 0.6472 0.6473 0.6638 0.6147 0.5697 0.668 0.6384 0.623 0.6497 0.7739 0.9012
2.4364 2.4193 2.4216 2.4237 2.4251 2.4242 2.4171 2.3921 2.3165 1.7944 1.4872 1.4533 1.2117 1.1199 1.1653 0.9926 0.8867 0.6355 0.5137 0.5378 0.5662 0.5161 0.5812 0.6247 0.6247 0.6247 0.6247 0.6255 0.6271 0.7452 0.6742 0.6821 0.7379 0.7401 0.7399 0.7403 0.7403 0.7593 0.7593 0.7403 0.7414 0.753 0.7578 0.7663 0.7577 0.7565 0.7096 0.6484 0.6436 0.6463 0.6465 0.6465 0.6464 0.6463 0.6462 0.6463 0.6469 0.6467 0.6463 0.6467 0.6463 0.6425 0.6394 0.5814 0.5396 0.5318 0.5544 0.5508 0.5457 0.6403 0.8689
2.3224 2.3454 2.3406 2.3327 2.3191 2.2954 1.6912 1.6927 1.698 1.7382 1.6171 1.1863 1.1171 1.0617 0.99 0.9891 0.8463 0.6592 0.5299 0.5883 0.6026 0.5865 0.6112 0.6181 0.6247 0.6247 0.6247 0.6248 0.6304 0.6699 0.6382 0.7198 0.7394 0.7403 0.7403 0.7403 0.7403 0.7403 0.7403 0.7403 0.7468 0.7586 0.7579 0.7576 0.7533 0.7447 0.6752 0.6286 0.6326 0.6446 0.6462 0.6462 0.6364 0.623 0.6399 0.6416 0.6403 0.6275 0.6397 0.6436 0.6101 0.5755 0.5497 0.5365 0.5097 0.4585 0.4548 0.5132 0.5584 0.6445 0.8086
1.5937 1.5936 1.5933 1.5926 1.5911 1.5884 1.5837 1.4972 1.5097 1.4674 1.292 1.1025 1.0372 0.9814 0.8725 0.8042 0.5869 0.5187 0.5174 0.5756 0.5966 0.6219 0.5884 0.5662 0.6223 0.6247 0.6247 0.6251 0.6289 0.6438 0.6666 0.7114 0.7266 0.739 0.7403 0.7402 0.74 0.7403 0.7403 0.7403 0.7447 0.7585 0.747 0.6899 0.7255 0.7118 0.6542 0.6287 0.6416 0.6339 0.639 0.6451 0.637 0.5718 0.5666 0.5897 0.5639 0.5483 0.5702 0.5409 0.5423 0.5374 0.5367 0.4764 0.4302 0.4035 0.4203 0.5325 0.6224 0.6963 0.9801
1.5793 1.576 1.5714 1.3701 1.3683 1.3648 1.3578 1.3432 1.3132 1.2614 1.1125 0.9988 0.9234 0.8297 0.8228 0.7075 0.5575 0.5238 0.5191 0.5123 0.5418 0.5683 0.5167 0.5667 0.6101 0.6225 0.6248 0.6257 0.6279 0.6448 0.6467 0.636 0.686 0.7401 0.7211 0.719 0.739 0.7402 0.7426 0.7423 0.7518 0.757 0.7389 0.6716 0.646 0.6382 0.6322 0.6277 0.627 0.6252 0.6064 0.5683 0.559 0.5494 0.5406 0.5471 0.5476 0.5428 0.5431 0.5319 0.525 0.5368 0.5353 0.4428 0.3824 0.3002 0.4107 0.5375 0.687 0.949 1.2602
1.3621 1.3598 1.3563 1.3512 1.3433 1.0106 0.9933 0.9997 1.0134 1.0486 0.9846 0.9685 0.8577 0.7965 0.7526 0.5934 0.626 0.4758 0.511 0.5285 0.535 0.527 0.5342 0.5283 0.5178 0.5327 0.617 0.6252 0.6273 0.6416 0.6348 0.626 0.6977 0.7333 0.6666 0.7163 0.7406 0.7414 0.7564 0.7566 0.7383 0.7002 0.6436 0.6326 0.6254 0.6248 0.6247 0.6249 0.6085 0.5384 0.518 0.5153 0.5328 0.5326 0.5374 0.5369 0.5287 0.5279 0.4993 0.4987 0.4442 0.4323 0.3989 0.2936 0.2872 0.2976 0.3984 0.5525 0.9337 1.2235 1.3805
0.9789 0.9789 0.9788 0.9786 0.9782 0.9775 0.9762 0.9423 0.9533 0.9763 0.8362 0.9768 0.8851 0.772 0.6605 0.5058 0.5363 0.5167 0.5335 0.5354 0.5353 0.4958 0.4416 0.4392 0.4981 0.5112 0.5071 0.6137 0.6261 0.645 0.6383 0.643 0.7145 0.7077 0.7199 0.7565 0.7318 0.6903 0.7404 0.7271 0.6411 0.6368 0.6173 0.5937 0.5947 0.6247 0.6247 0.6169 0.5924 0.5277 0.5118 0.5114 0.5098 0.5272 0.506 0.5221 0.4961 0.4424 0.4319 0.4421 0.4043 0.3125 0.2808 0.2759 0.2688 0.2958 0.4134 0.6323 1.0192 1.3615 1.5597
0.8639 0.8644 0.865 0.8658 0.8666 0.8674 0.868 0.8671 0.8611 0.8353 0.8163 0.9343 0.9183 0.817 0.5937 0.5179 0.5192 0.526 0.5299 0.518 0.5162 0.5172 0.4524 0.4315 0.4567 0.451 0.4354 0.5239 0.5735 0.6373 0.5677 0.5724 0.6469 0.6438 0.6404 0.6831 0.6321 0.6499 0.6275 0.6181 0.6216 0.5602 0.5539 0.5624 0.5725 0.5658 0.5574 0.5704 0.5377 0.5177 0.5115 0.4949 0.4142 0.4457 0.4368 0.4436 0.4352 0.4306 0.4278 0.4217 0.387 0.2773 0.2477 0.2577 0.1955 0.2775 0.4288 0.7169 1.149 1.6575 1.6805
0.9427 0.9424 0.942 0.9412 0.9398 0.9372 0.9322 0.9219 0.8986 0.8317 0.6864 0.9284 1.0251 0.8781 0.6663 0.5858 0.5276 0.5267 0.5986 0.5205 0.5161 0.5132 0.5144 0.5034 0.5069 0.5072 0.5058 0.5426 0.5726 0.5541 0.5376 0.5367 0.554 0.54 0.5562 0.6226 0.616 0.5716 0.5286 0.5228 0.5418 0.5073 0.4862 0.4824 0.5114 0.5052 0.4731 0.4549 0.5144 0.5157 0.5113 0.4637 0.406 0.4197 0.4299 0.43 0.4301 0.43 0.4079 0.3822 0.3154 0.2187 0.2069 0.1857 0.1772 0.3019 0.4311 0.6608 1.0698 1.5289 1.7341
1.1026 1.1037 1.1052 1.1072 1.3077 1.3088 1.1945 1.204 1.3085 1.2727 1.2113 1.0346 1.0093 1.0219 1.0108 0.9122 0.786 0.7378 0.7565 0.6978 0.5803 0.5217 0.539 0.6033 0.5363 0.5301 0.537 0.5894 0.5889 0.5388 0.5375 0.5366 0.5363 0.5301 0.5316 0.5817 0.5164 0.5291 0.5625 0.5319 0.4962 0.4301 0.3997 0.4054 0.4381 0.4225 0.4085 0.403 0.4292 0.4919 0.4687 0.4227 0.4027 0.4187 0.4299 0.4299 0.4179 0.4153 0.3571 0.2929 0.1994 0.1766 0.122 0.1226 0.1246 0.2948 0.4539 0.7432 1.2132 1.3765 1.7425
1.316 1.318 1.3208 1.3249 1.3308 1.2342 1.2575 1.5321 1.5404 1.5634 1.4939 1.6178 1.4136 1.4688 1.4419 1.2989 1.1257 1.1639 1.1152 0.9012 0.6863 0.762 0.6707 0.5221 0.5163 0.6197 0.6293 0.6572 0.6107 0.6017 0.6043 0.5986 0.5977 0.589 0.5754 0.6449 0.6246 0.6602 0.6006 0.5351 0.5121 0.4312 0.455 0.4273 0.3989 0.3617 0.3504 0.3773 0.375 0.3888 0.3974 0.3752 0.3889 0.4004 0.3979 0.3696 0.3315 0.3074 0.3253 0.2152 0.1502 0.1071 0.084 0.0793 0.2021 0.3315 0.6644 1.0215 1.234 1.6186 1.8493
2.5443 2.5326 2.5166 2.4942 2.4621 2.4146 2.3426 1.58 1.8594 1.8177 1.7933 2.1251 2.6237 1.9164 1.7975 2.1694 2.0912 2.1018 1.7077 1.8831 1.3213 1.1282 1.3258 1.0365 0.998 0.9607 0.7691 0.9153 0.7794 0.8598 1.203 0.8644 0.688 0.9034 0.8859 0.7494 0.7945 0.7485 0.6321 0.547 0.661 0.6271 0.5336 0.4399 0.4635 0.3653 0.3007 0.2991 0.3057 0.3372 0.308 0.291 0.3279 0.3848 0.3868 0.3357 0.2874 0.2118 0.2063 0.1813 0.1196 0.0792 0.0792 0.0793 0.1008 0.3184 0.5649 0.9619 1.2594 1.5632 1.8538
4.347 4.3321 4.3118 4.2836 3.5986 3.5796 3.5507 3.5048 3.4323 2.6695 2.9942 3.3068 3.6784 3.2308 3.1277 2.8785 2.7492 2.6538 2.6742 2.4473 2.603 1.9528 1.6036 1.3945 1.4727 1.5282 1.4642 1.3541 1.5605 1.3837 1.4816 1.4711 1.393 1.1698 1.217 1.0855 0.8948 0.8748 0.7545 0.7332 0.7394 0.7297 0.6934 0.5341 0.5131 0.5008 0.3992 0.2558 0.2066 0.279 0.2793 0.2828 0.2934 0.3226 0.3332 0.2773 0.2395 0.1874 0.1778 0.1773 0.1054 0.0792 0.0792 0.1198 0.1699 0.1869 0.5409 0.9113 1.3827 1.6299 1.7091
4.4873 4.502 4.5215 5.4071 5.4371 5.4823 6.4506 6.4949 6.5587 6.7093 5.9434 5.7873 4.7393 4.8201 4.2441 4.115 4.6428 3.7639 3.6247 3.3364 3.3221 3.336 2.6738 2.4383 1.9533 1.9954 2.2723 1.7845 1.9954 2.4206 2.0092 1.8759 1.9254 1.8249 1.5219 1.4687 1.3187 1.1061 1.0125 0.9711 0.8842 0.7437 0.7388 0.6962 0.5797 0.5223 0.4808 0.3694 0.2005 0.2021 0.1964 0.2519 0.2847 0.2801 0.2763 0.2357 0.2106 0.1802 0.17 0.1456 0.0824 0.1019 0.1137 0.2056 0.2885 0.3127 0.5793 1.094 1.2881 1.6022 1.735
7.3452 7.3606 7.3812 8.2202 8.2154 8.2062 8.1885 8.1528 8.0747 7.8849 7.4956 6.526 7.0989 6.968 6.6868 5.5187 5.5833 5.7689 5.6024 5.2536 4.7438 4.2099 4.2459 3.3016 3.1224 2.7296 3.1506 3.7669 2.6402 2.9129 2.9842 2.537 2.5114 2.4804 2.415 1.986 1.8744 1.625 1.3377 1.0733 1.0946 0.9593 0.7546 0.7503 0.7124 0.6167 0.5938 0.5262 0.3662 0.2063 0.1935 0.1695 0.2354 0.2747 0.2082 0.1934 0.1907 0.1684 0.1185 0.09 0.0793 0.1546 0.1779 0.1991 0.2371 0.4213 0.6265 0.8819 1.224 1.4112 1.6613
9.9304 9.9197 9.9053 9.8849 9.8556 9.8115 8.3311 8.3659 8.4207 8.5146 8.9726 8.8996 9.1135 8.6669 8.6906 9.2702 7.0627 7.2909 7.6106 7.3194 6.2014 6.2114 5.7516 5.5682 5.3004 4.671 4.3517 4.4284 4.267 3.364 3.4953 3.3248 3.1063 3.0402 2.7487 2.5716 2.4565 2.0464 1.6605 1.6633 1.321 1.1863 1.0984 1.0005 0.9098 0.7362 0.7146 0.7131 0.462 0.3758 0.3859 0.1096 0.1068 0.1616 0.1826 0.178 0.1777 0.1343 0.0797 0.0835 0.0812 0.1428 0.1652 0.1943 0.2183 0.4435 0.5642 0.8633 1.2181 1.3285 1.3908
12.4861 12.4586 12.4223 12.3733 12.3052 12.2075 11.0532 10.9914 10.9012 10.7857 10.6167 11.5121 11.7655 10.746 10.5162 10.121 11.839 8.4944 10.0212 9.3797 9.375 9.1661 8.3016 8.1682 6.9641 6.5109 5.6332 4.9094 5.0627 5.2435 4.0914 3.9294 3.4145 3.2613 3.2339 2.9141 2.8923 2.9899 2.4137 1.9546 1.947 1.4784 1.3255 1.1283 1.238 1.0288 0.7465 0.7643 0.7329 0.548 0.3768 0.333 0.1109 0.0875 0.1224 0.1667 0.1696 0.1655 0.0992 0.0873 0.0903 0.1223 0.1484 0.1897 0.2595 0.4571 0.5325 0.8231 1.073 1.2958 1.3451
12.617 12.6169 12.6173 12.6189 12.6224 12.6298 12.6448 12.6763 12.7452 13.4791 12.9831 13.0273 14.1839 14.6018 13.2483 12.7312 13.271 13.3327 11.2742 11.8267 11.3289 10.8566 9.9573 9.5514 9.408 8.0027 7.4702 6.5311 5.9639 5.5236 5.4774 4.7433 4.4593 3.5573 3.4604 3.6259 3.3243 3.3037 3.2451 2.5692 2.0887 1.9859 1.6806 1.4106 1.4412 1.3763 1.0526 0.8255 0.8117 0.8289 0.5195 0.3074 0.0946 0.0854 0.0976 0.1413 0.1619 0.1616 0.1155 0.0967 0.0943 0.1176 0.1399 0.185 0.2615 0.2869 0.5142 0.8077 1.0613 1.2829 1.3198
12.749 12.7768 12.8147 12.8678 12.9449 14.8688 14.9545 15.1017 15.3595 15.9742 16.1519 16.6501 16.3608 16.0011 15.7647 15.1265 13.8636 14.2662 14.7873 12.695 12.8138 12.245 11.9294 11.2738 10.3225 10.3973 8.9113 7.9457 7.9404 7.1929 6.5743 5.3889 5.1248 4.9185 3.9015 3.7703 3.965 3.6761 3.4159 3.2543 2.8077 2.2716 1.8509 1.4521 1.5551 1.4731 0.9918 0.9371 0.8453 0.8388 0.613 0.2883 0.1483 0.1143 0.1053 0.1362 0.1503 0.1509 0.1278 0.1023 0.1115 0.1162 0.1366 0.1421 0.1897 0.2821 0.5005 0.7917 1.0766 1.2782 1.3058
15.6701 15.7011 16.9756 17.0169 17.325 17.3756 19.1768 19.1293 19.0616 18.9934 19.0394 18.2374 17.648 17.0976 17.0635 16.5229 16.054 15.4133 15.3214 15.1433 13.9635 13.7225 13.1809 12.6491 12.1182 11.2555 10.7381 9.5581 8.3668 7.9489 7.7 7.0531 5.8239 5.6801 5.3564 4.3321 4.3511 4.2662 4.0195 3.8972 3.4204 3.2574 2.866 1.8517 1.6021 1.4363 1.0729 0.8653 0.8445 0.8456 0.6008 0.4573 0.1789 0.1263 0.1074 0.1351 0.1445 0.1454 0.1267 0.1044 0.1151 0.1158 0.1204 0.1396 0.187 0.2797 0.4889 0.7816 1.0694 1.0825 1.298
19.3324 19.3336 19.3361 19.3408 19.3495 19.3652 19.3946 19.452 19.5694 19.8136 20.561 21.3246 19.6855 18.6885 18.0734 17.6823 17.2357 17.1464 16.3167 15.995 15.3514 15.3634 15.1309 14.117 13.058 12.6411 11.8566 10.9364 9.9182 9.1758 8.5685 8.4279 7.3891 6.2239 6.0854 5.8854 4.9212 4.8435 4.5746 4.4898 4.1081 3.7077 3.685 2.7393 1.9147 1.4185 1.1494 0.9355 0.9095 0.8425 0.6579 0.4987 0.1894 0.1767 0.1095 0.117 0.1409 0.1426 0.1256 0.1047 0.1171 0.1167 0.119 0.1382 0.1407 0.2785 0.4818 0.7754 0.81 1.0947 1.2937
24.1276 24.0975 24.059 24.0089 21.0304 21.0361 21.0504 21.0817 20.8835 21.4551 21.7206 22.0161 21.5175 20.5945 19.1533 18.5066 18.5151 17.8232 17.5252 17.0577 16.8949 16.0319 15.7984 15.7632 14.8021 13.7935 13.2031 12.8072 11.5282 10.6225 10.0109 9.3793 8.8766 8.2625 6.4768 6.5424 6.0474 5.2134 5.2628 4.9062 4.3615 3.966 3.6562 3.1052 2.3568 1.3661 1.2241 1.0543 0.9369 0.9327 0.6591 0.5969 0.4117 0.185 0.1476 0.1163 0.1386 0.141 0.124 0.1204 0.1182 0.1176 0.1183 0.1374 0.1394 0.1877 0.4774 0.4972 0.7996 1.0608 1.1084
26.5778 26.5777 26.5781 26.5793 26.5821 26.5874 26.597 26.6114 26.6212 26.9034 26.0794 22.0158 22.1824 21.3986 21.3431 20.0668 19.4854 18.9958 18.4196 18.1321 18.2508 17.9671 16.4827 16.7074 16.4078 15.8103 14.2026 13.3566 13.1976 12.4458 11.0135 10.5707 10.1078 9.5915 8.5453 7.2737 6.4249 6.0298 5.9872 6.0629 6.0666 5.583 4.4297 3.0775 2.4993 1.9221 1.2602 1.1975 0.9573 0.9487 0.6576 0.6138 0.4321 0.2668 0.1512 0.116 0.1198 0.1401 0.1229 0.1207 0.1188 0.1183 0.1181 0.1196 0.1387 0.1867 0.445 0.4907 0.7922 1.0529 1.0743
26.8017 26.8476 26.9094 26.9946 27.1159 27.2951 27.5706 28.4578 28.9586 29.7917 30.6696 29.6352 23.0487 22.8821 21.7849 21.4176 20.936 19.9308 19.7542 19.3656 18.7593 18.7428 18.2924 17.3629 17.4767 17.4136 17.0907 16.1065 14.5552 13.864 13.1351 11.7178 11.4269 10.8332 9.4681 8.9866 7.6523 6.8013 6.4861 6.9431 7.4976 7.2386 6.3658 4.9464 3.6443 2.1977 1.6774 1.2364 1.1091 0.9607 0.7057 0.6224 0.5932 0.278 0.1537 0.1159 0.1187 0.1391 0.1221 0.1034 0.1192 0.1187 0.1185 0.119 0.1381 0.1393 0.4424 0.4861 0.758 1.0472 1.0657
27.0168 27.1048 27.2216 27.3804 29.3235 30.4364 30.6772 31.0546 31.6953 32.9409 34.6267 34.1898 29.0873 24.262 23.7561 22.6367 22.4833 21.4427 20.8551 20.4593 20.1442 19.8112 19.7452 19.555 18.7898 18.7409 18.8237 17.6875 15.7166 14.7632 14.4923 13.964 12.7569 12.6133 11.5768 10.5609 9.3302 8.6055 7.9564 7.5088 8.6303 8.2857 7.6082 7.2967 5.01 3.3177 1.7233 1.6413 1.1283 0.9731 0.7036 0.6265 0.604 0.3733 0.1554 0.1544 0.1181 0.1382 0.1391 0.1029 0.1194 0.119 0.1187 0.1373 0.1378 0.1388 0.2338 0.4539 0.7517 1.0429 1.059
30.044 30.1018 30.176 30.2729 30.4022 34.2256 34.2189 34.2259 31.906 32.3765 33.1361 31.3707 28.8063 28.7742 24.998 24.0563 23.6267 23.0147 22.4319 22.0539 22.5238 21.4607 20.4211 20.4538 20.3315 19.5204 19.491 19.9405 19.3486 16.3552 15.9239 15.1525 14.8824 13.9298 13.5571 12.5669 11.3027 9.1362 9.1058 9.1429 8.9532 8.5632 8.5196 8.4916 7.4343 6.259 3.2736 1.6979 1.6376 0.9831 0.7014 0.6283 0.6106 0.3855 0.281 0.1557 0.1178 0.1196 0.1208 0.1205 0.1018 0.1191 0.1189 0.1188 0.1377 0.1384 0.2327 0.4508 0.7469 0.7643 1.0539
30.0984 30.1613 34.2505 34.2342 34.2151 34.1922 34.1636 34.1242 34.0564 33.8849 33.2819 30.5954 35.559 33.0995 26.622 25.7388 25.7475 25.0514 25.4974 24.3647 31.5896 24.2262 22.0156 21.952 23.4888 23.9783 21.8042 20.983 21.7148 20.6866 17.4298 17.2854 18.6286 16.1735 14.6179 16.1331 13.8444 13.792 10.4095 10.2484 9.5524 9.2563 9.103 9.0313 8.9954 7.9828 5.1675 4.7644 1.6821 0.99 0.9804 0.6869 0.6146 0.5405 0.2899 0.1568 0.1175 0.1191 0.1202 0.1203 0.1016 0.1192 0.119 0.1189 0.1378 0.1382 0.1388 0.4486 0.7433 0.7586 1.0498
31.3536 31.3647 31.3758 31.3861 31.3937 31.3943 31.3788 31.327 31.1925 33.8327 31.3367 30.7235 30.1687 29.2232 28.5947 27.1455 27.0909 27.4581 35.7785 32.0391 28.7317 27.6657 26.6408 23.2787 25.7596 29.7119 23.0931 24.5977 26.9195 29.5728 20.8746 22.6758 29.6336 21.3316 17.3597 17.0227 22.7303 24.071 13.7931 10.4337 10.2009 9.9037 9.8931 9.1197 9.0619 9.0268 8.0235 5.1412 4.8323 1.1419 0.9861 0.6875 0.6171 0.546 0.3829 0.2435 0.1174 0.1187 0.1198 0.1201 0.1014 0.1193 0.1191 0.119 0.1378 0.1379 0.1386 0.4271 0.4549 0.7541 1.0466
31.3058 31.3073 31.3059 31.2996 31.2846 31.2545 31.1979 31.0947 31.5318 29.2357 29.2943 29.4215 30.0093 30.6026 30.6146 30.0467 28.1814 28.578 29.5623 29.2854 33.5383 34.0612 26.7215 25.5515 27.0584 27.1414 30.5228 26.6252 27.884 29.7621 31.1869 25.7174 28.0319 33.4782 25.4941 19.0227 17.079 16.5877 15.7875 14.0495 10.9145 10.8169 10.8428 9.9513 9.9368 9.0645 9.0363 7.3963 5.1204 4.3068 0.9904 0.8584 0.6187 0.5499 0.3889 0.2494 0.1577 0.1184 0.1194 0.1013 0.1012 0.1193 0.1192 0.1191 0.119 0.138 0.1384 0.425 0.4526 0.7506 0.7619
31.2597 31.2529 31.2411 31.2218 31.1908 31.1418 31.7662 31.5826 29.2656 29.3104 29.804 29.8948 30.2858 30.5288 30.6572 30.5859 29.3999 29.058 29.4361 36.1835 42.344 33.5428 36.5874 33.1132 28.9248 33.0191 36.3161 36.1447 29.8933 35.0751 41.4528 33.5718 28.0875 44.1377 33.1435 23.8835 19.4822 16.9023 16.6576 14.863 14.1048 13.7719 11.0427 11.0166 9.9809 9.9653 9.9557 9.9498 7.3251 6.1421 4.3346 2.6974 0.6807 0.5525 0.3933 0.254 0.2455 0.1181 0.1191 0.101 0.1011 0.1008 0.1192 0.1191 0.119 0.138 0.1382 0.4233 0.4313 0.7478 0.7579
31.217 31.2036 31.184 31.1559 31.8533 31.7567 29.2534 29.2741 29.306 29.8147 29.8557 30.2255 30.2744 30.4857 30.5402 30.3024 29.4328 29.1172 30.6715 37.3408 45.6365 41.7933 38.5301 45.1688 42.3739 38.6156 43.0349 45.8483 38.2488 44.0539 46.4431 42.159 37.7545 37.7721 31.0901 26.4389 20.4756 19.5366 16.8348 16.1085 14.594 14.2584 14.0987 11.1353 11.1035 11.0889 9.9816 9.972 9.9654 8.1964 6.1432 2.8596 2.3987 0.5543 0.5446 0.2575 0.2497 0.2431 0.1188 0.1194 0.1009 0.1007 0.1192 0.1192 0.1191 0.1381 0.1381 0.2136 0.4294 0.7455 0.7547
