normal_rasters/0772100000293564.ascii
ncols 54 
nrows 41 
xllcorner 158649.179001
yllcorner 383585.959999
cellsize 0.25
nodata_value -9999 
32.0559 31.9278 31.9272 31.9267 31.9264 31.9264 31.4499 31.4351 31.4173 31.3968 31.3747 30.1807 28.8251 28.7217 23.5249 23.3019 18.5971 18.3833 14.3072 14.1575 13.2595 13.1777 10.9506 8.1355 6.2203 6.0009 4.8579 3.7673 5.7344 5.7912 7.7782 7.9741 9.7723 12.2083 15.0363 15.2911 20.6987 20.9002 21.1026 26.4746 26.6469 28.4114 28.5228 29.9614 30.9984 31.019 31.0363 31.0498 31.0598 31.0665 31.0706 31.5628 31.5632 31.5632 
32.0537 32.0519 31.926 31.9254 31.9249 31.9248 31.9249 31.4461 31.4252 31.4007 31.3735 30.1799 28.825 28.6989 23.5765 23.307 18.6365 18.3781 14.3464 14.164 13.2568 13.1542 10.9601 8.167 6.2381 4.5144 4.8318 3.7637 5.724 5.7956 5.8672 7.967 9.7712 12.2003 15.0081 15.3205 20.622 20.8765 21.1313 26.4338 26.6495 28.4204 28.562 29.9901 31.0059 31.0311 31.0511 31.0658 31.0757 31.0816 31.5668 31.5673 31.5673 31.5668 
32.0514 32.0491 32.0469 31.9238 31.9231 31.9228 31.923 31.4605 31.4361 31.4062 31.3721 30.1801 28.8249 28.6678 23.6474 23.3168 20.93 18.3741 15.3182 14.1773 13.2559 13.1237 10.9726 8.2102 6.2607 4.5198 4.7928 3.7573 5.707 5.7998 5.8933 7.9515 9.7665 12.1891 14.9706 15.3593 19.1106 20.8464 21.1751 24.0591 26.6484 28.4318 28.6175 30.0312 31.0173 31.0484 31.0714 31.0867 31.0957 31.5718 31.5726 31.5724 31.5717 31.7792 
32.0491 32.0461 32.0431 32.0404 31.9209 31.9204 31.9204 31.9212 31.4514 31.4144 31.3706 30.1822 28.8248 28.6244 23.7462 23.3348 20.9252 18.3725 15.8802 14.2025 13.2586 13.083 10.989 9.246 7.0807 3.9943 4.3106 3.746 5.6786 5.8028 5.9296 7.9215 9.7545 12.174 14.2511 16.8448 19.032 20.8077 21.2431 24.0767 26.6399 28.4467 28.6993 30.9857 31.0356 31.0739 31.0994 31.114 31.5784 31.5795 31.5793 31.7821 31.7816 31.781 
32.0256 32.0431 32.0391 32.0351 32.0317 31.9172 31.917 31.918 31.4731 31.427 31.3693 30.1883 28.8248 28.5615 24.8373 23.3668 20.9218 18.3751 16.3362 13.4969 13.269 13.0269 11.7345 9.2759 7.0733 4.0003 4.238 3.7256 5.629 5.8021 5.9824 7.8677 9.7265 12.155 14.2688 16.7692 18.9151 20.758 21.3505 24.1003 26.6156 28.4658 29.9586 30.998 31.0662 31.1125 31.1385 31.5875 31.5893 31.5888 31.7859 31.785 32.0932 32.0997 
32.0251 32.0199 32.035 32.0294 32.024 31.913 31.9123 31.9134 31.5047 31.4472 31.3688 30.2025 28.8254 28.4668 24.9003 23.4233 20.9222 18.3841 16.389 14.9207 13.2948 12.9467 10.6391 9.3211 7.0615 3.9888 2.6693 3.6876 5.5382 5.7913 6.0636 8.6052 9.663 10.9793 14.3039 16.6321 18.7374 20.6954 22.4666 24.1333 26.5594 28.4886 29.9312 31.0264 31.1202 31.1718 31.1929 31.604 31.6028 31.7914 31.7897 32.0931 32.1011 32.1072 
32.0254 32.0194 32.0122 32.0236 32.0153 32.0075 31.9053 31.9063 31.9114 31.4809 31.3716 30.0511 28.8291 27.6814 24.99 22.464 20.931 18.8047 16.49 14.9852 13.3498 12.8308 10.6616 9.3903 7.0501 4.999 2.6486 3.6154 4.494 5.755 6.1946 7.9054 9.5208 11.1612 14.3665 16.3593 18.1624 20.0607 22.4553 24.1847 26.4413 28.5097 30.0809 31.1018 31.2177 31.2623 31.6283 31.6257 31.8003 31.7969 32.0941 32.1041 32.1113 32.1163 
32.1116 32.1028 32.012 32.0013 32.0065 31.9928 31.9807 31.8942 31.9029 31.5386 31.3871 30.1538 28.8469 27.5631 25.1191 24.417 20.952 18.6802 16.6736 15.1656 13.444 12.6754 10.6636 10.2449 6.7897 4.3906 2.6004 2.7507 4.3426 5.6634 6.3958 7.8886 9.7243 11.6315 14.456 15.7604 18.0809 20.1635 22.3871 24.478 26.0155 28.9813 30.4717 31.3401 31.3784 31.6756 31.6699 31.8168 31.8087 32.0975 32.1101 32.1184 32.3781 32.3853 
32.114 32.1049 32.0929 32.0767 31.9853 31.978 31.9519 31.9338 31.8856 31.9192 31.4548 30.3052 29.2151 27.2478 25.998 23.7635 21.7305 18.6909 16.9337 15.6963 13.8377 12.35 10.5513 9.9214 6.9967 3.8561 2.5063 2.7202 3.8502 5.5385 6.7384 8.0821 9.0053 11.6221 14.2414 14.9888 18.4131 20.0886 21.9693 24.4387 26.0056 28.9775 30.1245 31.6255 31.7734 31.898 31.8538 32.0809 32.1064 32.1222 32.3742 32.3863 32.3939 32.3987 
32.1183 32.1099 32.0984 32.0821 32.0577 32.0192 31.9573 31.8649 31.8793 31.9403 31.6693 30.6299 29.3357 26.9694 25.8543 23.9848 21.4685 19.1534 17.3599 16.5445 13.8651 12.4067 10.9138 9.6545 7.201 3.2134 2.2341 2.3947 3.4133 4.9334 6.7882 7.8753 9.7206 11.9351 13.1232 15.8168 17.5363 20.0087 21.7991 24.3837 26.079 28.3014 30.4811 31.308 32.0537 31.9361 32.088 32.3214 32.3677 32.3914 32.4035 32.4097 32.4127 32.4141 
32.1003 32.0932 32.1087 32.0956 32.0757 32.0425 31.9808 31.8646 31.8851 32.1232 31.8316 30.8132 29.6017 27.1017 24.9868 23.7561 21.541 19.5983 17.7886 15.8065 14.472 13.1749 10.5524 9.2764 7.7009 3.9993 1.6895 1.7712 3.5598 5.446 6.4401 8.0877 9.8096 11.1451 13.0471 14.839 17.3888 19.4668 22.2823 24.1469 26.5104 27.9072 30.0735 31.3345 31.872 32.1275 32.3607 32.42 32.437 32.4404 32.4391 32.4365 32.4334 32.4305 
32.1116 32.1077 32.1024 32.0952 32.0851 32.0952 32.0846 32.1045 32.2588 32.521 31.5635 30.504 29.3331 27.3817 24.937 23.2056 22.0847 19.3241 17.8393 15.9935 14.5306 13.0524 11.0205 9.8126 7.0661 5.4466 3.1147 2.6142 2.9982 5.1309 6.7605 8.2694 9.6406 11.4079 12.7472 14.8144 17.3057 19.3999 21.7535 24.4936 26.2385 27.95 29.7888 31.6678 32.2522 32.6467 32.6432 32.5965 32.5204 32.4944 32.4766 32.4638 32.4543 32.4468 
32.1238 32.1235 32.1237 32.1249 32.1289 32.1398 32.1705 32.3337 32.4018 32.1444 31.7025 31.0882 29.4332 27.7644 25.524 23.2322 21.5538 20.0317 17.5546 16.3441 14.463 12.3788 11.5376 9.5483 7.8437 4.8569 3.2325 2.7215 3.9611 5.3444 6.8393 8.2003 10.3129 11.4545 13.1104 14.4914 17.1604 19.6939 21.4396 23.5324 26.9207 28.5767 29.6828 31.6919 32.7324 33.0353 32.8154 32.7885 32.7384 32.7093 32.6908 32.73 32.6222 32.6135 
32.1359 32.139 32.144 32.1525 32.1671 32.2649 32.2918 32.307 32.2436 31.9012 31.6596 31.0804 29.5453 28.1752 25.4483 23.8824 21.2669 20.0295 17.6284 16.4358 14.8637 12.5308 11.3255 9.3193 8.4183 5.186 3.0354 1.6101 2.9961 5.5039 7.1287 8.3904 9.606 11.7502 12.7281 15.1262 16.6218 19.2101 21.9383 23.2327 25.4157 28.9803 30.3598 31.3762 32.6996 32.9533 32.9056 32.8689 32.846 32.8091 32.7919 32.7803 32.7722 32.7665 
32.3904 32.3908 32.3915 32.4348 32.4242 32.4079 32.2499 32.287 32.3726 32.0604 31.6716 31.1798 30.1046 27.4979 25.9869 23.7434 21.7224 19.4254 18.3456 16.3525 14.6194 13.5718 10.7122 9.8882 7.7913 5.6143 3.0312 0.7942 2.0385 5.0547 6.6754 8.5987 9.5887 11.3441 13.5943 14.7049 16.5852 17.9603 21.3792 23.7262 24.6997 27.4678 30.6101 31.4719 32.6197 32.7544 32.8138 32.8301 32.7727 32.7639 32.7582 32.7545 32.752 32.7503 
32.642 32.6401 32.6372 32.6323 32.5607 32.5402 32.4999 32.4259 32.2543 32.1678 31.9141 31.3151 30.5539 28.2954 26.3871 24.1084 21.9367 20.658 18.5689 17.1158 14.6922 12.9234 11.7205 9.2174 7.7762 5.6534 3.2814 1.5597 2.7499 4.1377 6.0904 8.511 10.1687 11.431 13.5538 14.9945 16.3005 18.8674 20.3098 23.4314 25.9614 27.1569 28.953 31.8507 32.4862 32.4799 32.5903 32.5946 32.6029 32.6097 32.7205 32.6267 32.6291 32.6307 
32.8032 32.803 32.8024 32.8013 32.6106 32.6161 32.6215 32.6143 32.5189 32.1402 31.8701 31.5807 29.6739 28.8984 27.0646 24.1726 23.0658 20.7772 19.3193 17.3764 15.2912 12.6477 11.1766 10.1963 7.9251 5.4197 3.2426 1.9962 1.9923 4.5153 5.9455 7.8824 9.8645 11.8308 13.4033 15.0455 16.5782 18.5567 20.7359 23.0627 25.3944 27.6499 29.6103 30.9571 32.3207 32.2473 32.2209 32.3862 32.3972 32.4048 32.4103 32.4897 32.4966 32.2441 
32.8218 32.8265 32.8331 32.8426 32.8573 32.8496 32.8773 32.9473 33.0209 32.6255 32.0108 31.4475 30.5783 28.3324 26.6097 25.0008 22.8268 20.8784 18.7456 17.4044 16.0418 13.8071 11.0121 9.8186 8.2367 5.2661 2.7749 0.4445 1.57 4.4017 5.9686 7.8802 9.7108 11.2397 13.833 15.2738 16.5874 18.8112 21.3123 22.3703 25.2805 27.3461 29.1563 31.0452 31.7003 32.2166 32.1352 32.104 32.09 32.0601 32.0449 32.0355 32.0297 32.026 
32.9887 32.9935 33.0002 33.0097 33.0692 33.0737 33.08 33.0576 33.0734 32.9271 32.4644 31.8261 30.5569 28.4989 26.7874 25.0008 23.3746 21.5636 18.5216 17.5918 15.1633 14.3785 11.7257 9.4391 7.7852 6.2735 2.9728 0.9417 2.3762 3.9816 6.3662 7.302 9.5944 11.3546 12.667 15.3015 17.3663 18.5831 20.9304 22.9498 24.1558 26.7552 28.9252 31.1058 31.8019 32.0711 32.0194 31.9452 31.9019 31.8782 31.8649 31.8569 31.8518 31.8484 
33.1134 33.0792 33.0807 33.0828 33.0858 33.0904 33.0983 33.1052 33.1648 32.8106 32.6058 31.875 30.761 28.9984 27.2562 25.3938 24.1076 21.2993 19.7782 17.3857 15.5008 13.5771 12.4175 10.5542 7.9297 5.9397 3.0465 1.4168 2.7598 4.0919 5.6448 7.7037 8.9705 11.4415 12.755 14.2758 17.0424 19.0195 20.7837 22.9259 24.4496 25.6672 28.2979 30.2681 31.743 31.9165 31.8575 31.8364 31.8329 31.833 31.8336 31.8343 31.8348 31.7433 
33.1133 33.1138 33.1146 33.1158 33.0829 33.0861 33.0912 33.0689 33.0722 32.9416 32.4656 31.9842 30.8396 29.2686 27.2606 25.5702 23.7816 21.6776 19.2347 17.3536 15.4331 13.5678 12.1244 10.7904 8.5041 5.6166 3.4487 1.867 1.8927 4.1577 5.5982 7.425 9.0215 10.6588 13.0746 14.0591 15.9837 18.9245 20.7224 22.7256 24.255 25.9216 28.3157 30.2925 31.5385 31.4903 31.519 31.5583 31.5749 31.6945 31.7059 31.7129 31.7175 31.7206 
33.1129 33.1134 33.0796 33.0801 33.0804 33.0376 33.0414 33.0454 33.0501 32.8822 32.59 32.1373 30.7714 29.8142 28.1525 25.7956 23.2799 22.0071 19.3478 17.5201 15.7632 13.8824 12.4619 10.2525 9.0506 6.2198 3.1955 1.9276 2.055 3.8548 5.6843 7.4299 9.5593 10.7894 12.3232 14.819 16.3467 18.1883 20.5491 23.258 24.6495 25.7821 27.9351 29.8783 30.8652 31.2512 31.2428 31.4644 31.5122 31.5393 31.5557 31.5138 31.5187 31.5222 
34.853 34.8198 34.7716 34.6996 33.0253 33.0246 33.0223 32.9621 32.9873 32.8737 32.632 32.0376 31.1847 29.3333 27.7768 26.7126 24.072 21.4705 19.8112 17.5645 15.4343 14.2579 12.0372 10.5746 8.9401 6.3954 3.8792 1.4868 2.5813 4.3803 5.6579 7.3905 9.4759 11.117 12.3358 14.0311 16.5365 18.9 20.349 22.5783 24.6596 26.5082 27.794 29.6318 30.5888 30.9485 30.932 31.0721 31.2808 31.2927 31.3003 31.3055 31.3093 31.3121 
35.0223 35.0298 35.0367 35.0398 34.958 34.8751 34.6733 34.2138 32.9305 32.8589 32.6154 32.0453 31.1797 29.8608 27.8733 25.8982 25.1603 21.6427 19.6096 17.9054 15.5255 13.9213 12.1157 11.0832 8.3812 7.2733 3.8517 1.6068 1.7156 4.4273 6.1125 7.2259 9.1003 10.7335 12.6672 13.8278 16.0135 18.5277 20.71 22.1332 24.5085 26.7574 27.9531 29.3974 30.3916 30.8415 31.0261 31.0453 31.0492 31.0478 31.045 31.1843 31.1852 31.1856 
35.2006 35.2376 35.2338 35.3066 35.3972 35.4569 35.5922 35.6681 35.212 33.5926 32.6557 32.4125 31.345 29.6073 28.7162 25.6186 24.4087 23.1154 19.5203 17.7319 16.1354 13.5126 12.6737 10.7678 9.0709 6.6231 4.8159 2.225 1.8847 2.759 6.0103 7.6587 9.0013 10.2998 12.3534 14.5777 15.6732 17.7694 20.1889 22.0702 24.1331 25.9231 27.8383 29.7056 30.5261 31.0044 31.0298 31.0046 31.0519 31.1858 31.1869 31.1874 31.1875 31.1875 
35.2597 35.326 35.4183 35.5538 35.6893 35.992 36.5815 37.862 40.4139 36.4564 33.1585 32.4857 31.3066 30.2041 28.0267 26.879 24.3589 22.5688 21.567 17.6846 15.8539 13.5904 12.4684 10.6642 8.7675 6.5622 4.1771 2.6868 1.6635 3.4807 4.9952 7.7032 8.9024 10.5767 11.6297 14.2749 16.4217 17.7601 19.8447 22.102 23.6997 25.9253 27.5142 29.4347 30.6816 31.254 31.1285 31.0662 31.045 31.1256 31.1214 31.1183 31.1159 31.114 
35.3081 35.3708 35.4591 36.9648 37.1164 37.2478 37.6388 38.5128 40.3292 36.6385 33.9103 32.3615 31.8583 29.8822 28.3193 27.018 24.8477 22.6932 20.7675 18.7992 15.5613 13.7815 12.0152 10.8329 8.3675 6.8555 4.6594 1.9004 0.7545 3.3536 5.112 6.4687 8.2573 9.7749 12.321 13.4683 15.6427 18.1966 19.8013 21.8189 24.3228 25.9573 27.8001 29.1354 30.7669 30.9729 31.1599 31.158 31.1498 31.1434 31.1537 31.1509 31.1864 31.185 
37.0057 37.0149 37.026 37.0391 37.0539 37.0667 36.8679 36.873 36.1687 33.1011 36.9791 32.8259 31.9529 30.2966 28.1714 26.6256 24.809 23.0736 20.4053 19.0837 15.752 13.8373 11.9464 10.2959 8.9167 7.1756 4.4101 2.3782 0.9012 2.751 5.3259 6.4735 8.0128 9.7316 11.9158 13.9304 15.4101 17.819 19.6332 21.6713 24.0473 25.8895 27.3745 29.7459 30.5107 31.0779 31.2194 31.1794 31.1655 31.1586 31.3625 31.3715 31.3776 31.3817 
36.9463 36.938 36.923 36.8957 36.8446 36.7454 36.5443 36.0323 35.4277 33.6726 33.273 32.64 31.4377 30.8663 28.5935 26.3502 24.8512 23.0312 21.3428 17.9082 16.3173 14.1249 12.2905 11.0203 8.334 7.0945 5.116 3.0414 1.0252 2.8873 4.7157 6.8172 8.0668 9.9145 11.6895 14.0154 15.7897 17.3369 19.5062 21.3687 23.4835 26.208 27.9456 29.4048 30.6583 31.0963 31.1228 31.2432 31.3603 31.3765 31.3846 31.389 31.3914 31.3929 
36.8966 36.8771 36.8482 36.8043 35.1857 35.2473 35.3414 35.4949 35.6099 40.5462 33.6978 32.8087 32.0392 29.9119 28.8217 27.2547 24.1695 22.9288 21.3911 17.9658 16.4925 14.8614 12.4211 10.7748 9.3294 6.7628 5.3807 1.8714 1.4379 3.3781 4.415 6.7373 8.2282 9.9417 11.713 13.5389 15.2765 17.4007 19.3018 21.1652 23.3085 26.0093 28.0633 29.3418 30.5663 31.1466 31.2931 31.3361 31.3362 31.3306 31.3249 31.32 31.4071 31.4051 
35.1139 35.1192 35.1276 35.1415 35.1653 35.2085 35.2273 35.315 35.3476 34.9664 33.6029 32.8466 32.4361 30.5017 28.0253 27.0403 25.1497 23.0493 20.7312 19.5852 16.1353 14.7514 13.1127 10.4207 9.1153 7.3311 4.5972 2.3027 1.2288 2.2791 5.0635 6.1453 8.6588 10.0299 11.253 13.1017 14.9691 16.9049 19.4381 21.2847 23.4195 25.1917 28.1853 29.6529 30.5519 31.6877 31.5695 31.4656 31.3969 31.3645 31.3463 31.3346 31.3265 31.3206 
35.0684 35.0614 35.052 35.0417 35.0076 34.9501 34.8443 34.628 33.2033 33.1403 33.0658 32.7433 32.0633 30.8704 28.7181 26.5968 25.2761 22.7115 21.1924 19.1049 16.6381 14.5454 13.2373 11.3272 8.9708 8.0776 5.7023 2.5921 1.5812 1.7673 5.4279 7.2011 7.8548 10.213 11.4595 12.8498 14.7105 16.756 19.527 21.9593 23.4099 26.0063 27.0048 29.5085 30.5536 31.6181 31.514 31.3824 31.2914 31.3907 31.3636 31.3469 31.3356 31.3276 
35.0241 34.9984 34.9622 34.9093 34.8286 34.6989 33.2241 33.2332 33.2439 33.2395 33.1293 32.982 31.7945 30.5382 29.8345 26.9609 25.0324 22.6136 20.7891 19.0352 17.0148 15.2481 13.2961 11.3095 8.5037 7.1583 5.8691 2.6042 1.664 2.4752 5.6212 6.8199 7.923 9.7364 11.5621 12.7026 14.3926 16.4023 19.0163 22.4603 23.4839 25.818 27.06 29.0999 30.1682 31.0836 31.1982 31.1352 31.2654 31.226 31.1994 31.3549 31.3421 31.3329 
34.9671 34.9296 34.878 34.8054 34.7001 33.2226 33.2305 33.2307 33.276 33.2832 33.1638 32.6989 31.6789 30.8919 29.6796 27.1324 23.7028 22.7877 20.4961 19.1528 17.4264 15.2147 14.2265 10.663 8.4844 6.7032 5.6029 3.6441 2.0307 2.8921 5.0422 6.3567 8.8605 9.6279 11.0137 12.8904 14.2478 15.0399 18.927 21.6473 23.3233 25.9118 27.159 29.0212 29.9438 30.9192 31.0119 31.0238 31.0002 31.2025 31.1852 31.1713 31.1602 31.1512 
34.9199 34.875 34.8156 33.2159 33.219 33.2237 33.2088 33.2237 33.2397 33.2175 33.1707 32.3118 31.6892 31.3153 30.0929 27.2286 25.2135 21.8814 20.5499 19.2335 18.0006 15.9637 13.8386 9.8734 8.4804 6.9282 5.4878 4.5297 3.1058 3.1453 4.9045 6.9162 8.7379 9.5814 10.7678 12.4304 14.2649 14.7964 18.8863 21.6012 23.178 26.0177 27.2062 28.337 29.8109 30.0784 30.9172 30.9441 30.945 30.9336 31.1679 31.1594 31.1516 31.1447 
34.8833 33.2121 33.2137 33.2159 33.1911 33.1969 33.2041 33.2118 33.2139 33.1885 32.8463 32.2137 31.8967 31.5017 30.1211 26.4641 25.4412 21.7277 20.4823 19.2684 17.8389 16.0544 13.665 9.6795 8.4843 6.9231 5.4578 4.7189 3.3359 3.3175 4.836 5.297 8.8418 9.5594 10.645 12.3622 14.3084 14.674 19.8142 21.5502 23.0797 24.7943 27.6244 28.283 29.7449 29.9428 30.3203 30.8915 30.9015 30.9007 30.8942 31.1467 31.1421 31.1374 
33.2107 33.2119 33.2134 33.1862 33.1898 33.194 33.1984 33.2009 33.1817 33.1741 32.7814 32.1651 31.9534 31.5966 28.732 26.3002 25.5823 21.6385 20.4551 20.0761 17.8526 16.1013 15.7846 10.1539 7.3134 6.9294 5.4509 4.8097 3.4497 4.4979 4.8054 6.0384 8.8906 10.3171 10.5826 12.3178 14.3494 14.6116 19.4105 21.5071 23.0133 24.7444 27.6965 28.256 29.7133 29.8617 29.9747 30.8566 30.869 30.8733 30.8723 30.8682 31.1325 31.1298 
33.2105 33.2116 33.1827 33.1851 33.1878 33.1907 33.1929 33.1926 33.1714 32.8142 32.7395 32.1366 31.9881 30.6087 28.6342 26.1863 25.6673 22.9353 20.4421 20.1661 17.8507 16.1236 15.8924 10.1649 7.2263 6.9386 6.6545 4.8594 4.4602 4.5862 4.7871 6.0894 8.1822 10.3541 10.5494 12.2905 14.3836 14.579 19.4003 21.4727 23.2407 24.7083 27.747 28.2424 28.6427 29.812 29.9046 30.2309 30.845 30.8515 30.8535 30.8526 30.8498 31.1225 
33.2331 33.1801 33.1818 33.1837 33.1857 33.1875 33.1877 33.1868 33.1647 32.7719 32.7124 32.1181 32.0095 31.908 28.5693 26.1078 25.7199 23.0041 20.4348 20.2262 17.844 17.5948 15.9584 10.1729 7.1687 6.9478 6.7298 4.8892 4.528 4.6436 4.7902 6.0681 8.1192 10.3822 10.5313 12.274 14.4114 14.5619 19.3941 19.805 23.2083 24.6813 27.7836 28.2358 28.5911 29.7809 29.8568 30.1766 30.2277 30.8342 30.8379 30.8389 30.8381 30.836 
33.1781 33.1794 33.1808 33.1823 33.1837 33.1841 33.1838 33.1621 32.7794 32.7423 32.6943 32.1054 32.023 31.9448 28.5242 26.0527 25.7539 23.0527 20.4302 20.2677 17.8362 17.6407 14.7492 10.1778 7.1298 6.9562 6.7847 4.9083 4.5726 4.6827 4.7942 6.0556 8.073 10.404 10.5211 12.2642 12.3736 14.5532 19.3907 19.7223 23.1844 24.6604 26.3784 28.2331 28.5563 29.7611 29.8237 29.8758 30.1841 30.2198 30.8249 30.8272 30.8277 30.827 
33.1775 33.1786 33.1797 33.1808 33.1814 33.1813 33.1807 33.1584 32.7529 32.721 32.682 32.0963 32.0318 31.97 28.4918 26.0128 25.7766 23.0873 20.4271 20.2972 17.8285 17.6718 14.7535 10.1807 7.1029 6.9634 6.8257 4.9212 4.6034 4.5969 4.798 6.0481 8.0393 10.4212 10.5155 10.6071 12.3486 14.5491 19.389 19.661 23.1661 26.1624 26.3619 28.2326 28.5324 28.6451 29.8003 29.8454 30.1506 30.1845 30.8142 30.8171 30.8185 30.8188 