normal_rasters/0772100000296471.ascii
ncols 115 
nrows 99 
xllcorner 159510.528015
yllcorner 383964.716003
cellsize 0.25
nodata_value -9999 
[rows 0 to 30 of 99, columns 0 to 70 of 115]
17.5224 17.5469 17.5731 19.0965 19.1138 19.132 18.0816 19.0041 18.985 18.9083 18.8717 18.8338 20.6295 21.3178 21.3941 20.8458 20.8685 25.1672 25.1845 25.2022 25.2203 25.2052 25.5155 19.6278 19.5572 15.3436 15.3379 14.6799 14.0311 14.0246 14.0175 14.0098 14.0017 13.9932 13.3505 12.7376 12.3812 12.3665 19.411 19.5198 19.061 18.0962 20.571 20.3388 12.6078 16.1556 16.1992 16.252 16.3147 16.3879 16.4715 16.7776 16.7934 17.423 13.6378 13.5619 19.5893 16.1065 16.2863 17.4362 17.3789 17.3123 13.3053 12.89 17.7589 18.0215 16.1068 16.0828 16.04 15.9777 15.8995
17.5061 17.5315 17.5589 17.5883 19.1059 19.1252 18.0803 18.1333 18.9936 18.9208 18.8816 18.8409 20.626 21.2802 21.3611 20.5832 20.8624 20.8878 25.1789 25.1982 25.2179 25.2144 25.5249 19.6408 19.5769 19.5058 15.3396 14.6859 14.0357 14.0287 14.021 14.0127 14.0038 13.9944 13.3532 12.7402 12.3856 12.3693 19.3832 19.504 19.0571 18.1687 17.2415 20.4129 12.5855 12.6288 16.1371 16.1911 16.2569 16.3356 16.4275 16.5321 16.7905 16.8102 17.4833 13.5859 13.4899 16.0492 16.2431 16.3207 17.4034 17.3254 16.6838 12.8848 17.6369 17.9446 16.1712 16.1507 16.1031 16.0251 15.9214
17.488 17.5144 17.5431 17.574 19.097 19.1175 19.1392 18.0929 19.0035 18.9805 18.8933 18.8495 20.6226 20.6124 21.3231 20.5613 20.8551 20.8829 25.1724 25.1935 25.215 25.2253 25.5364 25.4707 19.6146 19.5231 15.3417 15.3345 14.041 14.0335 14.0252 14.0161 14.0063 13.9959 13.3566 13.3422 12.3909 12.3727 19.3498 19.4846 19.0517 19.1812 18.1761 20.5076 12.5583 12.6051 16.0646 16.1185 16.1866 16.2705 16.371 16.4883 16.786 16.8091 17.5309 13.6195 13.5069 15.97 16.1734 16.3463 17.4389 17.3475 16.6891 13.579 12.9795 17.8253 16.1665 16.2416 16.1924 16.0938 15.9504
17.4679 17.4953 17.5252 17.5577 19.0868 19.1087 19.1319 18.0923 19.0149 18.9905 18.9071 18.8598 20.6191 20.6081 21.2794 21.3783 20.8464 20.8769 25.1648 25.1879 25.2115 25.2384 25.5506 25.4785 19.6291 19.5444 15.3442 15.3363 14.684 14.0392 14.0303 14.0203 14.0095 13.9978 13.3608 13.3446 12.7369 12.3769 19.3094 19.4608 19.0441 19.191 18.2801 17.2627 20.2919 12.5755 15.9798 16.0319 16.1008 16.189 16.2983 16.4295 16.7792 16.8066 16.9595 17.3618 13.534 15.2041 16.0999 16.3079 15.9566 17.3842 16.7048 13.5013 12.9836 17.6414 17.8676 16.3647 16.3245 16.2004 15.9545
17.4456 17.4739 17.5051 17.5392 17.5762 19.0984 19.1233 18.0913 18.1083 19.0021 18.9234 18.8724 18.8192 20.6038 20.5915 21.3346 20.5804 20.8695 20.9041 25.1812 25.2073 25.0664 25.2063 25.4886 19.6467 19.5706 19.4728 15.3387 14.6925 14.046 14.0363 14.0254 14.0134 14.0004 13.9866 13.3477 12.74 12.3822 12.358 19.4311 19.0336 19.2014 18.4052 17.4641 20.4067 12.5388 12.5983 15.9289 15.9962 16.0868 16.2041 16.3503 16.5256 16.8016 16.8383 17.4098 13.5764 13.3959 15.9881 16.3145 16.0613 15.8965 16.7408 16.6405 12.9752 12.9713 17.7226 16.3961 16.529 16.3826 15.9988
13.0953 17.45 17.4824 17.5182 17.5573 19.0866 19.1134 19.1418 18.1086 19.0157 18.9855 18.8876 18.8297 20.5996 20.5861 21.2833 20.551 20.8603 20.8988 25.1731 25.2021 25.2315 25.2207 25.5017 25.4102 19.6102 19.4951 15.3416 14.7027 14.0539 14.0436 14.0317 14.0183 14.0036 13.988 13.3517 12.7437 12.3887 12.3611 19.3937 19.0192 19.2126 19.4061 18.3929 20.5599 20.1 12.5569 11.8867 15.8687 15.9584 16.0817 16.243 16.4444 16.7925 16.8384 17.4883 13.6426 13.418 15.8156 16.2337 16.4581 16.0297 17.3329 16.5845 12.8133 12.8853 13.101 16.3872 16.8547 16.7388 14.4668
13.0977 17.4232 17.4568 17.4942 17.5355 17.5806 19.1016 19.1324 18.1086 19.0316 18.9993 18.906 18.8428 20.5955 20.5807 21.2231 21.3561 20.8489 20.8919 25.1633 25.1956 25.2286 25.0538 25.5187 25.4163 19.6302 19.5236 15.3452 15.334 14.691 14.0524 14.0394 14.0245 14.0079 13.99 13.3568 12.7485 12.397 12.3652 19.3461 18.9992 19.2245 19.4503 18.5773 17.5559 20.2388 12.5044 11.8481 11.9089 15.7973 15.9221 16.0967 16.3267 16.7765 16.8348 16.9818 13.2803 13.4623 14.917 16.069 16.5017 16.2466 15.8906 16.523 12.6383 12.9202 13.3187 16.2499 17.0566 17.5792 15.0909
13.1004 13.1009 17.4279 17.4669 17.5103 17.5583 19.0879 19.1212 18.1081 18.1314 19.0157 18.9283 18.8592 20.5915 20.5754 20.5585 21.2954 20.5771 20.8829 25.1513 25.1876 25.2247 25.0648 25.5407 25.4255 19.6551 19.5602 19.4179 15.3372 14.7038 14.0631 14.0489 14.0323 14.0135 13.9928 13.3635 12.7545 12.7361 12.3708 19.2846 18.9714 19.2369 19.5035 18.8036 17.9044 20.4357 12.4386 11.795 11.857 11.9401 15.7137 15.8964 16.1554 16.4965 16.8235 16.9146 13.3638 13.5446 13.1191 15.7652 16.511 16.5897 16.2112 16.4765 11.0828 13.0402 13.4969 16.8568 16.7931 18.5152 16.5217
13.1033 13.1039 13.1042 17.4357 17.4813 17.5322 19.0716 19.1077 19.1466 18.1334 19.0353 18.994 18.8797 18.7999 20.5702 20.5515 21.2226 20.5357 20.871 20.9276 25.1775 25.2197 25.0786 25.211 25.4388 25.3035 19.6011 19.447 15.3416 14.813 14.0763 14.0609 14.0425 14.021 13.9969 13.3723 12.7622 12.7404 12.3782 12.3324 18.9323 19.2494 19.5687 19.873 18.894 20.712 19.9456 12.4347 11.782 11.8669 11.9877 15.6211 15.9053 16.3086 16.7956 16.9267 13.5104 13.6929 13.0993 14.9723 16.3825 17.0877 16.9264 16.5442 11.2087 12.7936 13.5358 15.4672 14.8022 22.3359 8.1875
13.0911 13.1071 13.1075 17.4 17.4477 17.5016 17.5619 19.0915 19.1342 18.135 19.0587 19.0141 18.9053 18.8169 20.5653 20.5445 20.5226 25.6092 25.5646 20.9204 25.1648 25.2131 25.0961 25.0428 25.4579 25.3024 19.63 19.4866 19.2923 15.3298 14.7991 14.0761 14.0556 14.031 14.0028 13.972 13.3443 12.7462 12.3882 12.3334 18.8766 19.2612 19.65 20.0177 19.2599 18.1741 20.2014 12.3328 11.6777 11.7534 11.8768 12.0691 15.5393 16.0096 16.7321 16.9259 16.9654 13.4683 13.0651 13.8737 15.5705 16.846 18.5219 16.2406 12.7313 14.0652 12.0979 14.2763 8.6481 11.2396 13.1423
13.0903 13.1107 13.1112 13.1114 17.4089 17.4658 17.5302 19.072 19.1188 18.136 18.1697 19.0388 23.7624 18.8391 20.5608 20.5378 20.5131 25.5045 25.5192 20.9097 25.1484 25.2044 25.2606 25.0575 25.4849 25.3047 19.7898 19.5478 19.317 15.3348 14.8112 14.0953 14.0728 14.0447 14.0114 13.9742 13.3525 12.7542 12.7192 12.3356 18.7957 19.2703 19.753 20.2053 20.3579 19.2606 20.5864 19.4109 11.5404 11.5876 11.6871 11.884 12.2375 15.5474 16.3318 16.8676 17.2831 13.891 12.6776 9.996 13.7592 13.8877 23.8049 16.8445 8.8746 10.9158 6.8349 9.3174 8.6233 6.9855 6.6776
13.089 13.1 13.1152 13.1155 17.3638 17.4235 17.4922 17.5701 19.0997 19.1561 18.1754 19.0691 22.4657 23.7086 20.5571 20.5315 20.5037 21.1217 25.6296 25.5758 20.9851 25.1925 25.2587 25.0773 25.5232 25.312 19.8051 19.5797 19.3548 15.3417 14.8272 14.1199 14.0956 14.0636 14.0241 13.9783 13.3647 12.7656 12.721 12.3393 18.6754 19.2733 19.8866 20.2672 20.6423 19.8448 18.5175 19.7479 11.3734 11.3653 11.391 11.513 11.8832 12.7099 15.8537 16.597 17.7553 15.2324 11.7732 10.49 10.4309 14.4024 18.5256 14.4389 8.7564 8.4134 7.6759 7.3755 7.0844 6.4688 6.3055
13.0872 13.0991 13.1197 13.12 13.12 17.3738 17.4467 17.5308 19.0758 19.1389 18.181 18.2247 19.0411 23.7034 20.5543 20.526 20.4946 20.4604 25.4979 25.5208 20.9801 25.1763 25.2554 25.1043 25.0132 25.3273 19.826 19.7376 19.411 15.5074 15.3593 14.8054 14.1262 14.0902 14.0431 13.9861 13.4567 12.7822 12.7239 12.3453 18.4914 19.262 20.063 20.5537 21.0235 20.5774 19.4997 20.2998 11.5732 10.8014 10.9966 10.8829 10.9326 11.9521 14.4066 16.0885 17.4997 24.2454 9.2794 9.4062 9.8349 9.8572 12.0712 9.3701 8.5783 7.3191 6.7903 6.9919 6.3661 5.7919 5.7916
11.6353 13.0977 13.1113 13.1252 13.1251 17.3153 17.3921 17.4825 19.0458 19.1165 17.7182 18.2387 19.0817 22.4087 23.627 20.5218 20.4864 20.4468 25.3291 25.4486 25.6172 25.1534 25.25 25.1418 25.0324 25.3548 19.8551 19.747 19.5826 15.5158 15.3686 14.8263 14.1674 14.1281 14.0721 14.0003 13.4683 12.8077 12.7285 12.3541 18.2008 19.2188 20.1454 20.9497 21.5451 21.7675 20.3303 17.7494 14.7257 10.4482 10.2445 9.8828 9.255 8.5251 13.4485 14.7238 9.6876 8.3437 8.2756 9.2113 8.6837 8.7852 8.6792 8.5544 8.1758 6.9376 6.4376 6.1485 6.0311 5.3893 5.2167
11.6398 11.6535 13.1105 13.131 13.1309 13.1302 17.3263 17.423 17.5371 19.0873 17.7126 18.2541 19.1337 22.447 23.615 20.5193 20.4797 20.4338 24.5491 25.2153 25.5529 25.1204 25.241 25.1948 25.0617 25.4018 19.4526 19.762 19.6174 15.5287 15.3829 15.0112 14.4454 14.1828 14.1175 14.0262 13.4888 12.9196 12.736 12.5447 17.7252 19.1013 20.3839 21.5062 22.263 22.2522 21.4296 18.4248 15.4089 6.5794 6.7911 9.3567 8.443 7.3984 9.412 9.5762 6.6478 7.1051 7.5243 8.1473 7.6926 7.5941 7.75 7.6402 7.2668 6.9385 6.0363 5.5291 4.7953 4.71 4.7727
11.6439 11.6598 13.109 13.1379 13.1377 13.1368 17.2472 17.3494 17.4737 19.0486 17.7023 17.7988 18.6801 22.5015 23.6057 20.5191 20.4754 20.4224 24.4477 25.2989 25.4618 25.923 25.2259 25.3733 25.1073 24.9204 19.4991 19.7866 19.5976 19.2887 15.5035 15.3422 14.4826 14.468 14.1896 14.0741 13.5285 12.9673 12.7474 12.5045 16.9251 18.7989 20.6805 22.2464 23.0712 23.1558 21.7855 19.0638 16.0314 6.747 6.5815 6.5691 6.4908 6.4091 6.2825 6.3325 6.0902 6.1016 6.9065 6.7262 7.2095 6.955 6.916 6.7602 6.3743 5.8458 5.0226 4.7715 4.3906 4.3656 4.2355
11.6472 11.6656 11.6844 13.1259 13.1458 13.1446 13.1425 17.2585 17.3925 17.5564 19.116 17.8009 18.7308 22.5786 22.3631 23.473 20.4747 20.4143 19.4322 19.2498 25.1714 25.6673 25.1993 25.3976 25.1807 24.9353 19.5674 19.8279 19.5715 19.2812 15.5251 15.2524 14.7263 14.5269 14.4892 14.1621 13.6145 13.0612 12.7567 12.4335 11.8172 17.7741 21.0193 22.6533 24.0528 24.3632 22.0521 18.7336 15.4609 7.307 6.907 6.5035 6.4403 6.2579 5.9448 5.9403 5.776 5.6425 5.8089 6.347 6.1294 6.4277 6.3515 6.2163 5.2618 5.0113 4.1404 4.0171 4.0033 4.0931 4.0212
11.6493 11.6707 11.693 11.7154 13.1555 13.1541 13.1512 13.1472 17.2884 17.4696 19.0655 17.7976 17.9419 18.7426 22.4376 23.4467 19.8802 20.4118 19.4197 19.1448 24.865 25.562 25.9947 25.4324 25.3039 24.97 19.6723 19.9013 19.5362 19.1791 15.5639 15.2798 14.9082 14.7747 14.5884 14.4762 13.9567 13.5177 12.6958 12.0255 11.8368 15.5877 21.3532 19.4125 26.5475 25.768 21.4981 17.2075 7.9628 7.3329 6.8167 6.7919 6.5915 6.3363 6.0117 5.8165 5.635 5.2952 5.2458 5.0151 4.8175 5.7238 5.2835 5.0592 4.3304 4.1171 3.899 3.6794 3.6515 3.7355 3.8357
11.6495 11.6742 11.7008 11.7282 13.1481 13.1659 13.162 13.1564 17.1549 17.3524 18.9923 17.7848 17.9679 18.8265 22.5521 22.2035 23.7173 20.4187 19.4143 24.0037 19.1953 25.1704 25.4557 25.4837 25.2362 25.0488 24.5163 20.0391 19.4875 18.9405 15.6376 15.3322 14.9363 14.8339 14.8669 14.6237 14.1539 14.4044 12.2354 12.0244 11.8362 11.6575 19.1723 32.2127 32.2396 25.2059 18.8384 13.9217 8.3174 7.5279 7.0365 6.7016 6.9777 6.5342 6.0042 5.5794 5.3062 5.1718 4.9324 4.57 4.4068 4.4167 4.7087 4.3353 3.8936 3.636 3.5121 3.5057 3.4505 3.5253 3.5414
11.6469 11.6753 11.7068 11.7404 11.7746 13.1812 13.1761 13.168 13.1584 17.1939 17.4817 17.3912 17.9929 22.4935 22.1201 22.3051 23.651 19.8161 19.4231 19.1985 19.0828 19.3035 25.2886 26.0564 25.469 25.236 24.3741 20.3113 19.4233 18.499 15.6247 15.4144 15.1814 14.8933 15.0262 14.9725 13.9359 12.8029 12.2384 11.9034 11.7878 11.2094 11.0689 19.2533 22.0333 19.8861 14.5052 8.5342 8.4734 7.8896 7.2228 6.8123 6.5248 6.0495 5.6616 5.3415 5.1576 4.8539 4.5446 4.4057 4.0908 3.805 3.7693 3.7933 3.585 2.9998 3.101 3.2944 3.3228 3.2956 3.4011
11.2994 11.6725 11.7096 11.7508 11.7946 11.8374 13.1955 13.1839 13.1688 16.9799 17.298 17.2895 18.0114 18.3224 22.2058 22.2025 23.578 19.7859 19.7462 19.1561 18.9108 19.2078 24.7906 26.1423 25.9966 25.3325 24.1657 20.6048 19.3758 17.6052 15.576 15.3346 15.2339 14.701 14.7693 14.326 13.7441 12.8419 12.0731 11.7431 11.3218 11.0334 10.7819 10.5333 13.332 9.0467 8.643 8.7533 8.6903 7.9352 7.4841 6.9725 6.4323 5.8398 5.3893 5.1713 4.9659 4.5336 4.2381 3.8997 3.7879 3.501 3.2259 3.0243 2.7178 2.7286 2.6834 2.984 3.1651 3.1628 3.2268
11.2675 11.3271 11.7067 11.7569 11.8131 11.8713 13.2235 13.2076 13.1835 13.1581 17.0283 15.8522 17.6503 18.46 22.6272 22.0631 21.9696 23.3203 19.709 19.1227 18.428 19.0064 23.3664 25.9979 24.9093 26.1019 24.1406 20.4997 19.4476 15.9089 15.681 15.1272 15.1002 14.4655 14.2739 14.0539 13.5319 13.2131 12.507 11.6065 11.0966 10.73 10.399 10.1479 9.2264 8.6578 8.4819 8.4625 8.1215 7.7949 7.6302 6.8237 6.3364 5.8948 5.1653 5.2485 4.8241 4.1605 3.8632 3.6639 3.4854 3.2313 2.9832 2.7455 2.7321 2.7662 2.7754 2.9689 3.1323 3.1426 3.1911
11.2244 11.2853 11.3631 11.7546 11.826 11.906 11.9853 13.2461 13.208 13.1611 13.2134 15.5763 17.5085 18.6455 22.661 22.0279 21.7239 23.2024 19.7126 19.0823 18.268 18.5763 18.9643 24.1064 29.9658 29.8191 22.5519 24.1584 17.1895 15.1408 15.2879 14.6817 14.5752 13.9759 13.5775 13.3737 13.0499 12.4964 11.836 11.375 10.319 10.0093 9.7871 8.9998 8.8925 8.3479 7.8967 7.7699 7.1282 7.2243 6.886 6.668 6.088 5.622 5.2339 4.7553 4.5205 4.2899 3.767 3.4406 3.1469 2.9495 2.7675 2.685 2.8112 2.9261 2.9403 3.1392 3.17 3.2161 3.1468
11.1682 11.227 11.306 11.4118 11.8257 11.9345 12.0551 12.1376 13.2571 13.1673 13.0929 15.1072 15.909 18.8255 19.9706 22.0661 21.7067 22.375 19.778 18.8018 16.9398 17.8965 16.1597 21.8305 25.9794 22.8984 15.1516 15.1292 13.6548 13.616 14.0663 14.1773 13.5021 12.1842 12.7226 12.727 12.3405 11.5938 10.732 10.2735 9.5492 9.2088 8.5583 8.3124 8.0051 7.6589 7.2039 6.8089 6.623 6.1674 6.2814 5.7936 5.4138 5.3046 4.8547 4.4836 4.1507 4.025 3.54 3.1429 3.0153 2.9153 2.7687 2.596 2.7467 2.9232 3.0359 3.1779 3.065 3.0956 2.875
11.0975 11.1491 11.2231 11.3292 11.4808 11.8274 12.1231 12.3185 13.3695 13.1996 13.0064 13.0158 15.3303 17.1373 20.6311 22.6287 20.5211 19.0328 20.7752 21.9993 16.0384 13.2011 21.0758 19.1347 15.8834 12.9448 12.6333 12.5438 12.7452 13.0574 13.3624 13.2713 12.3794 11.5414 10.9847 10.8672 10.9771 10.6419 9.4622 8.7196 8.4612 7.8751 7.4514 7.2516 7.0055 6.8467 6.4172 6.1944 5.782 5.7624 5.3896 5.3033 5.0931 4.6962 4.4581 4.3164 3.902 3.6623 3.47 3.1708 2.9172 2.9936 2.7189 2.6084 2.4746 2.4964 2.6349 2.9637 2.8203 2.6214 2.5091
11.0123 11.0503 11.1098 11.2033 11.3511 11.5845 12.0308 12.5054 12.7369 13.3568 12.8279 12.652 12.2723 16.2029 21.358 26.7635 19.5966 22.2129 20.8831 26.6929 16.1791 12.0045 15.5399 16.1978 12.8702 12.2847 11.8164 12.0679 11.9555 12.1203 11.9872 11.9793 11.1723 10.7849 10.4726 10.4352 9.6441 9.3051 8.6063 7.4499 7.0426 6.8463 6.6367 6.4818 6.1213 5.8222 5.8763 5.4988 5.2967 5.0656 5.0636 4.873 4.7446 4.6434 4.3433 4.2219 4.0435 3.6385 3.5419 3.1962 2.857 2.6984 2.6094 2.5466 2.3856 2.2787 2.3568 2.409 2.499 2.1442 2.0915
10.9145 10.932 10.9657 11.0281 11.1423 11.3535 11.9014 12.4804 13.4336 13.48 12.6161 10.6944 13.5708 14.6996 17.4205 25.0159 13.8539 15.7599 17.2121 13.381 11.2135 11.3461 11.4483 11.0186 11.5773 11.3522 11.3466 10.961 11.332 11.3591 11.6373 11.4456 10.9139 10.7463 9.7647 9.4823 8.5395 7.9099 7.1031 6.6593 6.4104 6.0183 5.9924 5.6807 5.3556 5.0594 5.0499 4.7809 4.7697 4.508 4.5367 4.3345 4.2441 4.3138 4.3112 4.1098 3.8998 3.7111 3.4286 3.2066 2.9539 2.6553 2.4264 2.2447 2.2543 2.2665 2.1718 1.8094 1.8119 1.9268 1.7594
10.2042 10.2293 10.7978 10.8097 10.8525 10.9653 11.25 12.1107 13.8903 16.7296 11.8218 10.1089 11.6751 10.7997 9.693 13.7272 11.4879 11.6133 10.9011 10.3728 10.4318 10.4127 10.2167 9.9303 10.4889 10.6759 10.3542 10.5264 10.6384 10.7952 10.7211 10.9266 9.8528 9.2886 9.0257 8.1045 7.4713 7.1052 6.4209 5.8024 5.5908 5.4816 4.9073 4.8842 4.7723 4.4682 4.2637 4.1069 4.0793 3.9172 3.9599 4.0414 3.8721 3.8582 3.9804 3.912 3.7586 3.6303 3.3536 3.1276 2.9561 2.6625 2.3086 1.8373 1.8193 1.9083 2.0086 1.4595 1.4178 1.398 1.4052
10.0525 10.0434 10.0396 10.0453 10.1775 10.1683 10.4517 10.6032 11.8739 14.672 10.1305 9.0625 9.4192 9.2855 9.7476 9.5396 9.5178 10.2607 9.8968 9.3748 9.3852 9.4299 9.2163 9.6731 10.1658 9.7226 9.776 9.5338 10.2513 10.263 9.6634 9.646 8.9274 8.2191 7.6992 6.9006 6.7898 5.9022 5.2707 5.3864 4.9423 4.743 4.4248 4.1567 3.9107 3.6305 3.8653 3.5853 3.5584 3.3857 3.3785 3.5551 3.5926 3.6421 3.6364 3.7448 3.6333 3.3413 3.1779 3.0316 2.911 2.7002 2.18 1.9033 1.6983 1.4005 1.4062 1.3234 1.2853 1.183 1.2023
8.0371 8.051 8.0717 8.1034 8.1544 8.2401 9.4957 9.2389 8.6376 9.978 8.895 8.667 8.3898 7.8709 8.3983 9.062 8.8026 8.7833 8.9252 8.9142 8.4909 8.5556 8.8726 8.7658 8.4478 9.0565 8.6758 8.8942 8.698 9.2077 9.0174 7.8056 7.5973 7.1461 6.7056 6.2323 5.328 5.3554 4.7764 4.5302 4.4599 4.1708 4.0163 3.7369 3.3825 3.341 3.1489 3.1316 2.9661 2.7667 2.7653 3.0221 3.3019 3.3934 3.4778 3.6419 3.3536 3.2441 3.1315 2.9704 2.6353 2.3588 2.2147 1.8957 1.4623 1.268 1.1523 1.1202 1.1588 1.149 1.0833
8.0085 8.0148 8.0246 8.0406 8.0686 8.1197 8.2112 8.3275 8.3877 8.0751 8.0194 7.5501 6.85 7.36 7.1614 7.5371 8.1883 8.1768 8.2666 8.1509 7.9853 8.0405 8.1504 8.3853 7.9786 7.4784 7.8034 8.1095 7.9308 7.6037 7.7354 7.4021 6.5637 5.9264 5.8442 5.3597 4.4785 4.3487 4.1857 4.186 3.8579 3.7052 3.4894 2.8414 2.6117 2.7874 2.618 2.3489 2.125 2.5162 2.5349 2.5849 2.779 3.1136 3.2132 3.1813 3.2519 3.1251 3.0231 2.923 2.5345 2.2231 2.0463 1.8911 1.4276 1.1977 1.1099 1.0925 1.1321 1.1013 1.0588
