normal_rasters/0772100000302917.ascii
ncols 41 
nrows 65 
xllcorner 159178.577026
yllcorner 384403.138977
cellsize 0.25
nodata_value -9999 
[rows 0 to 48 of 65, columns 0 to 40 of 41]
44.8321 44.7992 44.7607 40.8033 42.9096 42.87 39.2593 39.1996 39.1267 39.0406 37.8414 37.817 38.1967 38.3046 38.3039 38.423 39.6886 41.3161 41.3442 41.3652 41.3784 42.7081 43.4274 43.2114 43.2119 44.6658 44.6893 44.7109 44.7302 44.6006 44.6159 44.6285 44.6386 45.7074 46.3785 46.3872 46.7311 47.3789 47.3797 47.3803 47.9827
44.8638 44.8309 44.7915 44.7447 40.8262 42.9022 39.3217 39.2596 39.1806 39.0836 37.8472 37.8162 37.7864 38.2647 38.2941 38.4438 39.7235 41.3443 41.3796 41.4048 41.4187 42.7335 43.4433 43.224 43.1069 44.6694 44.6969 44.7215 44.5976 44.6169 44.6323 44.6445 45.7109 46.3823 46.7311 46.7344 47.3801 47.381 47.3817 47.9835 47.9858
44.9012 44.8692 44.8297 44.7817 43.934 40.8534 40.762 39.3367 39.2529 39.1448 39.0114 37.8172 37.7772 38.2034 38.2716 38.4642 39.7663 41.3805 41.4263 41.4565 42.7421 43.4515 43.239 43.2384 44.641 44.6764 44.7087 44.5928 44.6176 44.6371 44.6521 45.7152 46.387 46.7345 46.7384 47.3816 47.3826 47.3834 47.9845 47.987 47.9891
48.3662 44.9149 44.8768 44.8289 44.7692 43.9259 40.886 40.7666 39.3502 39.2323 39.0779 37.8225 37.7664 38.1088 38.3375 38.4805 38.749 41.4288 41.4906 41.5267 42.784 43.2584 43.2574 43.1335 44.6456 44.6889 44.5848 44.6177 44.6431 44.662 45.7207 46.3932 46.7388 46.7434 47.3834 47.3846 47.9825 47.9858 47.9886 48.4345 48.4369
48.3797 48.3655 44.934 44.8882 44.8287 44.7525 43.9145 40.9253 40.7636 39.3574 39.182 38.9499 37.7555 37.6832 38.2413 38.4834 38.8655 41.4968 41.5844 41.6257 42.841 43.2828 43.165 44.5975 44.657 44.5709 44.6167 44.6509 45.3647 46.3789 46.4013 46.7442 46.7496 47.3857 47.387 47.9837 47.9875 47.9906 48.4356 48.4383 48.4405
48.3959 48.3824 48.365 47.2412 44.9055 44.83 43.9665 43.8976 40.9733 39.5357 39.3453 39.0653 37.7511 37.6278 38.0629 38.4503 39.0244 41.6009 41.7338 41.7716 43.3216 43.3101 43.1669 44.6032 44.546 44.613 44.6614 45.3726 46.384 46.7419 46.7512 47.3863 47.3885 47.39 47.9854 47.9898 48.4337 48.4372 48.4401 48.4425 48.4444
48.415 48.403 48.3868 48.365 47.25 44.9331 44.8346 43.9708 43.8707 41.0318 39.6006 39.2769 38.7891 37.5448 37.7311 38.3273 39.2383 41.7828 42.0041 41.9919 43.3574 43.2093 44.0194 44.498 44.6028 44.676 45.3843 46.3912 46.7486 46.7606 47.3894 47.3921 47.3939 47.9878 47.9929 48.4354 48.4394 48.4426 48.4451 48.7766 48.7785
48.4369 48.4273 48.4136 48.3939 48.366 47.2655 44.9794 44.8471 43.9813 43.8242 41.101 39.659 39.036 37.4473 37.0888 36.5522 40.948 42.183 42.5907 42.7125 43.2638 43.1962 44.3996 44.5756 44.6969 45.403 46.4021 46.7577 46.7737 47.3936 47.397 47.3991 47.9913 47.9972 48.4381 48.4425 48.4459 48.7757 48.7782 48.7803 48.782
48.6673 48.4554 48.4455 48.4299 48.4059 48.3693 47.2935 45.0627 44.1516 44.01 43.7355 40.3213 39.6159 38.21 36.3077 34.213 40.6808 42.9997 43.7231 43.2855 43.2075 43.3759 44.4995 44.9213 45.0177 45.9743 46.7709 46.7931 47.3994 47.4039 47.9869 47.9965 48.4354 48.442 48.4469 48.7743 48.7778 48.7806 48.7827 48.7844 48.7858
48.6754 48.6777 48.6795 48.4879 48.4563 48.4271 48.3776 47.6334 46.4658 44.3204 44.1091 43.1608 40.6946 39.03 33.8823 34.9883 34.8649 38.3625 41.3916 43.0318 43.0642 43.4552 44.8822 45.1148 46.0465 46.7919 46.8238 47.4082 47.4144 47.9929 48.0048 48.4405 48.448 48.7717 48.7769 48.7808 48.7838 48.786 48.7877 48.7889 48.7899
48.2821 48.6876 48.6925 48.6973 48.5152 48.5061 48.4837 48.3982 47.6364 46.5554 44.7637 44.6779 43.0596 38.8917 35.6359 26.2266 24.5049 34.3962 37.9285 41.9673 43.5972 44.613 45.332 46.1808 46.8311 47.4019 47.4228 47.4316 48.0039 48.4363 48.4491 48.7667 48.775 48.7809 48.7852 48.7883 48.7905 48.792 48.793 48.7938 48.7942
48.2416 48.2802 48.8065 48.7139 48.7249 48.5605 48.5549 48.527 48.4475 47.64 46.42 45.7122 45.4271 38.4393 32.6642 20.1687 21.1058 27.7343 33.7812 39.4579 42.8144 44.64 46.8584 46.9391 47.4025 47.4518 47.4649 48.0257 48.449 48.464 48.7707 48.7808 48.7874 48.7919 48.7948 48.7967 48.7978 48.7985 48.7988 48.7988 48.8218
47.1635 48.2243 48.271 48.8037 48.8255 48.8577 48.6407 48.6533 48.6358 48.2963 47.4008 46.8733 43.4331 38.6663 29.3418 22.6279 18.0108 20.8287 30.922 36.5671 40.1799 45.2212 46.6793 47.3073 47.5447 47.5501 48.2816 48.4078 48.4178 48.7796 48.7913 48.7982 48.8021 48.8043 48.8054 48.8057 48.8056 48.8272 48.8249 48.8229 48.8213
47.083 47.1389 47.2184 47.9371 48.7936 48.8207 48.8659 48.9406 48.8506 48.9374 49.3425 47.0411 43.9738 38.4563 27.8565 24.073 20.6233 19.0988 21.8059 33.1149 38.0305 40.8082 46.3897 48.1005 48.1286 48.3838 48.4304 48.7749 48.7993 48.8111 48.8164 48.8184 48.8186 48.8178 48.8364 48.8324 48.8291 48.8264 48.6023 48.5988 48.5958
46.986 47.0244 47.0835 47.1759 47.9146 48.0337 48.7974 48.8628 48.945 49.3575 48.3796 46.5373 40.4184 36.6173 32.5836 24.0409 18.0135 15.4497 23.8268 29.3515 36.3491 40.1491 44.1765 47.7821 48.336 48.5089 48.8266 48.8459 48.8504 48.8487 48.8448 48.8552 48.6371 48.6265 48.6182 48.6117 48.6063 48.6019 48.5983 48.6646 48.6592
46.8757 46.8888 46.9149 46.9645 47.0575 47.2308 47.9871 48.5698 48.7658 48.3615 47.7148 44.8748 40.7495 36.7421 32.6746 26.6423 16.6898 13.4153 14.8719 26.3917 33.326 39.0279 43.8712 47.2021 49.0019 48.852 48.7534 48.6938 48.7152 48.6797 48.6556 48.6388 48.6266 48.6174 48.6104 48.6048 48.6004 48.6637 48.6572 48.652 48.6478
45.9574 45.963 45.9744 45.9973 46.044 46.1433 46.7225 47.1554 47.9413 47.902 47.2118 45.4678 40.4092 37.5229 31.6307 25.3707 19.5356 14.1377 14.7477 19.5787 31.4417 35.7007 42.2792 44.3883 48.8277 48.7723 48.8351 48.7366 48.684 48.6538 48.6348 48.6221 48.613 48.6063 48.2496 48.66 48.6521 48.6462 48.4467 48.4415 48.4375
45.8665 45.8468 45.8212 45.7874 45.7425 45.6861 45.6378 45.4536 46.6009 46.6368 46.0851 44.055 40.3363 36.0721 30.6442 24.042 19.012 15.0013 12.0987 17.8109 27.3632 32.014 39.7028 44.967 47.5479 48.902 48.3319 48.6597 48.6315 48.617 47.9536 47.5939 47.5594 47.968 47.9535 47.9431 47.7546 47.7514 47.7488 47.235 47.9116
44.7351 44.7323 44.7279 44.7203 44.7057 44.6753 44.8039 44.627 44.7371 45.2242 45.4295 43.5862 38.1812 35.7948 30.7928 22.0789 18.1231 13.0545 11.4118 15.983 23.3412 32.7628 37.8036 41.7322 47.5296 47.7536 47.2591 47.4007 47.2845 46.8908 46.8355 47.2426 47.2344 47.219 47.246 47.2481 47.2282 47.2022 47.895 47.7084 47.7192
44.6831 44.6676 44.6454 44.6122 44.5603 44.4738 44.3178 43.9067 44.0486 44.1325 43.3518 42.7793 37.1163 33.1366 28.2875 21.3528 14.7806 11.3693 10.298 14.338 19.5727 25.2133 38.9694 40.5407 43.9565 45.5057 45.721 46.6197 46.6418 46.3611 46.385 46.3987 46.4582 46.4484 46.4563 46.4603 46.3006 46.9951 47.7161 47.7283 47.7378
43.0766 43.0916 43.1097 43.1315 43.1573 43.1844 43.199 43.1344 42.6748 42.6902 42.7859 39.8504 35.502 32.2091 27.5007 19.0989 13.9941 11.5277 10.0245 11.5308 18.5139 24.0015 28.5453 39.9892 43.5708 45.033 45.3867 45.5129 45.6255 45.9513 46.443 46.4693 46.4822 46.3266 46.3231 46.9889 47.7089 47.7274 47.7411 47.8018 47.8023
43.0129 43.0106 43.0035 42.9872 42.9515 42.8728 42.6899 41.2711 39.8966 39.249 37.5884 36.6769 32.2719 28.2221 22.3035 19.5029 12.8241 10.1803 10.0742 11.1889 14.8039 23.7137 29.1377 32.6385 43.8476 45.22 45.6009 45.982 45.9449 46.3672 46.3718 46.3689 46.3617 46.3529 47.0064 47.7226 47.7442 47.8064 47.8077 47.8082 47.8081
42.9499 42.9314 42.9017 42.8524 42.7678 41.3263 39.5308 39.2021 38.6877 36.9748 34.3394 31.5481 28.6039 24.4735 21.4891 13.9846 12.071 10.1451 9.2808 10.4087 13.2184 17.4286 28.2105 34.49 37.92 43.7613 46.1879 46.6082 46.4742 46.4555 46.4388 46.2282 46.176 47.7077 47.7453 47.8112 47.8143 47.8158 47.5013 47.7257 47.7219
42.8921 42.8608 41.4272 41.3537 39.4389 39.2995 39.0529 36.2002 33.7947 33.6321 29.5883 28.8517 25.3281 20.7904 15.2394 11.8512 9.4505 6.9514 8.3218 9.1369 11.9832 15.6929 24.1073 31.4069 37.5422 42.127 46.7868 46.2387 46.2232 46.4077 46.2911 46.2069 47.7378 47.8135 47.197 47.2047 47.207 47.5112 47.7336 47.5965 47.5919
41.4018 41.3589 39.3841 39.316 39.2056 35.5622 32.0217 30.1088 29.2531 26.924 25.6959 26.8426 20.1805 16.9069 13.4422 8.742 7.6853 5.243 6.0823 8.2748 10.3638 14.9584 20.6942 28.329 35.5663 39.947 45.1641 46.9391 46.8104 46.4239 46.3747 47.152 47.2013 47.2289 47.2401 47.5363 47.5243 47.3554 47.6088 47.6659 47.6571
39.3492 36.9902 35.0336 33.0535 32.8455 28.2956 26.7656 25.469 25.0547 23.1167 23.0617 19.4884 17.9502 12.8706 8.9746 6.8147 4.737 2.9006 2.6858 3.9393 10.9276 13.4821 17.0733 23.514 34.5508 36.4816 40.8313 46.7358 45.7296 45.1312 47.0985 47.2274 47.2845 47.5787 47.415 47.3956 47.7013 47.6836 47.67 47.713 47.7005
34.9288 32.9457 28.2706 28.1437 26.7746 26.5092 22.1727 22.1229 20.6287 20.46 19.4998 15.9608 11.7361 9.5595 7.1975 4.5517 3.5631 1.7249 1.6837 3.0492 6.5122 11.3725 17.8586 19.5548 24.1253 36.9445 40.1284 43.4822 44.4195 46.0573 46.7207 47.0969 47.0602 47.477 47.4395 47.7136 47.69 47.673 47.7077 47.6939 47.6836
28.18 28.0922 26.7843 26.6366 22.0452 22.0017 21.9229 20.3176 20.174 19.8088 16.506 13.2843 7.221 5.7584 4.3826 4.6181 5.3129 4.588 4.4675 4.9747 6.9386 9.9279 12.7683 20.6067 24.0786 30.7381 40.3944 43.4227 44.8061 46.9384 47.4938 47.3369 47.5867 47.7751 47.7244 47.6931 47.7166 47.6956 47.6813 47.6714 47.6643
26.7925 26.6998 24.1606 21.9675 21.9201 20.2517 18.1539 17.9719 17.5958 10.7742 9.9476 7.6063 6.079 6.6126 6.9492 8.3565 8.0123 6.2523 7.3068 7.3957 7.1291 8.5987 10.3833 13.1331 23.8429 30.4941 35.2504 42.5394 45.0556 48.5812 48.0243 47.9569 47.7943 47.7218 47.7236 47.6899 47.6702 47.6583 47.6509 47.6461 47.6431
24.1999 24.0795 18.0357 17.9892 17.9111 17.7807 17.562 13.8154 10.2577 9.6932 7.7806 7.3925 6.6672 8.605 9.4702 9.6574 10.4614 9.7554 8.6129 9.3197 9.2592 7.7984 8.4287 12.8523 16.6271 26.9612 32.2269 40.5246 43.4666 46.5849 47.8037 47.7015 47.6896 47.6446 47.6263 47.6192 47.617 47.617 47.618 47.6194 47.621
17.9163 17.8734 17.8108 17.7188 17.5824 13.8815 13.5959 10.1198 8.3026 8.2948 9.773 9.597 10.324 12.951 11.7606 12.3883 12.7964 12.4024 12.7472 10.1311 10.505 10.3137 8.8658 10.4758 15.7612 22.7438 27.3327 35.5905 42.572 45.4718 46.8674 47.1277 47.4406 47.4886 47.5221 47.5455 47.5625 47.5752 47.585 46.5532 46.8765
17.7652 17.6984 17.6071 13.9195 13.7563 11.8008 12.0676 10.4481 10.4713 10.5477 10.7666 12.8504 14.0086 16.0622 17.0852 15.992 15.8982 15.4675 14.0657 13.3861 12.8904 11.9261 11.4103 10.6082 13.009 18.2417 26.1061 32.0022 36.962 45.8763 46.7918 46.3453 46.0655 45.9467 45.8438 45.7803 45.7388 45.7103 45.6898 45.6746 45.6629
17.628 13.9425 13.8382 12.3134 12.2599 10.6057 10.6425 10.7079 10.8262 11.0471 13.231 15.2325 17.5129 17.4229 18.8764 19.292 18.1217 17.2527 16.735 15.917 14.5268 14.3579 13.8849 12.92 11.7754 15.8124 18.5698 30.6786 37.7725 40.4577 45.3262 45.145 45.7424 45.7057 45.6812 45.6646 45.6528 45.6441 45.6375 45.6322 46.8575
14.2962 12.3793 12.3505 10.6678 10.6985 10.7443 13.8964 13.9804 14.1297 15.9502 18.1336 18.2676 18.6012 19.9144 20.9233 21.116 21.8496 21.6345 20.7532 19.6718 18.3835 15.5392 16.2409 15.8381 12.6874 12.4534 16.7701 24.2279 34.2778 40.4795 42.4485 43.479 44.9273 45.0054 45.0388 45.0544 45.0621 46.3204 46.3389 46.351 46.359
12.3991 13.1518 13.186 13.235 13.3053 14.099 15.8496 15.9807 16.1865 18.3265 18.4889 18.805 20.0899 21.5312 22.6298 22.6425 24.4176 24.4052 23.7414 21.8148 20.9653 18.9749 17.3188 17.4191 17.8629 15.3105 14.2321 23.715 29.1306 40.5569 44.16 43.176 45.0474 45.2787 45.3998 46.1163 46.1482 46.1647 46.1732 46.1774 46.179
13.2581 13.3004 13.3567 15.8446 15.903 15.9869 16.1073 16.2802 18.3872 18.5164 18.7267 19.8662 20.7877 23.3965 24.354 25.8288 27.0914 25.8708 25.468 24.1628 22.5824 22.6055 20.8561 20.1983 19.0724 16.929 13.9859 19.5405 30.2703 40.0584 43.6115 44.2885 45.4372 45.5674 45.5916 46.5002 46.5104 46.513 46.5121 46.5096 47.1508
13.3791 15.8858 15.9287 15.9864 16.0641 16.1689 16.3105 18.3991 20.6443 22.3666 22.5299 22.8016 25.5897 25.7691 26.2703 27.0806 27.2822 26.4788 25.7104 24.43 23.616 22.6097 21.766 21.0804 19.0477 18.9225 16.7373 18.6405 31.3318 40.698 43.8455 45.6356 46.5492 46.459 47.2765 47.2545 47.2379 47.2249 47.2061 47.1956 47.1871
15.9423 15.9841 16.038 16.1075 16.1971 20.0165 22.4127 22.4825 22.5891 23.7884 25.7594 25.8055 25.9153 26.1276 26.6766 26.7909 26.7601 25.9791 25.3749 25.348 24.7428 23.317 21.5627 21.2139 20.4318 20.4313 20.1276 24.2108 29.8135 39.5495 46.311 48.2655 47.4414 47.2067 47.2032 47.1249 47.0741 47.0391 47.0136 46.9944 46.9794
16.0211 16.0702 16.1314 20.0436 22.4823 23.6436 23.7039 23.789 23.908 25.8376 25.8735 25.9369 25.1525 25.6832 25.7182 25.6 25.0367 24.432 24.3415 25.6668 25.6491 23.2391 21.0341 20.8817 21.0926 21.787 22.5789 24.3849 32.582 40.4753 47.4498 47.5146 47.3323 47.1949 47.1139 47.0633 47.0293 47.005 46.9869 46.9729 46.9617
17.5978 18.5651 23.6501 23.683 23.7268 23.7851 23.8623 24.8395 24.8624 24.8944 24.9381 24.9945 24.7477 24.7147 24.5875 23.9121 22.9033 21.984 22.6285 23.6425 23.0997 22.2269 20.2829 20.6999 21.6151 22.9811 25.768 29.6802 44.8543 41.3294 43.9628 46.4483 46.9488 46.9891 46.9918 46.9839 46.9738 46.9642 46.9557 46.9482 46.9418
23.6798 23.7057 23.7387 23.7808 23.8345 24.8166 24.8277 24.8421 24.8604 24.8828 24.5972 24.5638 24.4956 24.358 22.9431 21.8194 21.4929 20.6971 20.1353 19.8115 21.2965 20.9394 19.8789 19.8259 23.0712 24.1912 36.6116 32.4995 42.6983 42.276 42.9682 44.5175 45.9369 46.0902 46.8735 46.9034 46.9164 46.9216 46.9229 46.9223 46.9209
23.7454 23.7772 23.8164 24.8037 24.8096 24.817 24.826 24.8365 24.5397 24.5156 24.4761 22.9252 22.8425 22.6868 21.2404 20.2248 19.9479 18.9722 18.5216 18.1755 18.6821 19.9796 21.7646 21.0497 32.2186 33.3664 39.7479 41.7666 46.9951 43.6223 42.5946 43.985 44.277 45.8647 45.9701 46.0229 46.8651 46.8818 46.8914 46.897 46.9001
24.7931 24.796 24.7994 24.8036 24.8084 24.814 24.5126 24.4952 22.8913 22.86 22.8097 22.7292 21.1923 21.0799 19.8067 19.6561 18.6392 18.3124 17.7464 16.3887 17.4125 19.2703 20.989 24.7714 27.8008 33.9186 39.7829 43.7204 45.1257 44.886 44.496 45.4197 44.9722 45.0727 44.8543 46.2179 46.2455 46.263 46.274 46.281 46.2852
24.7933 24.7958 24.7986 24.8018 24.0446 22.8697 22.8538 22.8309 22.7977 22.7498 21.1715 21.1166 21.0289 19.3635 18.5392 17.9096 17.8751 17.4314 17.0318 16.1421 15.6007 17.182 22.3367 26.2656 30.0601 35.6962 38.6806 40.9782 42.7646 44.2754 43.7409 43.7681 43.8253 43.7989 43.7869 43.7818 44.1581 44.1776 44.1906 44.1992 45.1694
24.7927 24.7947 24.024 22.846 22.8332 22.8159 22.7926 22.7611 22.7184 21.1284 21.0819 19.3251 19.2613 18.4384 17.7882 17.1481 17.0022 16.2723 15.9964 15.7207 15.8153 17.7551 21.1219 26.1239 31.5638 33.2056 38.602 40.3274 42.4923 44.0272 43.9181 43.8277 43.7769 43.7633 43.7616 43.7634 43.7663 43.7693 43.7721 43.7747 44.3656
24.0115 22.8312 22.8208 22.8075 22.7903 22.7681 22.7394 20.6549 20.6124 19.3128 19.2719 18.4653 17.1167 17.0813 17.0162 16.0196 15.657 15.6091 15.5017 14.8799 15.7685 18.6744 22.2852 25.8801 32.2869 33.9067 37.1887 41.0738 42.9758 44.4162 43.7864 43.6913 43.7009 43.7192 43.7337 43.7446 43.0814 43.0711 43.0642 43.0593 43.9755
22.8129 22.8023 22.7891 22.7727 20.6636 20.6396 20.6084 20.0618 19.2816 18.0295 16.737 16.7098 16.0621 16.0174 15.948 15.6 15.558 15.5037 15.3905 15.3428 16.6945 17.865 22.8289 27.6595 31.5481 33.9704 37.3704 38.9658 40.9604 43.3853 43.2759 43.1987 43.1215 43.0818 43.0625 43.0527 43.0474 43.0444 43.9765 44.0333 46.6146
22.7885 22.7759 20.6503 20.6313 20.6075 20.071 20.0328 16.7252 16.7105 16.6901 16.0455 16.0182 15.9792 15.9241 15.8227 15.8043 15.7795 15.7474 15.8689 16.2033 17.3718 19.2256 22.5177 27.779 29.8288 35.4377 36.449 38.3906 41.7933 41.9465 42.6496 42.8765 42.9388 43.6553 43.7893 43.8643 44.9698 46.0563 46.127 46.1716 47.6443
20.642 20.6267 20.608 20.0775 19.395 16.7094 16.6975 16.0512 16.0377 16.0195 15.995 15.9621 15.8755 15.8726 15.8711 15.8738 15.8877 16.1099 17.5179 17.7561 19.2231 21.3038 23.8233 27.0979 30.7369 33.5805 36.2624 39.6928 41.8348 41.4073 42.0294 43.5018 44.3087 44.5024 45.5967 46.1918 47.1286 47.1517 47.7242 47.7391 47.7476
