normal_rasters/0772100000296471.ascii
ncols 116 
nrows 99 
xllcorner 159510.505005
yllcorner 383964.743988
cellsize 0.25
nodata_value -9999 
[rows 64 to 95 of 99, columns 0 to 70 of 116]
1.0884 1.0865 1.084 1.0806 1.076 0.9615 0.9567 0.9491 0.9368 0.848 0.8826 0.8705 0.7298 0.6555 0.632 0.5886 0.5787 0.6136 0.8632 1.0584 1.1166 1.1416 1.1678 1.152 1.3073 1.4311 1.4162 1.3404 1.3005 1.3594 1.3154 1.2128 1.1716 1.1258 1.0892 0.9964 0.9057 0.9025 0.9184 0.9095 0.9049 0.8809 0.9101 0.9834 0.9702 0.9522 0.9824 0.9423 0.9018 0.9437 0.9482 0.9029 0.8888 0.8737 0.901 0.8709 0.7788 0.6793 0.6451 0.5402 0.5358 0.4255 0.3106 0.2042 0.1305 0.1804 0.1811 0.1808 0.231 0.2897 0.3345
1.1004 1.1012 1.1023 1.1039 1.1065 1.1105 1.1323 1.1326 1.1313 1.1177 1.0317 0.8948 0.7659 0.7362 0.6701 0.5818 0.5397 0.9791 1.0422 1.0603 1.0146 1.0652 1.0953 1.0615 1.0919 1.3041 1.3179 1.2428 1.1797 1.1838 1.2113 1.0877 0.9873 0.9041 0.9404 0.9019 0.9022 0.8993 0.8826 0.866 0.8983 0.8807 0.8788 0.8972 0.883 0.8919 0.9095 0.882 0.8747 0.8799 0.8861 0.868 0.7951 0.7828 0.7146 0.7234 0.6583 0.4738 0.4184 0.2901 0.221 0.2568 0.1916 0.1328 0.0872 0.109 0.1441 0.1893 0.2705 0.313 0.3917
1.1122 1.1155 1.1201 1.1461 1.152 1.1608 1.1749 1.1989 1.2424 1.3067 1.3832 1.0851 0.8033 0.8482 0.896 0.6628 0.4465 1.0966 1.1492 1.0706 0.979 0.9281 0.9556 1.0051 0.9576 0.9673 1.1069 1.0217 1.0043 0.9996 0.9885 0.8808 0.9202 0.8869 0.8986 0.864 0.8455 0.8602 0.8224 0.7964 0.8455 0.8989 0.8717 0.8721 0.8721 0.8719 0.8715 0.871 0.8708 0.8667 0.7627 0.7179 0.741 0.6517 0.5169 0.3871 0.4383 0.2422 0.2052 0.1956 0.1198 0.1274 0.1364 0.1286 0.0826 0.1075 0.1808 0.2558 0.3286 0.3765 0.5394
1.1232 1.1482 1.1533 1.4449 1.4493 1.4564 1.4677 1.5155 1.5145 1.5027 1.4713 1.4205 1.0091 1.0073 1.3548 1.4915 1.1616 1.1853 1.1715 1.0915 0.9613 0.8504 0.8125 0.8167 0.8719 0.8687 0.8557 0.8972 0.8431 0.854 0.8286 0.798 0.8711 0.8662 0.8354 0.8027 0.796 0.7929 0.7938 0.7869 0.7978 0.828 0.8153 0.8473 0.8638 0.8636 0.8687 0.8564 0.7486 0.7207 0.6392 0.5025 0.3989 0.3105 0.32 0.2706 0.1492 0.1572 0.1535 0.1445 0.1583 0.1779 0.1837 0.259 0.2773 0.286 0.3203 0.3668 0.4096 0.5601 0.7241
1.8038 1.8039 1.8046 2.1526 2.1372 2.1164 1.8316 1.8102 1.7792 1.7452 1.817 2.2267 1.7466 1.9029 1.8206 1.6629 1.4887 1.2627 1.173 1.0622 1.0252 0.8606 0.7243 0.6992 0.7266 0.7741 0.7713 0.7521 0.7504 0.7706 0.7606 0.7481 0.7819 0.7984 0.759 0.7534 0.778 0.7917 0.7682 0.7921 0.7685 0.7915 0.784 0.7449 0.7663 0.7609 0.6499 0.56 0.5924 0.5201 0.428 0.3272 0.2587 0.1841 0.1306 0.1182 0.093 0.1065 0.1161 0.1462 0.2026 0.3011 0.3057 0.3287 0.3764 0.4224 0.4071 0.4583 0.5843 0.6713 0.773
2.3623 2.3561 2.1927 2.1887 2.1845 2.1806 2.1786 2.1824 2.204 2.2745 2.3545 2.447 2.2501 2.1324 1.8333 1.691 1.5403 1.2825 1.2127 1.0904 0.962 0.8875 0.7442 0.6736 0.6473 0.6792 0.7306 0.7394 0.7392 0.7334 0.7243 0.7116 0.7203 0.6883 0.716 0.6912 0.7214 0.7418 0.6964 0.6979 0.6874 0.6798 0.7281 0.6857 0.6191 0.5353 0.4567 0.4521 0.3241 0.2989 0.2711 0.1925 0.1576 0.0806 0.0918 0.1119 0.1426 0.1795 0.1882 0.3051 0.3442 0.4154 0.4244 0.4623 0.5055 0.5246 0.5805 0.6007 0.7352 0.5502 0.6798
2.4736 2.4737 2.4744 2.4759 2.7527 2.7536 2.757 2.6378 2.6676 2.8147 2.7727 2.8375 2.4002 2.1814 1.8224 1.6319 1.5456 1.3644 1.2054 1.1379 1.0122 0.8707 0.7382 0.6588 0.6364 0.6312 0.6713 0.7138 0.6912 0.69 0.6297 0.6336 0.6331 0.65 0.6572 0.6796 0.6822 0.6836 0.6703 0.5951 0.5955 0.5323 0.5359 0.5706 0.4345 0.3804 0.3592 0.2717 0.279 0.145 0.1349 0.0921 0.1592 0.1772 0.0896 0.1573 0.2195 0.2868 0.3773 0.4222 0.488 0.5394 0.5624 0.5561 0.6508 0.6757 0.6483 0.7779 0.6065 0.3778 0.3988
2.7818 2.7862 2.7922 2.8008 2.813 2.8307 2.8563 3.0267 3.0247 3.0055 2.9399 2.802 2.5151 2.1995 2.0334 1.6376 1.4792 1.3876 1.2529 1.1025 1.0387 0.8972 0.7171 0.6087 0.5892 0.6162 0.6266 0.6263 0.6217 0.5831 0.6253 0.618 0.6048 0.6459 0.5957 0.6325 0.6741 0.6502 0.5712 0.4916 0.4637 0.4069 0.3226 0.2575 0.3463 0.3167 0.2692 0.1763 0.187 0.1705 0.1651 0.1851 0.2321 0.2665 0.2892 0.2696 0.3586 0.4573 0.4909 0.5676 0.5901 0.6397 0.7606 0.7202 0.7738 0.8054 0.8445 0.942 0.6601 0.2887 0.4032
2.8062 2.815 2.8266 2.8422 3.082 3.0874 3.0953 3.1074 3.0859 3.1263 3.1749 2.9288 2.4594 2.3263 2.0861 1.8752 1.498 1.3671 1.319 1.1957 0.9999 0.8914 0.7784 0.584 0.5619 0.5453 0.5426 0.5723 0.5183 0.5044 0.5166 0.5486 0.5188 0.53 0.3964 0.4814 0.5673 0.4068 0.3949 0.396 0.3226 0.2802 0.1703 0.137 0.1234 0.198 0.1782 0.0984 0.2166 0.2415 0.2665 0.2886 0.3965 0.3681 0.3742 0.572 0.5223 0.5452 0.7057 0.691 0.8222 0.8249 0.8793 0.9643 0.9332 0.9477 0.9916 0.9402 0.3415 0.1791 0.4454
3.0732 3.0756 3.0786 3.0825 3.0878 3.0954 3.1067 3.1247 3.156 3.1912 3.2822 3.1655 2.5621 2.3876 2.1083 1.9239 1.7544 1.4091 1.2992 1.2113 1.0389 0.8769 0.779 0.5855 0.5353 0.5173 0.5022 0.4688 0.4665 0.4533 0.4052 0.3801 0.4198 0.334 0.328 0.2208 0.232 0.3255 0.2655 0.2129 0.2377 0.1856 0.21 0.1532 0.0908 0.1568 0.1785 0.1894 0.2632 0.3228 0.396 0.4261 0.4928 0.5358 0.6316 0.7021 0.7781 0.7933 0.8041 0.9384 1.1378 1.1142 1.0443 1.1208 1.189 1.2307 1.1439 0.9668 0.3831 0.31 0.4904
2.9404 2.9448 2.9593 2.9653 2.9733 2.9844 3.0001 3.0239 3.0463 3.0749 3.0723 2.889 2.6329 2.2454 2.0343 1.8683 1.7361 1.539 1.3412 1.2647 1.0649 0.9024 0.6713 0.5441 0.4632 0.4111 0.4279 0.4 0.38 0.3904 0.3829 0.2878 0.2478 0.2422 0.1556 0.0892 0.1096 0.1843 0.1946 0.201 0.2649 0.2416 0.3241 0.2725 0.255 0.1863 0.2769 0.3268 0.4255 0.42 0.4877 0.5999 0.6232 0.7395 0.8115 0.9394 1.029 0.9278 1.0481 1.0615 1.1854 1.4333 1.4178 1.2888 1.3905 1.3936 1.4732 1.3441 0.6868 0.4559 0.4822
2.9271 2.9288 2.8666 2.8698 2.8738 2.8789 2.9566 2.9605 2.9613 2.9501 2.8629 2.6373 2.4457 2.0791 1.94 1.7692 1.6101 1.5297 1.3709 1.2159 1.1569 0.8654 0.5329 0.4292 0.3346 0.3263 0.3109 0.2971 0.2923 0.2889 0.2459 0.1827 0.1804 0.1484 0.0885 0.1517 0.1729 0.18 0.3019 0.2945 0.2796 0.3086 0.4685 0.3832 0.4284 0.5222 0.4269 0.4155 0.5443 0.657 0.5947 0.7134 0.8591 0.9195 1.0277 1.0864 1.1556 1.2949 1.2431 1.3867 1.5207 1.5221 1.6468 1.6335 1.5022 1.5158 1.5387 1.291 0.9436 0.6248 0.6106
2.848 2.8471 2.8457 2.8435 2.84 2.8341 2.8242 2.8071 2.7016 2.6751 2.5466 2.4772 2.2553 2.0291 1.7743 1.6669 1.546 1.369 1.27 1.0876 1.0272 0.933 0.5522 0.3469 0.2896 0.259 0.1015 0.0829 0.2068 0.2089 0.1108 0.1713 0.2345 0.1477 0.1326 0.2863 0.2353 0.2163 0.448 0.3225 0.2197 0.2442 0.2979 0.1867 0.3373 0.6383 0.7532 0.6113 0.608 0.8409 0.9146 1.0028 1.0429 1.033 1.158 1.2763 1.3545 1.448 1.5661 1.6692 1.6696 1.7959 1.8059 1.8003 1.576 1.5438 1.3985 1.31 0.9402 0.8066 0.6369
2.8343 2.8308 2.8259 2.819 2.8092 2.7946 2.5977 2.5344 2.5325 2.4639 2.4841 2.4537 2.1664 1.9351 1.7993 1.5762 1.437 1.3263 1.1873 1.0367 0.9441 0.8556 0.6924 0.4323 0.2992 0.3108 0.1897 0.1351 0.175 0.1938 0.2503 0.3277 0.3896 0.38 0.3727 0.3965 0.2696 0.2439 0.2704 0.2267 0.188 0.1976 0.1488 0.1217 0.1319 0.3844 0.6404 0.7383 0.832 0.9492 1.1856 1.2664 1.3425 1.3075 1.2653 1.6188 1.7221 1.6993 1.89 1.9147 1.8331 1.8693 1.7792 1.7504 1.6811 1.5667 1.5397 1.294 0.9399 0.9323 0.8708
2.7707 2.608 2.6043 2.5993 2.5925 2.4076 2.413 2.421 2.4343 2.4602 2.5222 2.4667 2.2299 1.8805 1.7122 1.5773 1.4953 1.3048 1.2012 1.065 0.9433 0.7542 0.6208 0.5356 0.3349 0.2222 0.1177 0.1078 0.1651 0.2893 0.4087 0.4486 0.4516 0.4666 0.4762 0.2768 0.3051 0.3063 0.2695 0.2579 0.259 0.2814 0.1129 0.2485 0.1592 0.1978 0.3134 0.7484 0.861 1.0575 1.3107 1.5066 1.604 1.56 1.6297 1.9728 1.8526 1.858 1.8449 1.8631 1.8397 1.8249 1.8093 1.7324 1.7114 1.6497 1.5506 1.2844 1.2403 0.9494 0.9008
2.4707 2.471 2.4713 2.4716 2.4007 2.4034 2.4069 2.4116 2.4179 2.4254 2.3982 2.2907 2.1186 2.0239 1.7607 1.5741 1.4362 1.3104 1.1874 1.0921 1.0095 0.8522 0.626 0.444 0.4102 0.2516 0.1187 0.151 0.1776 0.2261 0.4314 0.4948 0.4666 0.3476 0.2372 0.1896 0.2612 0.3236 0.3273 0.3559 0.3987 0.3331 0.3627 0.3927 0.3977 0.3185 0.2983 0.3155 0.5428 1.1267 1.5823 1.6481 1.7275 1.6776 1.7758 1.8658 1.8368 1.878 1.8692 1.8362 1.8323 1.867 1.8571 1.7823 1.713 1.6641 1.5573 1.3698 1.247 0.9558 0.9183
2.4558 2.4562 2.4566 2.4571 2.4576 2.4582 2.4586 2.4587 2.4575 2.4516 2.3759 2.2755 2.1748 2.0568 1.8668 1.5844 1.4022 1.2791 1.1479 1.0817 0.9875 0.8633 0.674 0.4799 0.4914 0.4883 0.325 0.2385 0.2895 0.405 0.4393 0.5042 0.3299 0.1915 0.1776 0.2047 0.2435 0.4339 0.3284 0.4207 0.4866 0.5874 0.523 0.4868 0.5501 0.5334 0.3816 0.4029 0.6524 0.8588 1.5579 1.6985 1.6892 1.739 1.7997 1.8017 1.7888 1.882 1.8704 1.8553 1.8222 1.8643 1.862 1.8439 1.7757 1.6714 1.655 1.3757 1.3393 1.0782 0.9283
2.548 2.5479 2.5476 2.5472 2.5467 2.4567 2.4567 2.4563 2.4552 2.4132 2.3864 2.4198 2.2984 2.1425 1.8755 1.6461 1.3703 1.2333 1.1965 1.0427 0.9372 0.8223 0.8241 0.7516 0.546 0.5394 0.5239 0.4876 0.6439 0.5852 0.4678 0.4284 0.2123 0.168 0.1769 0.1803 0.3298 0.8545 0.7039 0.6759 0.6768 0.6676 0.688 0.6238 0.6338 0.663 0.4856 0.4092 0.5852 0.852 1.2793 1.5475 1.6864 1.7486 1.7834 1.8164 1.8658 1.8801 1.8711 1.9253 1.8139 1.8621 1.8604 1.8454 1.7789 1.7617 1.6623 1.3786 1.3491 1.0834 0.9339
2.5498 2.5499 2.5501 2.5502 6.2391 6.169 6.0672 5.8451 5.4928 4.9014 2.4615 2.4829 2.3932 2.1182 1.9923 1.6626 1.3182 1.2711 1.3042 1.1077 0.9592 0.9963 0.8748 0.8607 0.7474 0.6014 0.5846 0.5076 0.5943 0.7608 0.6416 0.4857 0.0817 0.1389 0.1614 0.1062 0.5924 0.965 1.0477 0.9938 0.9017 0.7514 0.7411 0.7067 0.6687 0.5839 0.4956 0.4595 0.5125 0.8508 1.1656 1.4668 1.5653 1.7536 1.7692 1.7971 1.8514 1.9056 1.8705 1.9263 1.8756 1.8602 1.859 1.8578 1.8356 1.7666 1.6667 1.6533 1.3553 1.3333 0.937
6.5408 6.5425 6.5456 6.5507 6.5576 6.467 6.4145 6.3255 6.1639 5.8491 5.2279 4.2913 2.2455 2.0877 1.987 1.8022 1.5952 1.3363 1.3213 1.3225 1.1506 1.0085 0.9817 0.9535 0.8324 0.7623 0.7189 0.6622 0.6944 0.8251 0.6669 0.2558 0.0814 0.095 0.1368 0.1982 0.7064 1.0695 1.1816 1.0988 1.0576 0.857 0.7552 0.7494 0.6852 0.611 0.5437 0.5209 0.5142 0.7268 0.9479 1.4278 1.4737 1.7561 1.766 1.7865 1.8425 1.9011 1.8693 1.9268 1.9257 1.8587 1.8577 1.8568 1.8376 1.7697 1.6693 1.658 1.3593 1.3407 0.9386
6.6939 6.7226 6.6798 6.7 6.727 6.7645 6.8189 6.9015 7.0319 7.2224 7.1779 3.4191 9.8166 4.0197 2.2591 1.9272 1.8054 1.6837 1.376 1.3558 1.3405 1.2061 1.0864 1.0392 1.0156 0.926 0.8051 0.7896 0.8451 0.7298 0.4045 0.3047 0.1521 0.093 0.1829 0.2811 0.9926 1.2631 1.2417 1.4055 1.3844 3.3522 3.1016 2.8152 0.6724 0.643 0.6077 0.5352 0.5184 0.7236 0.9212 1.2572 1.447 1.6013 1.7643 1.8189 1.7891 1.8977 1.868 1.9271 1.9262 1.9296 1.8567 1.8559 1.8387 1.7716 1.7632 1.6612 1.6527 1.3458 1.0726
13.2719 13.2431 13.2134 13.1839 13.1571 13.1374 13.1329 13.1583 15.7246 19.0966 17.7414 19.6413 19.5257 16.0441 12.7249 6.9901 2.202 3.6763 1.7998 2.9863 1.4318 1.3869 1.3 1.2169 1.0588 1.0121 1.1265 0.8946 1.0034 0.9806 0.4299 0.2672 0.1929 0.1013 0.1182 0.8097 1.4309 2.4752 2.474 1.5729 3.7224 7.0151 7.0124 6.1701 5.6132 0.6471 0.6263 0.6071 0.5377 0.785 0.9092 1.2317 1.2861 1.5856 1.7632 1.8156 1.8221 1.8953 1.898 1.9273 1.9265 1.9259 1.9285 1.8551 1.8392 1.8338 1.7656 1.6633 1.656 1.3494 1.3369
13.5892 13.6165 13.6587 13.7232 13.8218 19.0864 21.9146 21.7888 21.7004 21.801 22.5963 25.2524 31.245 30.4103 30.7481 24.1387 14.7095 2.1988 11.2138 13.7483 3.535 1.5295 2.203 1.4625 1.3334 1.2005 1.48 1.7356 1.211 1.1771 0.9963 0.573 0.65 0.175 0.3871 1.9608 2.9688 4.434 4.4773 4.424 6.7908 9.7446 7.7268 7.0431 6.3751 6.0304 5.1404 0.6155 0.5409 0.7882 0.82 1.2179 1.2625 1.2973 1.5993 1.8136 1.8187 1.8936 1.896 1.9273 1.9267 1.9261 1.9294 1.8544 1.854 1.8349 1.7673 1.7616 1.6584 1.6526 1.3409
13.9009 13.9814 19.4921 22.5523 22.5449 22.5603 22.6225 22.7824 23.1517 23.9816 25.8285 33.3205 37.7778 38.1937 39.0928 37.0055 32.6862 20.6487 28.2445 24.8704 24.7052 7.0422 5.5793 4.8853 2.1065 1.8796 2.0725 1.4834 1.4139 1.3143 1.1444 0.7406 1.2112 2.047 3.8132 3.1591 2.781 3.5605 2.4594 2.5312 5.6563 8.1665 7.193 6.8374 6.6492 6.1979 5.9355 5.2076 2.0218 0.7913 0.8153 1.2109 1.2473 1.2774 1.5892 1.8123 1.8165 1.8717 1.8946 1.9273 1.9268 1.9263 1.9301 1.9287 1.8534 1.8356 1.7685 1.7635 1.6601 1.655 1.344
19.7001 22.8005 22.8197 22.857 22.9238 23.0396 23.2387 23.5824 24.1807 25.223 35.8311 36.8583 38.6542 40.9662 41.7745 39.5607 40.5923 42.3766 33.5106 37.2258 38.9726 25.0125 21.42 20.5486 10.6879 4.904 11.5631 6.0094 9.904 1.9841 2.559 4.6027 2.1086 1.4251 1.0943 2.4492 0.7268 0.7931 0.3574 1.5025 1.5014 4.3836 6.0605 6.3088 6.3512 6.3425 6.0505 5.7594 5.1974 2.2805 0.8127 1.2077 1.2376 1.2634 1.5819 1.5974 1.8149 1.8703 1.8934 1.895 1.9268 1.9264 1.9306 1.9294 1.8529 1.836 1.8486 1.7649 1.6613 1.6568 1.3462
22.9595 22.9961 23.0508 23.1325 23.2545 23.4377 23.7145 28.1456 28.8545 35.9248 36.5391 38.3784 39.0705 40.119 41.318 41.8303 41.8284 41.2937 38.5394 41.4888 38.9063 32.3731 25.7195 34.3069 35.0167 17.4173 22.995 24.9704 23.1699 16.8915 11.6951 13.0162 10.2142 5.1668 3.7558 6.8734 1.6268 0.4937 0.5609 0.6648 2.0315 4.4977 5.4454 5.8964 6.0827 6.1601 6.1908 5.8535 5.6558 5.14 2.3119 1.0195 1.2314 1.2535 1.5767 1.5903 1.8137 1.8164 1.8925 1.894 1.9268 1.9265 1.9262 1.9299 1.9289 1.8362 1.8492 1.766 1.7624 1.6582 1.6544
23.1138 23.1734 23.2552 23.3681 23.5248 27.9338 28.2861 35.6836 35.9512 36.345 36.8951 38.5073 38.9599 40.0904 41.9735 42.0126 41.5295 41.219 40.9996 40.0636 36.7036 33.4289 32.9508 32.5526 31.7652 26.5618 26.2727 29.045 30.7967 32.3854 23.0274 16.0405 14.4582 10.5353 6.8502 7.157 3.5285 1.4057 1.2219 0.6596 1.99 2.6094 5.3628 5.6992 5.902 6.0158 6.0784 6.1125 5.7389 5.5954 5.1105 2.2473 1.2275 1.2465 1.2632 1.5849 1.8128 1.8151 1.8704 1.8932 1.9268 1.9265 1.9262 1.9303 1.9294 1.8363 1.8497 1.8469 1.7635 1.6592 1.6558
23.2521 23.3285 27.7095 27.8594 28.0644 28.3435 35.7546 35.9499 36.2196 36.5798 38.2481 38.4884 39.5548 41.2943 41.9761 42.0321 42.3966 40.9559 40.8064 40.7145 36.5699 33.575 33.4413 28.3184 29.2798 27.4659 28.2089 30.6538 32.2463 32.8801 26.8872 19.1972 17.2154 13.1302 9.6647 4.8353 3.6958 2.1664 1.7095 0.6691 1.6921 2.3002 5.0254 5.3075 5.8026 5.9171 5.9915 6.0389 6.0689 5.6674 5.5599 2.3379 2.2504 1.2415 1.2562 1.5807 1.5902 1.8142 1.8696 1.8925 1.9268 1.9265 1.9263 1.9307 1.9298 1.9291 1.85 1.8475 1.7644 1.7617 1.657
27.73 27.8313 27.964 28.1371 28.362 35.7909 35.9389 36.1338 36.3845 36.6963 38.2469 39.2824 39.4413 41.2507 41.9752 42.0185 42.3745 40.7241 40.6385 40.5467 39.1331 33.38 36.8171 28.2527 28.523 27.4162 29.9148 30.9629 31.7165 30.642 26.2183 22.6511 15.704 14.1023 10.8006 6.1284 3.565 2.9733 2.0426 1.7624 1.6696 2.2271 2.4206 5.2338 5.4032 5.8561 5.9295 5.9816 6.0178 6.0429 5.6218 5.2471 2.322 2.5282 1.251 1.3363 1.586 1.8135 1.8689 1.892 1.893 1.9265 1.9263 1.9261 1.9301 1.9294 1.8502 1.848 1.8459 1.7626 1.6579
27.9139 28.0304 28.1773 35.7196 35.8096 35.9252 36.0721 36.2555 36.4789 38.1023 38.2175 39.2428 41.1593 42.044 41.9684 41.9997 42.9506 40.5692 40.5118 40.4395 38.9936 33.0928 36.6766 27.14 27.8023 31.8932 30.1136 30.9511 31.3214 29.3491 25.4885 23.4199 18.074 13.8231 11.1354 10.0744 5.4274 3.1078 2.2238 1.9696 1.6695 1.8619 2.34 4.9011 5.3408 5.4527 5.888 5.9391 5.9774 6.0058 5.6634 5.5921 5.2174 2.3106 2.529 1.2575 1.5828 1.8129 1.8143 1.8697 1.8925 1.9265 1.9263 1.9262 1.9304 1.9298 1.9292 1.8484 1.8465 1.7634 1.6586
28.0731 28.1987 35.7443 35.8187 35.9114 36.0258 36.1653 36.3322 36.527 38.0884 39.1201 40.0944 41.9665 41.9405 41.9592 42.908 42.9446 40.4575 40.4157 42.2704 38.9035 36.8641 36.5504 30.6523 32.2645 34.1894 33.7762 30.8706 31.0788 28.4915 25.0227 23.7434 22.7066 13.6158 11.1899 10.3618 5.5981 3.1528 2.9241 2.1052 1.9325 1.8272 1.9641 2.3924 5.0095 5.4026 5.4817 5.9089 5.9464 5.9758 5.9985 5.6303 5.5724 2.3577 2.3023 1.2535 1.3389 1.5864 1.8137 1.8691 1.892 1.9265 1.9264 1.9262 1.9307 1.9301 1.9295 1.8487 1.8469 1.8452 1.7621
28.2088 35.7602 35.8225 35.8984 35.99 36.0994 36.2284 36.3775 37.9996 39.0402 39.9973 40.1075 41.9843 41.9343 41.9496 42.9113 42.9398 40.373 40.3411 42.2695 42.2246 36.7141 36.4506 30.3553 32.124 34.1569 33.8606 30.7885 31.052 27.9895 24.7241 23.8729 21.5772 16.8101 11.1537 10.5005 5.7053 5.3474 2.998 2.1906 2.0393 1.8101 1.92 2.0173 4.9389 5.3699 5.4415 5.5003 5.9234 5.9522 5.9754 5.994 5.6069 5.5592 2.3418 2.2961 1.3339 1.5837 1.8132 1.8687 1.8917 1.8923 1.9264 1.9262 1.9308 1.9303 1.9298 1.8489 1.8473 1.8457 1.7627
