normal_rasters/0772100000293564.ascii
ncols 54 
nrows 41 
xllcorner 158649.179001
yllcorner 383585.959999
cellsize 0.25
nodata_value -9999 
30.2799 30.2664 30.2664 30.2663 30.2661 30.2659 30.252 30.2513 30.2504 30.2494 30.2483 30.2321 30.2168 30.2161 30.1394 30.1276 28.8691 28.7757 25.1006 24.904 24.0635 23.9319 20.0269 14.8257 11.3769 10.9585 8.9873 7.1499 12.5233 12.67 16.5877 16.9617 20.6023 23.979 26.8746 27.089 29.9371 29.9665 29.9944 30.2455 30.2409 30.1989 30.195 30.1688 30.131 30.1315 30.1321 30.1326 30.1329 30.1332 30.1334 30.1335 30.1335 30.1335 
30.2799 30.2799 30.2667 30.2666 30.2664 30.2662 30.2659 30.2518 30.2508 30.2496 30.2483 30.2319 30.2167 30.2159 30.1439 30.1301 28.9001 28.7889 25.1616 24.9231 24.0616 23.8964 20.051 14.8882 11.4042 8.0836 8.933 7.1428 12.4959 12.6807 12.8665 16.967 20.607 23.9904 26.88 27.1431 29.9279 29.9655 30.0005 30.2467 30.241 30.1985 30.1936 30.1676 30.131 30.1317 30.1324 30.1329 30.1334 30.1337 30.1338 30.1338 30.1337 30.1337 
30.2799 30.2799 30.2799 30.2669 30.2668 30.2666 30.2662 30.2526 30.2513 30.2498 30.2482 30.2318 30.2166 30.2156 30.1502 30.1341 30.0916 28.81 26.4268 24.9554 24.064 23.8511 20.0831 14.9737 11.4377 8.0869 8.8517 7.1296 12.4511 12.6902 12.933 16.9645 20.609 24.006 26.8902 27.2177 29.8668 29.9651 30.0099 30.2867 30.2412 30.198 30.1917 30.166 30.131 30.1319 30.1328 30.1334 30.1339 30.1341 30.1341 30.1341 30.134 30.1338 
30.2799 30.2799 30.2799 30.2799 30.2673 30.2671 30.2667 30.2661 30.252 30.2502 30.2481 30.2315 30.2165 30.2152 30.159 30.1405 30.0937 28.8438 27.5371 25.01 24.0748 23.792 20.1263 17.2076 12.7918 6.8652 7.721 7.1052 12.376 12.6954 13.0249 16.9482 20.604 24.0294 26.8679 29.0298 29.8539 29.9662 30.0247 30.2875 30.2418 30.1973 30.1888 30.1297 30.131 30.1323 30.1334 30.1342 30.1346 30.1346 30.1346 30.1344 30.1342 30.134 
30.3024 30.2799 30.2799 30.2799 30.2799 30.2677 30.2673 30.2667 30.2531 30.2507 30.2479 30.2311 30.2162 30.2146 30.3729 30.1509 30.0984 28.8984 28.2058 24.4547 24.1027 23.7129 21.4462 17.2529 12.772 6.8709 7.5807 7.0599 12.2458 12.6889 13.158 16.9103 20.5824 24.0677 26.939 29.0215 29.8359 29.9709 30.0483 30.2889 30.2431 30.1962 30.1642 30.1293 30.1311 30.133 30.1344 30.1352 30.1354 30.1353 30.135 30.1347 30.1332 30.1328 
30.3026 30.3018 30.2799 30.2799 30.2799 30.2686 30.2682 30.2675 30.2546 30.2514 30.2476 30.2306 30.2158 30.2136 30.3642 30.1676 30.109 28.9867 28.2666 26.6776 24.1646 23.6059 19.8876 17.3174 12.7408 6.8395 4.5529 6.9741 12.009 12.6519 13.3611 18.6874 20.5214 23.0788 27.0697 29.0031 29.8109 29.9848 30.3284 30.2916 30.2459 30.1945 30.1488 30.1285 30.1314 30.1342 30.1361 30.1365 30.1364 30.136 30.1354 30.1338 30.1332 30.1327 
30.3029 30.3021 30.301 30.2799 30.2799 30.2799 30.2695 30.2688 30.2673 30.2526 30.2472 30.2186 30.2151 30.2012 30.3499 30.1942 30.1323 29.6194 28.3836 26.7597 24.2929 23.4672 19.9115 17.4053 12.7056 8.8312 4.4845 6.8085 9.0611 12.537 13.6845 17.7333 20.3741 23.3794 27.3166 28.9604 29.7862 30.0254 30.3284 30.2971 30.2521 30.1912 30.1424 30.127 30.132 30.1368 30.1385 30.1383 30.1374 30.1365 30.1345 30.1337 30.133 30.1326 
30.3034 30.3026 30.3014 30.3 30.2799 30.2799 30.2799 30.2707 30.2688 30.2546 30.2466 30.2189 30.2138 30.2012 30.3253 30.3913 30.1851 29.6885 28.5988 26.9829 24.5258 23.3423 19.873 18.9702 12.2174 7.4478 4.3212 4.7883 8.7492 12.2458 14.1606 17.8659 21.2356 24.2388 27.7577 28.8517 29.8086 30.1229 30.3284 30.308 30.2708 30.1655 30.1221 30.1228 30.1345 30.1427 30.1425 30.1402 30.1383 30.1355 30.1342 30.1334 30.1172 30.1163 
30.304 30.3032 30.3022 30.3006 30.2985 30.2799 30.2799 30.2799 30.2717 30.2661 30.2464 30.2184 30.211 30.2012 30.2012 30.3798 30.324 30.1675 28.9202 27.6292 25.3763 23.2632 19.5488 18.1175 12.6395 6.5642 3.9595 4.703 7.76 11.7736 14.8208 18.8435 20.2156 24.2677 27.9007 28.6885 30.066 30.307 30.3284 30.3284 30.2996 30.1402 30.1205 30.1174 30.1534 30.1563 30.1465 30.1402 30.1368 30.1348 30.1184 30.1169 30.1158 30.1151 
30.3049 30.3043 30.3034 30.3019 30.2997 30.2962 30.2908 30.2799 30.2799 30.2679 30.2463 30.2144 30.2012 30.2012 30.2012 30.3314 30.6175 30.6191 29.4518 28.6596 25.3832 23.7124 20.3341 17.645 13.1098 5.7473 2.4561 3.7796 6.9058 10.146 15.0572 17.6687 21.2771 24.8236 26.3985 28.9514 29.9971 30.2941 30.3284 30.3284 30.2774 30.1867 30.1199 30.1218 30.1862 30.1606 30.1439 30.1254 30.1201 30.1173 30.1157 30.1147 30.1141 30.1137 
30.3283 30.327 30.3051 30.3042 30.3026 30.2997 30.2941 30.2844 30.2799 30.2696 30.2175 30.2093 30.2012 30.2012 30.2024 30.265 30.5406 31.0073 30.071 27.8771 26.1723 24.2738 19.8735 17.6748 14.1629 7.0558 2.0462 2.253 6.6699 11.3578 14.2053 17.6413 21.3889 23.7057 26.3616 28.5042 29.8691 30.2562 30.3284 30.3266 30.2107 30.1778 30.12 30.1157 30.1184 30.1314 30.1194 30.1154 30.1136 30.1128 30.1124 30.1122 30.1122 30.1121 
30.331 30.3304 30.3295 30.3282 30.3263 30.3071 30.3072 30.3093 30.3043 30.2803 30.2356 30.2026 30.2012 30.2012 30.2121 30.2284 30.4077 30.5839 30.2344 28.3302 26.454 23.854 20.2094 18.2472 13.6529 10.613 5.3262 3.9139 5.9329 10.4488 14.7995 18.7102 21.4197 24.1502 26.0979 28.1683 29.8976 30.2952 30.3269 30.2751 30.1712 30.1363 30.1148 30.1126 30.1066 30.098 30.0935 30.0926 30.1065 30.108 30.109 30.1097 30.1102 30.1106 
30.3339 30.3341 30.3344 30.335 30.3361 30.3387 30.3453 30.3643 30.4128 30.3036 30.2735 30.2514 30.2083 30.2012 30.2027 30.2503 30.4483 30.8788 29.6999 28.6522 26.2095 22.6861 20.8901 16.8384 14.2941 9.1057 5.9876 4.9956 7.4312 9.8931 14.6038 18.0377 21.6671 23.9728 26.5514 28.0245 29.4899 30.3257 30.3224 30.2643 30.1357 30.1174 30.1107 30.1033 30.0818 30.0897 30.0849 30.0874 30.0893 30.0906 30.0914 30.0788 30.1073 30.108 
30.3368 30.3378 30.3393 30.3416 30.3455 30.3519 30.3617 30.3656 30.3644 30.2764 30.2236 30.2182 30.2044 30.2012 30.2012 30.211 30.3159 30.3159 29.8758 28.8799 26.5993 22.9351 20.586 16.1778 14.4214 8.9827 5.6664 3.8884 6.2696 10.875 14.6602 17.7362 20.6743 24.4979 25.7882 28.3728 29.293 30.0739 30.3123 30.3154 30.2603 30.1174 30.1091 30.1091 30.0716 30.0625 30.072 30.0748 30.0758 30.0764 30.0771 30.0775 30.0777 30.0779 
30.3635 30.3642 30.3652 30.366 30.3666 30.3676 30.3478 30.3665 30.4139 30.284 30.2163 30.2012 30.2012 30.2012 30.2012 30.2012 30.197 30.0912 29.8775 28.2625 26.3004 24.6329 19.3318 17.6426 13.3743 9.532 6.0162 2.6679 4.4578 10.1835 13.9988 18.174 20.1042 23.1667 26.042 27.2944 29.4666 29.8903 30.278 30.3225 30.3057 30.2139 30.1171 30.099 30.0994 30.0738 30.0739 30.0752 30.0766 30.0775 30.0779 30.0782 30.0783 30.0784 
30.3892 30.3892 30.3891 30.3889 30.3644 30.3639 30.3623 30.3576 30.3169 30.2813 30.2496 30.2046 30.2012 30.2012 30.2012 30.2012 30.2012 30.1498 29.6246 28.5126 26.2367 23.6657 21.7259 16.1976 13.2834 10.2868 5.7777 2.9081 4.8405 8.0391 12.3798 17.9619 20.8757 22.9584 25.9181 27.625 29.2046 30.1711 30.312 30.3149 30.2705 30.2432 30.1891 30.101 30.0749 30.0856 30.0813 30.0808 30.08 30.0794 30.0792 30.0805 30.0805 30.0805 
30.3899 30.39 30.3902 30.3903 30.3672 30.3677 30.3673 30.3631 30.3436 30.283 30.2386 30.214 30.2012 30.2012 30.2012 30.2012 30.2012 30.1869 29.8029 28.6952 26.6785 23.4696 21.1531 18.4773 13.7258 9.342 5.4717 3.8701 4.4269 8.6921 11.8773 16.4043 20.2979 23.4394 25.7823 27.5424 28.8694 30.0937 30.2801 30.3178 30.2443 30.2155 30.1942 30.1417 30.1085 30.1015 30.1006 30.0986 30.0978 30.0972 30.0969 30.083 30.0823 30.1117 
30.3909 30.3914 30.3919 30.3927 30.3937 30.3952 30.3814 30.392 30.4053 30.3536 30.2723 30.2153 30.2012 30.2012 30.2012 30.2012 30.2012 30.1634 29.5604 28.126 27.2179 24.6519 20.2902 17.428 14.5056 8.9957 5.0772 2.3495 3.9911 8.2751 11.6945 16.4488 19.9544 22.4552 26.1105 27.9663 28.8313 30.1086 30.3091 30.3003 30.2023 30.1939 30.1824 30.128 30.1138 30.1091 30.117 30.1219 30.1244 30.1383 30.1403 30.1415 30.1423 30.1429 
30.4132 30.4132 30.4132 30.4132 30.4133 30.4134 30.4137 30.4145 30.4145 30.4145 30.3504 30.2046 30.2012 30.2012 30.2012 30.2012 30.2012 30.1342 29.3614 28.4897 26.0931 25.1379 20.9305 17.0681 13.2948 10.5091 5.452 2.669 5.0888 7.5351 12.1305 14.3511 20.0609 22.4487 24.3233 27.7598 29.3965 29.8903 30.228 30.2227 30.1939 30.1939 30.1802 30.1176 30.1217 30.1189 30.1314 30.1473 30.1522 30.1549 30.1565 30.1576 30.1582 30.1587 
31.7076 30.4119 30.4119 30.412 30.4121 30.4122 30.4124 30.4135 30.4145 30.4136 30.3709 30.2257 30.2012 30.2012 30.2012 30.2012 30.2012 30.2012 29.7894 28.3278 26.557 23.8171 21.9763 18.7174 13.5872 10.1882 5.1089 2.0171 5.4606 7.9653 10.9507 15.1445 17.8446 22.4813 24.6872 26.9286 29.1416 29.9111 30.1842 30.1939 30.1939 30.1939 30.1939 30.186 30.1814 30.1655 30.1602 30.1599 30.1597 30.1598 30.1598 30.1599 30.16 30.1838 
31.8166 31.7957 31.7676 31.7279 30.4117 30.4117 30.4115 30.4112 30.4094 30.4084 30.2562 30.2012 30.2012 30.2012 30.2012 30.2012 30.2012 30.2012 29.4872 28.3083 26.6678 23.9161 21.5804 19.3246 15.231 10.1446 6.0697 3.49 4.0474 8.0991 10.7906 15.3923 18.0319 20.9592 25.2698 26.6471 28.4983 29.8467 30.1984 30.194 30.1939 30.1939 30.1939 30.1939 30.1939 30.189 30.1971 30.1997 30.2015 30.1879 30.1876 30.1874 30.1873 30.1873 
31.9365 31.9463 31.953 31.9643 31.982 32.4768 32.4342 32.3136 31.8074 30.9384 30.246 30.2137 30.2012 30.2012 30.2012 30.2012 30.2012 30.1814 29.5043 28.7451 26.7544 24.3 22.4821 18.6138 16.3338 11.2512 5.9758 3.8896 4.4826 7.9587 11.6748 15.5677 19.3677 21.4756 24.4501 27.4593 28.9694 29.6909 30.1758 30.1964 30.194 30.1952 30.194 30.1939 30.2144 30.2 30.2133 30.2122 30.2107 30.2092 30.2081 30.2463 30.2475 30.2482 
32.6337 32.6555 32.6845 32.7309 32.8095 32.9543 33.2496 33.9017 35.4962 34.3272 30.7697 30.2153 30.2012 30.2012 30.2012 30.2012 30.2012 30.1216 29.9214 28.36 26.3986 24.9488 21.9031 19.4398 16.2945 11.3369 7.1002 3.1144 5.6297 9.72 12.519 15.4167 19.459 22.5353 24.519 26.9483 28.9701 30.0683 30.193 30.2055 30.2077 30.1996 30.2093 30.2148 30.2776 30.3011 30.2894 30.3205 30.3003 30.3038 30.3058 30.3069 30.3076 30.3081 
32.7242 32.7658 32.8265 33.4162 33.5463 33.7408 34.0675 34.7087 35.709 34.2135 32.0605 30.2035 30.2012 30.2012 30.2012 30.2012 30.2012 30.0845 29.7975 28.8829 26.895 24.9738 22.6684 20.2074 15.1854 13.043 6.8557 3.162 3.807 9.7892 13.7699 15.8565 19.4963 22.3037 24.9013 26.3998 28.475 29.8724 30.2648 30.2705 30.2755 30.2351 30.2178 30.2612 30.3306 30.358 30.3578 30.353 30.3506 30.3497 30.3494 30.35 30.3506 30.3511 
34.7773 35.353 35.3705 35.3954 35.4306 36.4197 36.3238 36.1334 34.7674 33.8039 32.0815 30.2689 30.2019 30.2012 30.2012 30.2012 30.2009 30.1815 29.4767 28.8401 27.8061 24.6272 23.2231 19.2512 16.3769 11.9795 8.7188 4.5286 4.179 6.0394 13.2541 16.8038 19.3628 21.7954 24.5665 27.2441 28.2615 29.5508 30.2479 30.2799 30.2799 30.2701 30.2952 30.3931 30.4116 30.4097 30.404 30.4007 30.3991 30.3622 30.3595 30.3577 30.3566 30.3558 
38.1544 38.1542 38.1524 38.1476 36.6472 36.6565 36.6514 36.5976 35.9374 34.8208 32.5471 30.5898 30.2089 30.2012 30.2012 30.201 30.1991 30.1944 30.0514 28.9676 28.1603 25.0437 22.9531 19.4549 15.8785 11.5782 8.2747 5.6184 3.9535 7.4576 10.5644 16.7305 19.3126 22.3482 23.8559 26.8678 28.8002 29.5556 30.1733 30.2799 30.2799 30.2842 30.3531 30.4145 30.4145 30.4145 30.4145 30.4145 30.4145 30.4019 30.4008 30.4001 30.3996 30.3992 
38.2705 38.2978 38.2746 38.3107 38.359 38.4257 38.52 37.7447 37.9566 37.3559 35.1773 31.0131 30.2732 30.2066 30.1964 30.1974 30.195 30.2215 30.2526 29.9803 27.5299 25.8189 22.3915 20.235 14.8887 11.7067 8.4285 3.9 1.7551 7.1501 10.8901 13.9966 18.4956 21.8783 24.9054 26.4675 28.3015 29.7536 30.1453 30.2799 30.291 30.3542 30.4122 30.4145 30.4145 30.4145 30.4145 30.4145 30.4145 30.4145 30.4145 30.4145 30.4145 30.4145 
39.9329 39.941 38.4136 38.4733 38.5569 38.0404 38.332 38.5121 39.3946 41.0301 36.7169 30.6069 30.2967 30.2074 30.1946 30.1967 30.2158 30.3858 30.6275 30.0329 27.9281 25.7525 22.4846 18.9456 16.0565 12.5738 7.3516 4.2323 1.8985 5.9707 11.7091 13.9747 18.125 21.6573 24.9889 27.2782 28.6694 29.6614 30.2728 30.3035 30.3148 30.3989 30.4145 30.4145 30.4145 30.4145 30.4145 30.4145 30.4145 30.4145 30.4145 30.4145 30.4145 30.4145 
40.9877 40.9956 40.4954 39.9925 40.0028 40.0134 39.2518 39.5332 39.7544 40.819 33.794 31.2966 30.2346 30.2011 30.1999 30.201 30.3107 30.4792 30.7073 29.5002 28.3679 25.8189 23.1397 20.4378 15.1673 12.8831 8.3206 4.9336 1.5911 5.3236 11.1643 15.5192 18.1791 21.8674 24.8358 27.4978 28.9022 29.6516 30.2466 30.4073 30.3397 30.4045 30.4145 30.4145 30.4145 30.4145 30.4145 30.4145 30.4145 30.4145 30.4145 30.4145 30.4145 30.4145 
40.9773 40.9836 40.992 41.0038 41.0204 40.0922 40.1254 38.8419 39.148 37.1523 32.0747 30.5563 30.197 30.2008 30.2012 30.2409 30.4684 30.5701 31.0349 29.5381 28.479 26.7975 23.2258 19.8581 17.2034 11.7356 8.841 3.1426 2.3842 6.633 9.182 15.2604 18.4864 21.7793 24.6602 27.3058 28.5538 29.7374 30.247 30.4032 30.4051 30.4145 30.4145 30.4145 30.4145 30.4145 30.4145 30.4145 30.4145 30.4145 30.4145 30.4145 30.4145 30.4145 
40.965 40.9687 40.974 39.6923 39.7177 39.7457 39.7685 39.7445 38.4143 37.892 34.1781 30.3791 30.1939 30.197 30.2003 30.2127 30.3203 30.6785 31.0541 30.5988 28.144 27.022 23.9836 19.4816 16.5468 12.6656 7.9871 4.083 1.973 4.2141 10.5148 12.8093 19.0635 21.706 23.8575 26.6285 28.5215 29.5912 30.3597 30.4145 30.4145 30.4145 30.4145 30.4145 30.4145 30.4145 30.4145 30.4145 30.4145 30.4145 30.4145 30.4145 30.4145 30.4145 
39.6311 39.6455 39.6627 39.6839 39.7112 39.7492 39.812 39.9506 39.6524 38.8839 34.994 30.5194 30.1939 30.1944 30.1968 30.1969 30.2549 30.67 30.8941 30.3432 28.5177 25.8983 23.8228 20.4736 15.6882 13.414 9.6157 4.418 2.741 3.3814 11.1814 14.629 17.1348 21.9588 24.2149 26.2954 28.2925 29.5012 30.2823 30.4145 30.4145 30.4145 30.4145 30.4145 30.4145 30.4145 30.4145 30.4145 30.4145 30.4145 30.4145 30.4145 30.4145 30.4145 
39.6241 39.6376 39.6542 39.6758 39.7062 39.7544 38.6346 39.1242 40.0339 40.2205 32.3869 30.2556 30.1939 30.1939 30.1945 30.1949 30.2769 30.6376 31.0638 30.2006 29.0382 26.7433 23.801 20.2271 14.5887 11.9972 9.7727 4.3724 2.7857 4.6611 11.5821 14.038 16.7623 20.7449 24.3942 26.0584 27.6183 28.9734 29.9267 30.4145 30.4145 30.4145 30.4145 30.4145 30.4145 30.4145 30.4145 30.4145 30.4145 30.4145 30.4145 30.4145 30.4145 30.4145 
39.6161 39.6285 39.644 38.0115 38.1376 38.3089 38.547 38.8651 39.1541 38.5004 34.8011 31.1443 30.1939 30.1939 30.1945 30.2514 30.5092 30.6719 30.5585 30.1383 29.0898 26.6816 25.2288 18.8659 14.62 11.2562 9.3559 6.1679 3.4099 5.4585 10.3061 13.1866 18.7818 20.4813 23.0274 26.2129 27.3421 27.9509 29.8392 30.2731 30.4145 30.4145 30.4145 30.4145 30.4145 30.4145 30.4145 30.4145 30.4145 30.4145 30.4145 30.4145 30.4145 30.4145 
39.6072 37.8233 37.8903 37.9728 38.075 38.201 38.349 38.4911 38.5183 37.0202 35.3935 31.8233 30.1939 30.1939 30.1939 30.2655 30.4974 30.5395 30.252 30.0992 29.1428 27.1961 24.1883 17.2374 14.6387 11.7382 9.1729 7.5867 5.1724 5.6481 10.0235 14.4115 18.3594 20.377 22.443 25.2542 27.2882 27.7057 29.8008 30.253 30.4145 30.4145 30.4145 30.4145 30.4145 30.4145 30.4145 30.4145 30.4145 30.4145 30.4145 30.4145 30.4145 30.4145 
37.7467 37.794 37.8492 37.9131 37.9855 38.0626 38.1309 38.1549 37.5736 36.2945 34.9789 32.0959 31.4891 30.1939 30.1939 30.4231 30.504 30.4899 30.1409 30.086 28.6499 27.2494 23.8739 16.8483 14.6585 11.7717 9.1289 7.9093 5.5535 5.9515 9.8833 10.8911 18.5832 20.3339 22.1494 25.0882 27.2897 27.5796 29.7921 30.2413 30.4145 30.4145 30.4145 30.4145 30.4145 30.4145 30.4145 30.4145 30.4145 30.4145 30.4145 30.4145 30.4145 30.4145 
37.7184 37.7566 37.7986 37.8434 37.8881 37.9255 37.9412 37.3979 36.2918 35.9346 34.8518 32.1886 31.7272 30.1939 30.2587 30.4453 30.5041 30.4586 30.0855 30.003 28.5721 27.276 26.8918 17.4654 12.5159 11.806 9.1221 8.065 5.7411 8.7254 9.8218 12.5129 18.6887 21.4644 21.9967 24.9831 27.3042 27.5129 29.2605 30.2342 30.4145 30.4145 30.4145 30.4145 30.4145 30.4145 30.4145 30.4145 30.4145 30.4145 30.4145 30.4145 30.4145 30.4145 
37.6859 37.7148 37.7443 37.7725 37.7952 37.8056 37.2589 37.151 35.9958 35.2294 34.7582 32.2144 31.8715 30.1939 30.2647 30.4597 30.5032 30.3496 30.0539 29.9966 28.5185 27.2863 27.0109 17.4672 12.3659 11.8357 11.321 8.1507 7.9015 8.9021 9.4054 12.6456 17.1407 21.5229 21.913 24.9176 27.3205 27.4763 29.2311 30.2297 30.2494 30.4145 30.4145 30.4145 30.4145 30.4145 30.4145 30.4145 30.4145 30.4145 30.4145 30.4145 30.4145 30.4145 
37.6515 37.672 37.6908 37.7057 37.713 37.1552 37.0915 36.983 35.8061 35.0394 34.6933 32.2157 31.9578 31.7518 30.2686 30.4692 30.5022 30.3338 30.034 29.9919 28.4804 28.255 27.0826 17.4707 12.2664 11.8601 11.464 8.2025 8.0328 9.0183 9.3917 12.6012 17.0026 21.5682 21.865 24.8764 27.3356 27.4556 29.2133 29.3385 30.2431 30.4145 30.4145 30.4145 30.4145 30.4145 30.4145 30.4145 30.4145 30.4145 30.4145 30.4145 30.4145 30.4145 
37.6171 37.6304 37.6407 37.646 37.643 37.0352 36.9673 35.795 35.1393 34.9121 34.6478 32.2081 32.01 31.8424 30.2714 30.4757 30.5013 30.3232 30.0205 29.9884 28.4524 28.2771 24.7491 17.4726 12.199 11.88 11.5679 8.2359 8.1207 9.0985 9.3858 12.5756 16.9011 21.6037 21.8364 24.8501 25.0135 27.4439 29.2024 29.3049 30.2386 30.4145 30.4145 30.4145 30.4145 30.4145 30.4145 30.4145 30.4145 30.4145 30.4145 30.4145 30.4145 30.4145 
37.5839 37.5914 37.5954 37.5939 36.9865 36.941 36.8748 35.6857 35.0073 34.8231 34.6152 32.1978 32.042 31.9049 30.2733 30.4803 30.5006 30.3158 30.0108 29.9856 28.4312 28.2914 24.7385 17.4729 12.1523 11.8963 11.6452 8.2587 8.182 8.2121 9.3837 12.5603 16.8271 21.632 21.819 21.9984 24.9682 27.4373 29.1957 29.2806 30.2353 30.4145 30.4145 30.4145 30.4145 30.4145 30.4145 30.4145 30.4145 30.4145 30.4145 30.4145 30.4145 30.4145 