normal_rasters/0772100001000765.ascii
ncols 77 
nrows 74 
xllcorner 158351.483994
yllcorner 383879.285004
cellsize 0.25
nodata_value -9999 
[rows 31 to 61 of 74, columns 0 to 69 of 77]
20.0724 20.0303 19.9743 18.5273 18.5231 20.9219 20.9746 20.6875 20.9551 21.6417 25.7381 29.1875 31.9162 36.705 36.5662 31.9378 20.547 19.2111 21.6666 24.1387 23.1605 19.7776 16.4209 15.2993 9.4388 8.0126 5.4771 4.3603 2.8674 2.7053 2.4847 1.6412 1.2847 0.9925 0.7594 0.7554 0.7028 1.072 1.2222 1.1203 1.199 1.2823 1.4445 1.5762 1.7233 1.4298 1.38 1.1631 0.953 0.9167 0.9307 0.9445 1.1553 1.1759 1.3242 1.3725 1.343 1.1632 1.0911 1.0813 1.0259 1.0272 1.0205 1.025 1.9725 1.9963 2.9772 2.9958 3.0114 3.0243
20.0219 19.9773 18.5126 21.0492 21.0782 21.1377 20.81 20.9934 24.5779 25.3583 26.4609 30.0986 35.4648 39.2035 44.388 35.1003 27.8084 39.079 24.6865 22.6673 20.6275 16.9831 13.8886 9.9785 6.9264 5.9078 3.9971 3.5469 2.5586 2.383 2.0222 1.3064 1.0476 0.7102 0.4735 0.6071 0.5212 0.6566 0.981 1.0932 1.0661 1.1985 1.2826 1.2567 1.4156 1.5493 1.1701 0.9949 0.9051 0.9053 0.9391 1.1524 1.1862 1.3317 1.4389 1.3457 1.1695 1.0937 1.0801 1.0705 1.024 1.0182 1.0241 1.9608 1.9908 2.9705 2.9935 3.0125 3.9591 3.9757
19.9825 21.1257 21.1435 21.1757 21.2301 20.8663 24.381 24.8709 25.2496 25.8608 34.0047 34.8119 38.7856 36.5277 34.7177 25.7339 38.4534 26.4286 23.6537 19.341 18.3014 14.5856 13.0207 8.9531 6.8285 4.8217 3.818 2.6213 2.2588 2.0122 1.621 0.8048 0.5996 0.4804 0.4884 0.5181 0.4998 0.4542 0.6212 1.01 1.1328 1.1901 1.2235 1.2718 1.2528 1.1867 0.9799 0.8452 0.8046 0.9583 1.1476 1.2075 1.3464 1.4414 1.3509 1.1807 1.0429 1.0786 1.0655 1.0191 1.0146 1.0225 1.944 1.9826 2.9611 2.9902 3.0138 3.9567 3.9767 3.9931
21.1887 21.2084 21.2394 21.2864 20.8946 24.5354 24.8101 25.2039 25.5709 34.0919 35.1613 38.6933 36.0735 33.5964 32.231 29.4399 26.2435 25.3647 22.7048 17.8733 16.2412 14.1853 10.3542 9.0972 6.0544 5.3858 3.6409 3.3046 2.0726 1.9469 1.4544 0.9175 0.7362 0.6582 0.6138 0.6776 0.6416 0.594 0.6794 0.7603 0.9927 1.1802 1.0892 1.1201 1.1196 1.029 0.9553 0.6433 0.7877 1.1827 1.2624 1.457 1.4477 1.3622 1.2355 1.0542 1.0772 1.0579 1.0114 1.0086 1.0199 1.9189 1.9701 2.9474 2.9853 3.0154 3.9536 3.9783 3.998 4.0136
21.2546 21.2828 21.3229 24.4878 24.6329 24.8389 25.1796 28.6231 34.0932 35.014 38.6617 35.8782 33.179 32.6058 30.83 26.3989 24.2702 23.0651 20.4328 18.2706 15.6468 13.5035 10.3533 8.6368 6.2673 4.404 3.6111 2.434 2.0297 1.6596 1.235 1.022 0.9936 0.9823 0.8793 0.8694 0.9056 0.875 0.7857 0.6178 0.5881 0.8358 0.8879 0.8563 0.7167 0.8096 0.9974 1.0098 1.1665 1.4168 1.4563 1.4717 1.4441 1.2514 1.076 1.0259 1.0459 0.9982 0.9982 1.0152 1.0281 1.9501 2.9265 2.9778 3.0175 3.9497 3.9808 4.0048 4.0233 4.9943
21.3136 21.3477 24.5803 24.6982 24.8576 25.1647 28.572 34.0329 34.9404 38.6466 35.7946 33.0 32.6936 32.167 28.4308 24.2445 22.8407 20.4953 19.1114 18.0517 16.1435 12.738 9.7301 8.3813 6.1606 3.7245 2.9327 2.1972 1.9744 1.6515 1.4613 1.3873 1.2296 1.325 1.2287 1.0109 0.9205 0.7598 0.6491 0.4991 0.4444 0.4558 0.6145 0.6334 0.5753 0.6346 0.9489 1.0297 1.2375 1.4325 1.568 1.4574 1.285 1.2208 1.0349 0.9202 0.8326 0.9783 1.006 1.0265 1.9168 2.8926 2.9655 3.0201 3.9446 3.9848 4.0148 4.0369 5.0024 5.0183
21.3653 24.6468 24.744 24.8708 25.1546 28.5469 34.0038 34.8994 37.5186 35.7501 35.6386 32.7187 32.4248 28.0887 23.1482 22.8564 20.3654 19.0483 18.7796 17.1807 13.8887 12.9105 8.7251 6.6316 4.9376 3.9244 2.6285 2.1372 1.9212 1.8657 1.9578 1.8242 1.6061 1.445 1.4115 1.1983 0.8596 0.7113 0.6357 0.4311 0.3802 0.3901 0.3312 0.3717 0.4265 0.5785 0.6787 0.7637 1.0174 1.2844 1.3469 1.2948 1.23 0.9802 0.8318 0.8142 0.9403 0.9858 1.0222 1.8581 2.8335 2.9436 3.0234 3.9377 3.9915 4.0298 4.0565 5.0142 5.0325 6.5279
24.6962 24.7775 24.8805 25.1474 28.5347 30.5653 34.8748 37.4939 35.7231 35.6448 32.7256 32.5406 28.1746 28.5304 22.6137 20.3277 20.1678 17.7021 16.4226 14.8167 13.4611 11.5695 6.8914 6.2972 4.2882 3.2481 2.8612 2.1027 2.191 2.1266 2.1537 2.0692 1.8586 1.589 1.4386 1.3618 1.2902 0.7686 0.7748 0.6452 0.5023 0.3707 0.3175 0.2869 0.3611 0.4513 0.6096 0.602 0.7001 1.03 1.1354 0.8366 0.9385 0.9281 0.7078 0.7023 0.9343 1.0101 1.7502 2.7201 2.9007 3.027 3.9282 4.0036 4.0537 4.0861 5.0316 5.0526 6.5272 6.5527
24.8027 24.888 24.9927 30.3354 30.531 31.4913 37.4792 35.7051 35.6474 32.7263 32.5999 32.4322 28.6976 22.5964 20.314 20.2257 16.4163 16.2515 15.8504 11.7662 11.4466 7.6187 6.8407 5.174 4.5945 3.1906 2.9388 2.6092 2.414 2.4255 2.2879 2.1413 2.1118 2.0831 1.7215 1.5889 1.6094 1.2923 0.943 0.9338 0.7295 0.5174 0.4168 0.256 0.2541 0.3498 0.4252 0.579 0.6919 0.5912 0.6841 0.6857 0.5106 0.684 0.4917 0.7104 0.9639 1.0924 1.8279 2.8024 3.0286 3.9157 4.0275 4.0943 5.0225 5.0585 6.4865 6.5271 6.559 7.2856
24.894 24.9804 30.3512 30.5092 31.4504 37.47 35.6925 35.6481 32.7249 32.6333 32.5154 28.119 22.7336 20.9575 18.9516 16.3203 16.2164 14.4084 12.107 10.8168 9.2225 7.4204 6.6395 5.2431 4.2895 3.2011 2.9224 2.85 2.7825 2.499 2.6129 2.3543 2.2221 2.1569 2.1185 1.8127 1.6014 1.5431 1.2875 1.0362 0.9033 0.6271 0.5224 0.4764 0.3231 0.2467 0.2926 0.3669 0.5498 0.3667 0.3488 0.3195 0.2291 0.3966 0.5776 0.9435 1.1001 1.5919 2.5228 3.0092 3.9049 4.0808 4.1695 5.0593 5.1015 6.4744 6.5282 7.2417 7.2887 7.3088
24.9713 30.365 30.4952 31.4219 37.4642 35.6831 35.648 32.7226 32.6533 32.5663 28.1542 22.7269 20.9633 18.9283 16.869 16.2092 14.3085 12.0463 9.7414 9.3667 7.4863 6.2479 5.7406 4.8812 3.5766 3.3192 3.1903 3.0581 2.9011 2.8109 2.7609 2.7259 2.328 2.1992 2.0271 1.8945 1.66 1.4752 1.2155 1.0841 0.81 0.6662 0.5575 0.5728 0.4916 0.2951 0.0854 0.2477 0.3253 0.2913 0.2014 0.1367 0.3457 0.7611 0.8683 1.0954 1.2209 1.659 2.7963 3.9504 4.2256 4.3233 5.1282 5.8647 5.9175 6.5317 7.2575 7.2941 7.3197 8.7688
30.377 30.486 31.4016 37.4603 37.4912 35.6475 32.7201 32.6659 32.5993 28.1749 27.3336 19.5623 18.9178 17.468 14.4105 12.2448 12.0411 9.6165 9.4039 7.5118 5.8502 5.5995 4.7861 4.2274 3.7304 3.4569 3.183 3.0597 2.8946 2.7841 2.5425 2.3841 2.3455 2.0923 1.9064 1.7515 1.6524 1.3928 1.2698 1.0727 0.9097 0.6818 0.6433 0.5654 0.5404 0.5279 0.3838 0.3257 0.3315 0.3968 0.3589 0.2621 0.4473 0.7561 1.0662 1.2672 1.2467 1.9192 4.3765 4.7306 5.2393 5.8418 5.8688 5.9259 6.5523 7.2522 7.3038 7.3374 8.7533 10.0162
30.4801 31.3868 37.4578 37.4832 35.6468 32.7177 32.6742 32.6216 28.1874 27.3765 19.5447 19.4554 17.4766 14.357 12.1946 12.0478 9.5572 7.7042 7.5277 5.7439 5.6099 4.8601 4.2009 3.7736 3.5718 3.6036 3.1242 2.8936 2.776 2.6007 2.1824 2.0666 1.9659 1.8283 1.8172 1.6423 1.496 1.4522 1.2708 1.1361 1.0421 0.8902 0.7378 0.7725 0.7703 0.7349 0.7285 0.5901 0.6034 0.6728 0.5263 0.5799 0.7179 0.9647 1.2124 1.2364 1.1037 3.9555 5.4198 5.7699 5.8477 5.8813 5.919 6.5905 7.2445 7.3225 7.3679 8.7177 10.0001 10.1409
31.3759 37.4561 37.4774 35.646 32.7154 32.6797 32.6372 32.5872 27.4051 20.2228 19.4618 14.3903 14.3257 12.1664 12.0564 9.2301 7.6624 7.5411 5.7007 4.9929 4.8788 4.1847 4.0693 3.7012 3.4838 3.4685 2.9846 2.8275 2.4152 2.2266 1.9909 1.863 1.6994 1.6829 1.6337 1.6406 1.5097 1.4824 1.4811 1.2988 1.2786 1.0835 1.0873 1.0115 0.9276 0.951 0.9523 0.981 0.8248 0.6795 0.7477 0.8852 0.9165 1.1652 1.2514 1.3102 1.4383 4.7067 6.0149 5.9432 5.9253 5.9603 6.531 7.23 7.3611 7.4247 8.6608 9.9708 10.1669 14.5755
37.4549 37.4731 35.6452 35.6255 32.6835 32.6484 32.6077 27.2797 20.2169 19.4671 14.3606 14.3069 12.1496 12.0646 9.1954 7.6396 7.5519 5.6805 4.9645 4.8901 4.1836 4.1189 3.6303 3.5714 3.2121 3.0468 2.778 2.5295 2.3944 2.2383 2.0157 1.9963 1.8871 1.7399 1.6665 1.6726 1.6422 1.5745 1.6229 1.6105 1.46 1.4158 1.2863 1.4129 1.4285 1.2401 1.1833 1.1259 0.9774 0.904 0.985 1.0831 1.2004 1.3383 1.4303 2.2921 3.821 5.3687 6.0437 5.8963 6.0396 6.3852 7.1688 7.4478 7.543 8.5786 9.9153 10.2002 14.4808 14.7279
37.4698 35.6444 35.6276 32.6861 32.6567 32.6229 27.2898 20.213 19.4715 14.3405 14.2953 12.1394 9.2291 9.175 7.6265 7.5606 5.6252 4.9503 4.8985 4.186 4.1456 3.6194 3.5816 3.2352 2.963 2.8032 2.4883 2.3857 2.4002 2.3922 2.3518 2.1669 2.1089 1.9897 1.9067 2.0286 1.8207 1.8183 1.7911 1.7444 1.7875 1.7789 1.8802 1.6408 1.5394 1.5224 1.337 1.1879 1.1576 1.1844 1.1694 1.1229 1.1278 1.5609 1.0945 3.1195 4.7954 6.0407 6.1707 5.8902 6.2175 6.6926 7.6575 7.8374 11.1931 9.8089 10.2365 12.5049 14.6716 15.4291
35.6437 35.6291 32.6879 32.6629 32.6344 27.2972 20.2104 19.4753 14.3265 12.1777 12.1329 9.2077 7.6589 7.6188 7.5675 4.9708 4.9429 4.9049 4.1888 4.1614 3.6129 3.5881 2.9971 2.9513 2.8684 2.6244 2.4595 2.4472 2.442 2.6143 2.6462 2.5148 2.3023 2.2323 2.2218 2.2559 2.265 2.0351 2.1117 2.069 1.8888 1.8672 1.8285 1.7641 1.5958 1.4569 1.3701 1.196 1.1756 1.15 1.224 1.24 1.5631 2.875 3.8023 6.4339 6.9192 6.7561 6.2637 6.2478 6.4466 8.246 9.5607 10.7668 8.6695 10.2482 12.4271 14.5519 15.3485 15.4753
35.6303 32.6891 32.6677 32.6433 27.3025 25.3838 16.2941 14.3167 12.1666 12.1288 9.1932 7.647 7.614 7.5731 4.961 4.9389 4.91 4.1914 3.6211 3.6092 3.3492 2.9762 2.9469 2.8996 2.6666 2.5306 2.5154 2.4884 2.6128 2.8439 2.8138 2.7306 2.4509 2.3957 2.3994 2.2788 2.2732 2.3165 2.1356 2.0969 1.9772 1.8378 1.7396 1.647 1.5096 1.3494 1.1817 0.9936 0.9269 1.1978 1.3988 1.7498 3.1666 3.9026 5.3508 7.0711 8.4871 8.047 6.4507 6.8771 7.3911 10.6596 10.7397 12.2376 14.3904 11.8735 14.2946 15.1295 15.4044 15.5655
32.69 32.6713 32.6503 27.3066 25.3955 17.3651 14.3096 12.1584 12.1261 9.183 7.6386 7.6111 6.8711 4.9546 4.9367 4.914 4.1936 3.6162 3.607 3.3456 2.9656 2.9453 2.9154 2.6887 2.5492 2.5438 2.5446 2.6005 2.7085 2.8111 2.9203 2.8926 2.5551 2.5585 2.2678 2.0703 2.0784 2.0625 2.0163 1.8534 1.7708 1.6111 1.4863 1.3984 1.3879 1.1605 1.038 0.8064 1.0206 1.3885 1.6618 2.4147 3.8255 5.0611 7.1472 8.1936 9.8627 9.8046 8.1865 9.5876 14.2231 26.8341 18.4545 16.8769 11.9865 14.3926 14.6712 15.1198 15.5677 15.7292
32.6742 32.6559 27.3096 25.4048 16.9727 14.3046 12.1524 10.2789 9.1759 7.6325 7.6093 6.8678 4.9503 4.9355 4.9173 4.1955 3.6129 3.6057 3.3437 2.9596 2.9449 2.6956 2.6748 2.5587 2.5566 2.557 2.6008 2.6411 2.8114 2.8637 2.8803 2.8188 2.9532 2.5786 2.1592 1.7909 1.6915 1.7922 1.7247 1.3889 1.3667 1.4095 1.2951 1.1677 1.0587 0.9813 1.2824 1.5602 1.4443 1.7713 2.4554 3.6402 4.5991 5.3959 7.3809 9.3624 10.4217 9.6846 9.7268 13.4031 26.828 34.7011 24.3062 18.7806 15.7598 13.5916 14.0539 15.3689 15.9874 15.9608
32.6604 27.3118 25.4123 16.9699 14.3009 12.1478 10.2704 9.1708 7.6281 6.9008 6.866 4.9474 4.9349 4.4959 4.4775 3.6106 3.3546 3.3427 2.956 2.9448 2.6976 2.6829 2.564 2.5632 2.5636 2.6028 2.6254 2.7418 2.8055 2.8567 2.7087 2.688 2.472 1.8836 2.0312 1.8368 1.6464 1.4852 1.3568 1.323 1.1842 1.1708 1.115 1.0854 1.0631 1.0395 1.7328 2.1529 2.1968 2.1781 3.638 3.9247 5.5452 6.9173 8.8352 9.2814 9.3246 9.4283 8.272 12.7966 20.8619 25.4239 21.2813 16.8047 14.4309 12.525 14.186 16.965 16.6333 15.8299
27.3136 25.4184 16.968 12.163 11.5913 10.264 7.6395 7.6247 6.8952 6.8652 4.9453 4.9347 4.4967 4.4815 3.609 3.3519 3.3422 2.9538 2.945 2.6989 2.688 2.5674 2.567 2.5674 2.6045 2.6187 2.7307 2.7899 2.7143 2.6987 2.6297 2.5628 2.2372 2.0724 2.0093 1.9944 1.8611 1.5707 1.3818 1.2585 1.1401 1.1045 1.0724 1.098 1.1686 1.5355 2.302 2.6484 3.0067 3.4368 4.0923 5.2096 6.8238 8.5776 10.9458 10.0628 8.9034 8.0993 8.5095 12.2579 16.4901 21.4514 17.1031 15.4617 15.2254 15.1913 17.9547 19.6576 15.9986 15.0689
25.4235 16.9666 11.6098 11.5834 10.2592 7.6353 7.1584 6.8912 6.8649 4.9438 4.9347 4.4974 3.6111 3.6078 3.3499 3.3419 2.9523 2.9453 2.6998 2.6914 2.5696 2.5695 2.5698 2.6059 2.6155 2.7256 2.7442 2.793 2.6799 2.6144 2.496 2.2822 2.2016 2.0247 2.0112 2.0213 2.1507 1.8217 1.5776 1.3395 1.2421 1.1906 1.1277 1.343 1.3684 1.9416 2.6848 3.246 4.1491 4.6 4.9099 6.4406 8.7488 10.8623 10.8954 9.479 9.0808 8.1242 8.1989 15.6546 20.3769 16.5044 15.2066 13.9135 14.5932 16.2635 17.1478 15.8953 13.0521 14.0168
16.9656 11.6012 10.2821 10.2555 7.6319 6.9083 6.8881 6.8651 4.9427 4.9348 4.4981 3.6097 3.6069 3.3486 3.3418 2.9513 2.9455 2.7004 2.6937 2.5712 2.5712 2.5714 2.6069 2.6139 2.6232 2.736 2.6563 2.6701 2.6648 2.4947 2.2889 2.2491 1.9949 2.0094 2.0454 2.0573 2.0475 1.9319 1.7983 1.6857 1.4136 1.2646 1.3808 1.3139 2.0632 2.406 3.5078 4.2104 4.9072 5.3765 6.7111 7.3459 10.5987 11.3682 10.8191 13.2593 10.9837 10.5352 16.9855 24.2058 24.7388 13.0225 11.1233 14.5529 14.6658 16.3158 16.0298 14.5258 13.4674 13.945
11.5942 10.2767 10.2527 7.1646 6.904 6.8859 4.948 4.942 4.5069 4.4987 3.6087 3.3524 3.3475 3.3417 2.9506 2.9458 2.7009 2.6955 2.5723 2.5724 2.5726 2.6077 2.613 2.6198 2.7312 2.647 2.6757 2.6641 2.493 2.2902 2.2676 2.0003 2.0082 2.0442 2.0356 2.0307 2.0004 1.9432 1.9093 1.8168 1.6561 1.3939 1.4064 2.0137 2.4152 3.2589 5.2392 5.9472 6.6049 7.1011 8.6563 10.2674 12.6111 12.3829 12.7677 19.3102 15.4791 19.8924 24.9647 32.3814 36.4657 21.5254 15.0943 15.8416 17.5485 15.9697 15.5975 14.786 14.3242 14.3678
10.2723 10.2506 7.1598 6.9005 6.8843 4.9468 4.9414 4.5064 4.4992 3.5371 3.351 3.3468 3.3418 2.9501 2.946 2.7012 2.6968 2.5732 2.5733 2.5735 2.6084 2.6125 2.6176 2.7283 2.6409 2.6381 2.6635 2.4915 2.3596 2.2761 2.1323 2.008 2.0436 2.0453 2.0253 2.0159 1.9935 1.9477 1.962 1.8031 1.7277 1.5651 2.2686 3.2504 3.919 6.6798 6.8969 10.1235 11.5868 13.0 9.5633 8.8049 8.841 11.0612 13.2049 15.6475 17.0194 20.8773 23.0023 28.8737 32.4773 26.1843 20.566 18.6175 17.6119 13.793 15.5343 15.1742 14.7733 14.7244
10.249 7.1559 6.8977 6.8831 4.9458 4.941 4.506 4.4997 3.5359 3.3499 3.3462 2.9528 2.9498 2.9463 2.7015 2.6978 2.5739 2.5739 2.5741 2.609 2.6122 2.6163 2.7263 2.733 2.6344 2.6629 2.4902 2.3627 2.1536 2.1405 2.0082 2.0434 2.0443 2.0236 2.019 2.0058 1.8983 1.8885 1.7785 1.6316 1.6646 1.5906 2.4599 4.7411 6.4052 9.3549 10.6701 13.4447 14.409 13.8438 12.8463 8.3002 7.6127 8.9206 12.1278 16.5456 18.0988 19.6528 19.7002 20.9245 24.1865 23.7636 22.1028 20.5103 17.6797 13.66 14.7179 15.3506 15.1902 14.9595
7.1527 6.8955 6.8822 4.9451 4.9408 4.5058 4.5001 3.5349 3.349 3.3457 2.9521 2.9495 2.7045 2.7017 2.6985 2.6949 2.5745 2.5746 2.6094 2.6121 2.6153 2.7251 2.7303 2.6318 2.6624 2.5394 2.3643 2.1545 2.1451 2.0084 2.0434 2.0406 2.0229 2.0202 1.8836 1.8775 1.8617 1.6942 1.6141 1.5109 1.4315 1.5604 2.0012 3.86 8.7094 9.7282 11.6934 13.0603 15.5893 15.2351 11.9424 9.7804 10.2248 10.6406 11.858 16.2873 15.74 19.3241 19.2853 19.6503 20.8124 21.5036 21.0928 21.1107 18.9506 17.1418 14.6307 14.733 15.3628 15.1128
6.8937 6.8816 4.9445 4.9406 4.5056 4.5005 3.5342 3.3483 3.3454 2.9517 2.9493 2.7043 2.7019 2.6992 2.6961 2.5749 2.5751 2.6098 2.612 2.6147 2.7242 2.7284 2.6298 2.6274 2.5397 2.3651 2.1549 2.1479 2.0086 2.0073 2.0402 2.0226 2.0208 1.8806 1.8699 1.8592 1.6623 1.6203 1.5063 1.289 1.0821 1.3551 2.2753 6.4757 9.8009 12.0669 13.9324 15.2244 16.7419 14.4136 14.9839 17.138 13.457 14.5939 15.1845 16.8708 8.1199 14.8902 18.7289 19.6359 20.8641 20.1305 20.2499 21.2305 20.3413 17.9189 14.5841 14.6991 14.7629 15.433
6.8812 4.944 4.5096 4.5055 4.5009 3.3501 3.3478 3.3451 2.9513 2.9492 2.7041 2.702 2.6997 2.697 2.5753 2.5754 2.6101 2.612 2.6142 2.7236 2.7271 2.6284 2.6264 2.5397 2.3655 2.3575 2.1496 1.9522 2.0069 2.0401 2.0396 2.0212 1.8768 1.867 1.7098 1.6871 1.6219 1.4225 1.3001 1.1023 1.0394 0.929 2.9215 8.5267 12.0781 15.6044 15.8999 15.9657 11.6329 17.5421 27.4914 21.4531 16.2301 16.7765 17.3026 20.6862 19.354 15.8447 17.9028 19.242 20.2763 21.2054 19.5242 19.5828 20.4629 18.1951 17.9611 14.673 14.7468 14.7983
4.9437 4.5091 4.5054 3.5347 3.3494 3.3473 3.3449 2.951 2.9491 2.704 2.7022 2.7001 2.6978 2.5756 2.5757 2.6104 2.612 2.6139 2.616 2.726 2.6273 2.6256 2.5397 2.3657 2.3592 2.1507 1.9522 2.0066 2.04 2.0396 1.9482 1.8747 1.8657 1.7014 1.6847 1.4478 1.4175 1.1947 1.0917 2.3608 2.2493 2.5347 1.5957 10.8749 18.6684 19.9665 18.5892 20.1048 15.9611 17.3792 20.5969 19.5755 18.9816 17.3343 17.5516 19.3613 17.9481 17.6292 18.1668 19.0888 19.9475 20.7078 21.3398 19.1424 19.2017 20.061 17.7799 14.6561 14.7302 14.7859
