normal_rasters/0772100001002375.ascii
ncols 66 
nrows 65 
xllcorner 158322.729004
yllcorner 383891.588013
cellsize 0.25
nodata_value -9999 
[rows 0 to 31 of 65, columns 0 to 65 of 66]
30.3166 30.3325 31.202 31.1996 28.1372 27.8063 27.8044 27.8019 31.4339 31.4376 31.1385 31.0149 30.9817 30.0349 30.0665 30.1023 30.1427 30.4434 30.4273 25.9598 25.9476 26.8031 26.7937 27.6317 23.8303 27.8384 26.9074 26.8945 26.8789 26.8607 26.8399 22.358 20.638 21.0223 21.0164 21.0034 20.9825 20.9537 20.9186 18.8088 18.7124 18.6146 18.5215 18.4376 18.3649 18.304 16.8984 16.8026 16.7253 16.664 15.9834 15.939 10.625 9.2378 8.5122 6.9632 6.1772 6.132 5.1779 3.5282 3.5062 3.4864 2.2876 2.2876 2.3339 2.334
24.6542 30.3155 30.3329 31.2024 31.1996 28.1413 27.8128 27.8108 27.8508 31.4317 31.4356 31.1367 31.0099 30.9724 30.0297 30.0654 30.1062 30.3238 30.4518 30.4336 25.9694 25.5468 26.7963 26.7842 27.6213 23.8371 27.8327 26.9092 26.8928 26.8728 26.8493 22.3662 22.3901 21.057 21.0541 21.0419 21.0185 20.9834 20.9387 18.8598 18.737 18.6148 18.502 18.4039 18.3225 16.9243 16.8011 16.704 16.6289 15.9395 15.8884 10.6176 8.5693 7.6076 6.9619 6.1761 5.5836 5.1686 3.5247 3.5 3.4783 2.2876 2.2876 2.3338 2.3339 2.2795
25.3151 24.6566 30.3141 30.3331 31.2026 31.1995 28.1458 27.8203 27.8182 27.8565 31.429 31.433 31.1343 31.0038 30.9609 25.457 30.0641 30.1111 30.3282 30.3313 30.4415 25.9813 25.5528 26.7864 26.7703 22.767 23.8459 27.8253 26.9111 26.8897 26.8632 26.8319 22.4021 22.4352 21.1016 21.0926 21.0674 21.024 20.9649 18.9194 18.7586 18.6031 18.4657 18.3521 18.2627 16.8024 16.6768 16.5827 15.8813 10.4929 10.6079 7.9048 7.6113 6.9603 6.1746 5.5745 3.943 3.52 3.4923 2.2545 2.2876 2.2876 2.3337 2.3339 2.2795 2.2793
23.518 25.3168 24.6592 30.3124 30.3332 31.2026 31.1992 28.1508 27.8289 27.8268 27.8631 31.4255 31.4298 31.1314 30.9961 25.4361 25.462 30.0626 30.1171 30.3332 30.3368 30.4516 25.9964 25.5596 26.7719 26.7499 22.7707 23.8574 27.8153 26.9132 26.8841 26.8474 26.8043 22.4543 21.1619 21.1609 21.1367 21.0823 21.0006 18.9882 18.7705 18.5695 18.4024 18.2737 16.8091 16.641 16.52 11.4687 10.483 10.5947 7.9198 7.0131 6.9581 6.551 5.5628 3.9384 3.5139 3.4825 2.2546 2.2876 2.2877 2.3337 2.3338 2.2795 2.2793 2.285
23.514 23.5219 25.3186 24.662 30.3102 30.3332 31.2024 28.1413 28.1563 27.8389 27.8367 27.8706 27.8547 31.4256 31.1276 29.0504 25.4378 25.4679 30.0606 30.1247 30.3388 30.3431 30.4647 25.6099 25.5676 26.7501 26.7189 22.7748 23.8732 27.8013 26.9153 26.8734 26.8197 22.4684 22.5376 21.2549 21.2401 21.1724 21.0515 19.0635 18.7574 18.495 18.2961 16.827 16.5917 15.8127 10.4891 10.5928 9.2627 9.2504 7.0225 6.9553 6.5386 5.5472 3.9321 3.5274 3.4699 2.2548 2.2546 2.2877 2.3336 2.3337 2.2796 2.2793 2.2442 2.2855
23.5095 23.5175 23.5263 25.3207 24.6652 30.3073 30.3328 31.202 28.1456 28.1627 28.1815 27.8484 27.8792 27.8611 31.4202 31.1226 29.0372 25.4396 25.4751 30.0582 30.1345 30.3452 30.3504 30.4825 25.6305 25.577 22.7751 26.6705 22.7789 23.8962 27.7814 26.9169 26.8517 26.7671 22.5637 21.3841 21.4049 21.3276 19.6007 19.1302 18.6839 18.3453 18.1225 16.5201 11.4573 10.4722 10.5684 9.2593 8.4174 7.035 6.9513 6.5216 4.8721 3.9232 3.5159 2.2769 2.2551 2.2548 2.2877 2.3334 2.3337 2.3339 2.2793 2.2442 2.244 2.6398
29.5595 23.5126 23.5216 23.5313 24.0045 24.6688 30.3038 30.3321 31.2011 28.1505 28.1698 28.1914 27.8625 27.8894 27.8683 31.4131 31.116 29.0195 25.4414 25.4839 30.055 30.1474 30.3524 30.3589 30.367 25.6577 23.452 22.7746 26.5911 22.7824 23.9319 24.101 26.9169 26.8023 26.6548 22.7541 21.6839 21.6447 19.9528 19.1261 18.4678 18.0606 16.4066 10.4997 10.4434 10.5297 9.2531 8.4165 7.0524 6.9459 5.6596 4.6893 3.9105 3.474 2.2771 2.2553 2.255 2.2877 2.3333 2.3336 2.3338 2.2793 2.2443 2.244 2.2644 3.0086
29.5696 29.5536 23.5161 23.5262 23.5372 24.0088 24.6728 30.2992 30.3309 30.6595 28.1558 28.178 28.203 27.9213 27.9015 27.8767 31.4036 30.0855 28.9953 25.4431 25.4951 30.0509 30.1646 30.3605 30.3688 30.3799 25.6955 23.4904 22.7648 22.5021 21.9514 23.9932 24.276 26.9121 26.6661 22.7242 22.1295 22.5337 20.4089 18.8166 17.9306 11.5561 10.4745 10.3906 9.5491 9.2411 8.4117 7.0771 5.7364 5.6519 3.9951 3.8919 3.4489 2.2773 2.2557 2.2553 2.2876 2.2877 2.3334 2.3337 2.2792 2.2444 2.244 2.2644 3.0077 3.0133
30.7253 29.5646 29.5467 23.5201 23.5316 23.544 24.0137 24.6774 30.2933 30.329 30.6556 28.1618 28.1875 28.2168 27.9391 27.9161 27.8865 31.3907 30.0732 28.9614 25.4447 25.5095 30.0455 30.1884 30.3693 30.3803 26.0743 25.7511 23.5442 22.732 21.5996 21.9307 24.1157 24.6726 26.8975 26.1421 23.0177 27.4233 19.2974 17.5597 11.5632 10.4204 9.5632 9.2693 9.216 8.3981 7.4251 5.7555 5.6404 4.0168 3.8642 2.325 2.2776 2.2561 2.2556 2.2876 2.2877 2.3333 2.3336 2.2792 2.2444 2.2441 2.2644 3.0065 3.0131 2.9772
27.5359 30.722 29.5586 23.5131 23.5248 23.5378 23.5521 24.0194 24.6826 30.2857 30.3262 30.65 28.1684 28.1987 28.2334 27.9611 27.9339 27.8981 31.3727 29.0415 28.9128 25.4457 25.5288 25.6327 30.0639 30.3783 30.3935 26.1736 25.8403 23.6246 22.6379 21.3388 21.8366 24.4284 25.7926 25.3345 23.4479 18.7126 16.2335 11.1124 10.3403 9.5448 9.2291 8.4529 8.3639 7.1661 5.7851 4.767 3.9789 2.7138 2.3252 2.278 2.2566 2.256 2.2555 2.2876 2.3331 2.3335 2.2935 2.2445 2.2441 2.2643 3.0049 3.0126 2.9777 3.7691
27.5426 27.5348 30.7181 29.5514 23.5169 23.5303 23.5452 23.5616 24.0261 24.6887 30.2757 30.322 30.6418 28.1759 28.2118 28.2537 27.9889 27.9563 27.912 31.3468 29.0073 28.8412 25.4456 25.5558 25.6977 30.0773 30.3852 30.4079 25.7635 24.3125 23.753 22.3586 20.7403 21.4123 24.5527 32.3872 24.8775 13.3004 9.629 10.2845 9.4873 9.0254 8.404 8.2798 7.1524 5.8296 4.7339 3.912 2.7505 2.3258 2.2786 2.2573 2.2565 2.2559 2.2875 2.3328 2.3333 2.2936 2.2447 2.2441 2.2642 2.6066 3.012 2.9783 3.7669 3.7787
28.4588 27.5424 27.5336 29.5668 29.5427 23.5213 23.5368 23.5541 23.5732 24.0339 24.6958 30.2624 30.3157 28.1477 28.1843 28.2277 28.2791 28.0246 27.9852 27.929 27.0893 28.9527 28.7315 25.443 25.596 25.8001 30.0892 30.3829 30.4213 26.0322 24.733 23.954 21.4511 19.553 19.6128 19.5501 16.6497 11.4731 9.8593 9.5932 8.7308 8.0664 7.632 6.3466 6.1549 3.9667 2.7966 2.4192 2.327 2.3228 2.2784 2.2571 2.2562 2.2992 2.3325 2.3332 2.2937 2.2448 2.2642 2.2641 2.6049 2.9693 2.9789 3.764 3.7779 3.7899
28.4657 27.5508 27.542 27.532 29.5597 29.5319 23.5266 23.5446 23.5649 24.045 24.0434 24.7042 30.2445 30.3065 28.1495 28.1937 28.2472 28.3117 28.395 28.0236 27.9502 27.0809 29.1414 23.6086 25.4346 25.661 25.9781 30.2005 30.3448 26.7152 26.6597 25.5511 23.6903 19.1807 16.8775 12.6316 11.0806 9.4137 9.1472 9.1505 7.2735 7.0727 6.126 4.8932 3.9185 2.7975 2.4176 2.3728 2.3229 2.2578 2.2579 2.2567 2.2987 2.332 2.3329 2.2938 2.245 2.2778 2.264 2.6025 2.9678 2.9693 3.7603 3.7769 3.791 5.327
28.4734 28.4666 27.5517 27.5416 27.5301 29.5508 29.5183 23.5329 23.5541 23.5781 24.0567 24.0549 24.7142 30.2199 30.5978 28.1498 28.2041 28.2717 28.3944 28.4434 28.0769 27.9769 27.1743 28.0943 23.5615 23.8189 25.7793 26.2067 30.0511 30.1525 27.2259 28.6606 30.2224 19.4799 13.8427 9.8497 9.5603 8.9559 8.4941 9.1259 6.4614 5.8301 4.2095 3.3263 2.8131 2.4164 2.4054 2.306 2.2611 2.2589 2.2571 2.2978 2.3313 2.2946 2.2941 2.2937 2.2777 2.2637 2.599 2.9654 2.9694 2.9797 3.7754 3.7923 4.9925 5.3532
28.4386 28.4755 28.4678 27.5527 27.5411 27.5277 29.5395 29.5012 23.5405 23.5659 23.5948 24.0711 24.0693 24.7264 30.1855 30.5651 28.147 28.2153 28.3034 28.4432 28.5105 28.1552 28.0115 25.1756 27.7068 23.4443 23.8282 24.4721 26.7227 29.6167 29.2104 25.8083 19.6807 17.2515 13.7418 11.0836 10.5932 9.9984 9.2467 6.5524 5.1084 4.4662 3.4933 2.7723 2.45 2.3944 2.3135 2.2542 2.2604 2.2572 2.2961 2.2979 2.3022 2.2946 2.294 2.2775 2.2634 2.2211 2.9618 2.969 2.982 3.7734 3.7939 4.9849 5.346 6.5704
32.4812 28.5592 28.4779 28.4691 27.5538 27.5403 27.5245 29.525 29.4791 23.5498 23.5807 23.6163 24.0895 24.0877 24.7415 30.136 30.5147 28.1384 28.2266 28.3457 28.5114 28.6094 28.279 28.0559 25.039 26.8936 23.1185 23.7436 24.9543 28.6184 26.8863 24.9478 18.0303 14.2907 13.6481 11.6975 10.6301 8.796 6.8591 5.5088 4.0662 2.8932 2.5533 2.5067 2.3995 2.3311 2.2738 2.2612 2.256 2.2549 2.298 2.3025 2.2955 2.2802 2.2773 2.2628 2.221 2.956 2.968 2.9849 3.7705 3.7959 4.9751 5.0101 6.5625 11.7407
27.3245 27.316 28.5624 28.4809 28.4707 27.5552 27.5393 27.5204 29.5058 29.4501 23.5616 23.5999 23.6445 24.1137 24.112 24.7605 25.2361 30.4344 28.1177 28.2355 28.4048 28.6133 28.7687 28.4959 28.1074 24.6277 18.4443 18.3845 22.0298 25.1955 27.1368 18.6548 16.8763 13.948 12.9552 11.4205 9.0125 7.8884 6.3394 3.5863 3.9409 2.8185 2.5771 2.4502 2.3021 2.2384 2.1981 2.2489 2.2511 2.2949 2.3031 2.2972 2.2814 2.277 2.2202 2.2206 2.9354 2.9656 2.9884 3.7663 3.7984 3.9953 5.0057 6.5523 6.5957 11.8829
25.9641 27.3259 27.3161 28.5664 28.4845 28.4726 27.557 27.5379 27.5149 29.4801 29.411 23.5769 23.6255 23.6828 24.1465 24.1453 24.7847 25.2214 30.3006 28.0713 28.2342 28.4922 28.7814 29.0636 28.9329 26.3993 23.367 18.5917 18.4323 18.1598 17.5219 16.7819 15.6522 13.308 10.4963 9.5493 8.0339 7.2125 5.1038 3.7067 2.6373 2.4715 2.398 2.0976 2.0737 2.1686 2.2072 2.2189 2.2877 2.3049 2.3016 2.284 2.2765 2.2191 2.2198 2.5388 2.9603 3.0393 3.7599 3.8018 3.9984 5.0 6.5387 6.593 12.7325 12.8689
30.8223 25.9671 27.3276 27.3162 28.5715 28.4891 28.4751 27.5591 27.5358 27.5073 29.4444 29.3569 23.5973 23.6609 23.737 24.1932 24.1933 24.9251 24.799 26.8669 27.1201 28.197 28.6289 29.1078 29.7611 30.0274 25.0962 19.1736 18.6246 16.7239 14.7418 15.0892 13.6556 11.2057 9.4939 8.8447 6.6678 3.67 3.0654 2.9036 2.3744 2.1952 2.1197 1.9124 1.8945 1.9166 2.158 2.2452 2.3111 2.3063 2.2901 2.2755 2.2283 2.2179 2.5188 2.9487 3.0422 3.0686 3.8339 4.0026 4.9925 6.5202 6.5897 12.7194 12.8888 13.0227
28.275 25.9572 25.9707 27.3297 27.3163 28.5781 28.495 28.4782 27.5619 27.5328 27.4964 29.3935 23.5567 23.6254 23.7119 23.4669 24.264 23.1299 24.8973 24.6842 26.5224 26.8113 27.8062 28.837 29.9659 32.6336 27.6606 19.5109 18.4043 16.3327 13.7163 13.3058 12.3217 9.6195 8.4613 6.0146 4.7147 4.1235 2.4536 2.4529 2.3636 1.9345 1.9393 1.4432 1.5606 1.8242 2.0013 2.2802 2.3545 2.3128 2.2727 2.2222 2.2129 2.2177 2.9219 3.0438 3.0854 3.9658 4.0083 4.9825 6.4939 6.5856 12.6996 12.9152 13.081 14.6888
28.6686 28.2713 25.959 25.975 27.3325 27.3164 28.5868 28.5028 28.4823 27.5656 27.5283 27.4804 29.3177 23.5712 23.6662 23.7897 23.5574 23.6276 23.1251 22.5801 24.4185 21.6915 25.988 27.0552 28.2984 31.9477 25.52 20.0385 17.0751 14.5794 11.731 11.0571 9.2746 7.7418 6.746 5.7055 3.7723 2.6676 2.3957 2.4147 1.7768 1.4979 1.3586 1.3094 1.5543 1.8841 2.0815 2.1429 2.3144 2.2299 2.2039 2.1971 2.2145 2.5486 3.0382 3.1127 3.9529 4.0165 4.9682 6.4547 6.5806 12.6683 12.951 13.1613 14.7411 14.81
28.6813 28.6726 28.2658 25.9611 25.9802 27.336 27.3166 28.5988 28.5135 28.488 27.5706 27.5212 27.4554 29.1992 23.5903 23.7289 23.9174 23.7063 23.3274 23.3884 22.468 18.3393 21.4107 21.7422 22.4804 21.1328 19.5165 18.2002 15.1377 14.0297 10.8334 9.6075 8.2816 7.4782 4.2855 3.916 3.6241 2.3273 2.2714 2.0416 1.5542 1.3809 1.2668 1.4152 1.7031 1.96 2.0616 2.1276 2.0037 2.1321 2.1487 2.1948 2.4501 2.9939 3.286 3.9278 4.0288 4.0918 6.3935 6.5746 12.6154 13.0005 14.6859 14.8139 14.8986 14.9522
31.0534 28.6879 28.3111 28.2577 25.9635 25.9868 26.0149 27.3169 28.6156 28.5286 28.4961 27.5779 27.5091 26.9941 29.0019 23.6151 23.8318 23.7684 24.0005 22.858 22.6775 21.8805 18.3792 20.3403 20.4745 18.5471 16.7796 16.1488 14.2555 12.5289 9.6055 8.3967 7.2375 5.963 4.6387 3.5797 3.4585 2.6525 2.1922 1.9854 1.6181 1.2115 1.2605 1.3882 1.7941 1.8982 1.8372 1.7965 1.9151 1.987 2.1019 2.2624 2.7 3.3022 3.441 4.0471 4.1511 5.5119 6.5679 12.5183 13.069 14.7455 14.9197 15.0258 15.0857 15.1153
30.5766 31.0558 28.696 28.3118 28.2456 25.9662 25.9953 26.031 27.3172 28.6404 28.5511 28.5085 27.5889 27.4869 26.9133 28.6464 23.6419 23.566 24.1378 24.7952 23.8238 20.7626 17.1412 17.8602 18.0966 17.2758 15.6579 13.2355 11.4031 9.4686 8.4939 7.0311 6.3361 5.1038 4.1569 3.4826 3.1384 2.354 2.1502 1.8796 1.631 1.3623 1.3035 1.6928 1.7612 1.8885 1.7871 1.6175 1.7664 1.974 2.0771 2.3513 3.0712 3.7854 4.0605 4.5606 5.4909 6.5631 12.3185 13.5842 14.8326 15.0834 15.2183 15.2812 16.0614 16.0345
29.862 30.5891 31.0586 28.7063 28.3113 28.2272 25.9693 26.0065 26.0533 33.1136 28.6786 28.587 28.5295 27.6073 27.4405 26.7427 22.8519 23.2021 23.719 25.4499 27.5925 21.1408 15.1128 14.977 15.0438 13.1288 12.7846 11.3058 10.8955 9.1667 7.2751 6.5578 5.7389 4.7716 3.8184 3.6068 3.0552 2.4602 2.0925 1.8034 1.6507 1.6493 1.5817 1.6614 1.5508 1.3141 1.5187 1.404 1.6263 1.8393 2.1375 2.4439 3.2468 4.0638 4.5874 5.215 5.8227 12.2279 13.4162 14.9632 15.3559 15.5297 16.2804 16.2433 16.192 16.1374
29.4613 29.8748 29.8443 31.0616 28.7198 28.3084 28.1985 25.9728 26.0219 26.0858 33.0619 28.7413 28.6491 28.5699 27.6412 27.3219 25.7446 19.9806 22.1033 22.4326 29.8688 20.4599 14.4352 13.922 12.3794 12.1894 11.5191 9.4874 8.2255 7.3216 6.2819 6.118 4.927 4.1325 3.4439 3.1794 2.4335 2.1836 2.049 1.9799 2.0052 1.8555 1.6403 1.2739 1.0761 1.0407 1.1718 1.3225 1.4971 1.8412 2.2582 3.0436 3.7785 4.4747 5.9083 6.3904 7.5757 12.8502 14.4058 15.9538 16.1417 16.6179 16.5254 16.4222 16.3249 16.2382
29.439 29.4873 29.8892 29.8502 31.0651 28.738 28.301 28.1519 25.9766 26.0443 26.7688 32.9736 28.8515 28.7703 28.6674 27.7128 26.8843 24.3958 21.6468 18.7355 17.0312 16.6896 14.211 12.6282 11.9495 10.8027 10.0174 8.7829 7.8905 6.8041 5.9683 5.2873 4.4726 3.5189 3.3465 2.7449 2.3173 2.2339 2.1175 2.0896 2.0463 1.7019 1.6267 1.1062 0.8483 1.0011 1.1383 1.3377 1.4838 2.1398 3.0477 3.6634 3.9103 5.1816 5.8124 7.2545 8.2784 14.7469 16.6576 17.441 17.256 17.0011 16.7763 16.5935 16.4467 16.3278
28.9887 29.4604 29.5213 29.9054 29.8538 31.069 28.1415 28.2844 28.0726 25.9806 26.0788 26.7779 32.8056 28.9086 29.046 27.8432 27.8547 23.5729 22.6989 17.5907 15.7513 13.7767 13.5621 12.152 11.602 9.7491 9.3385 8.1788 7.4481 5.9483 5.3325 4.7036 3.5349 3.1344 2.7977 2.5259 2.3888 2.1782 2.1394 2.1149 2.0247 1.572 1.2594 0.7715 0.9356 1.036 1.138 1.3389 1.5969 2.2403 3.563 4.4123 4.8487 4.8947 6.74 7.7764 11.489 17.3859 19.8747 18.7348 17.8845 17.3439 16.9833 16.7288 16.5406 16.3961
28.8418 28.9878 29.4885 29.5675 29.9229 29.8522 25.9676 28.1606 28.2477 27.9299 25.9842 26.1364 26.7726 28.4993 28.8764 29.4263 30.4663 27.0376 16.6291 13.6825 13.1191 12.5862 12.7518 11.287 9.741 9.0335 8.3104 7.6669 6.1797 5.6638 4.5558 3.3449 3.0567 2.8166 2.687 2.472 2.4242 2.2772 2.1615 2.0951 1.6935 1.332 0.9832 0.7725 0.6531 0.8007 1.1486 1.5704 1.992 2.2905 3.8788 5.1269 4.8702 4.9796 6.3551 8.5248 13.7071 34.5522 22.9172 19.539 18.2148 17.518 17.0898 16.8004 16.5921 16.4349
23.6018 28.8001 28.9848 29.5267 29.6328 29.9406 29.8391 26.0687 28.182 28.1632 24.186 25.9893 26.7676 26.7073 24.2754 28.176 26.4561 24.2523 14.8799 13.4732 11.4366 11.2367 10.6138 9.6179 9.0412 8.1925 7.2555 6.343 5.5523 4.2034 3.3342 3.1025 2.8088 2.627 2.4575 2.4287 2.4155 2.3165 2.1733 2.0852 1.6382 1.2375 0.6459 0.5659 0.2684 0.4777 1.4597 2.3891 2.5225 3.2011 4.8117 5.8144 5.0847 5.546 6.0434 10.8453 13.0944 19.0957 20.9324 20.0475 18.0292 17.4531 17.0675 16.7953 16.5942 16.4402
23.5131 23.5996 23.7156 28.9782 29.5816 30.0648 29.9538 29.8002 26.0311 28.1992 27.9478 24.4199 24.8822 26.3819 26.2311 29.1541 20.0362 16.7016 15.3777 11.7692 10.9387 10.3489 9.6622 8.5879 8.0441 6.5404 5.884 5.263 4.9497 3.471 3.0791 2.582 2.5639 2.5164 2.5335 2.5901 2.5327 2.2539 2.1253 1.6449 1.1127 0.5189 0.4903 0.5543 0.5961 1.4397 2.4205 2.9603 3.3475 4.2388 4.834 4.6773 5.534 9.0191 10.8681 19.3878 15.8519 17.2919 18.7931 19.0534 18.9254 18.7405 18.5782 18.448 18.3448 18.2624
23.4022 23.4788 23.5888 23.745 28.9653 29.6665 30.1307 29.9486 26.1376 23.5571 23.6156 24.0112 25.0369 26.1552 22.3417 20.2369 17.2429 14.04 13.4188 11.0425 9.8421 9.3468 7.9808 7.3792 7.2364 6.2673 5.331 3.929 3.309 2.9189 2.5752 2.469 2.5129 2.5855 2.623 2.6364 2.4199 2.2565 2.0186 1.4122 0.8362 0.348 0.6122 0.8104 1.7846 2.551 3.1268 3.6288 3.9454 3.9829 4.1516 5.1146 8.7656 10.4239 11.6329 14.1813 14.0887 16.9493 17.812 18.4482 18.5265 18.4928 18.4221 18.3461 18.2759 18.2143
