normal_rasters/0772100001000775.ascii
ncols 66 
nrows 67 
xllcorner 158293.924011
yllcorner 383911.967987
cellsize 0.25
nodata_value -9999 
[rows 0 to 31 of 67, columns 0 to 65 of 66]
39.4011 39.6575 39.6581 39.4572 39.652 39.651 39.4347 39.223 39.8988 40.0123 39.6487 39.6528 39.6578 39.1254 38.366 38.3643 38.3605 37.9554 37.9377 37.9135 37.8819 37.842 37.794 37.7393 37.6806 37.6219 37.5677 36.1186 36.0911 35.3351 35.3169 35.2998 35.2845 35.2715 35.2608 35.2522 34.1771 34.1469 34.1214 34.1003 34.0828 31.4472 29.4036 26.8373 26.7849 23.7924 21.9858 21.063 21.0569 20.7547 20.7489 20.2238 17.5331 15.418 15.408 15.3989 15.3908 15.3835 15.377 14.0694 14.0623 14.056 10.8294 10.82 10.8114 10.8036
39.6839 39.4015 39.6575 39.6582 39.4576 39.6519 39.4341 39.4354 39.2246 39.8954 39.9039 39.6485 39.6534 39.6594 39.1316 38.3829 38.3814 38.377 37.9729 37.9494 37.9163 37.8721 37.8161 37.7494 37.6757 37.601 37.5324 36.1176 36.0839 35.3394 35.3165 35.2956 35.2778 35.2632 35.2519 34.1915 34.1536 34.1223 34.0967 34.0761 29.4707 29.3982 26.8304 26.7697 24.3536 21.9875 21.0648 21.0578 20.7552 20.7486 20.2233 17.5337 15.4207 15.4093 15.3992 15.3901 15.382 15.3748 14.0673 14.0596 14.0528 10.8288 10.8186 10.8093 10.8009 9.2615
39.6847 39.6829 39.4019 39.6576 39.6584 39.4582 39.6517 39.4347 39.4361 39.2267 39.8908 39.9004 39.6481 39.654 39.6613 38.8412 38.6205 38.404 38.3989 37.9954 37.9628 37.9152 37.8504 37.7685 37.6738 37.5756 37.4862 36.1152 36.0731 35.3432 35.3138 35.2882 35.2675 35.2517 34.2109 34.1622 34.1227 34.0913 34.0666 29.4782 29.3909 26.8215 26.7503 24.3466 21.9899 21.0671 21.0589 20.7559 20.7482 20.2226 17.5344 15.4239 15.411 15.3995 15.3893 15.3802 15.3723 14.0648 14.0564 14.049 10.828 10.8169 10.8069 10.7978 9.2596 9.2523
39.6857 39.6838 39.6817 39.4025 39.6578 39.6587 39.6528 39.6515 39.4353 39.4371 39.2292 39.8847 39.8955 39.6472 39.6543 39.1279 38.8528 38.6432 38.4349 38.4293 38.0252 37.9772 37.9042 37.8033 37.6787 37.5447 37.4231 36.1102 35.3872 35.3453 35.3067 35.2754 35.2522 34.2382 34.1735 34.1224 34.0829 34.0529 29.4877 29.3805 26.8095 24.3746 24.3377 21.9934 21.0701 21.0603 20.7566 20.7477 20.2217 17.4492 15.4278 15.413 15.3999 15.3883 15.3781 15.3693 14.0619 14.0526 14.0446 10.8269 10.8148 10.8039 9.266 9.2573 9.2495 10.3144
39.6869 39.6848 39.6825 39.4003 39.4032 39.658 39.6591 39.6528 39.6512 39.4361 39.4382 39.2325 39.8762 39.8884 39.6455 39.6542 39.1338 38.8673 38.6743 38.4796 38.1082 38.0664 37.9897 37.8675 37.6996 37.5072 37.3329 36.1002 35.4032 35.3427 35.2913 35.254 35.2295 34.189 34.1205 34.0695 34.0325 29.5 29.3656 26.7933 24.3708 24.3262 22.5592 21.074 21.0622 20.7576 20.7471 20.2206 17.4515 15.4327 15.4155 15.4004 15.3872 15.3757 15.3657 14.0583 14.0481 10.8403 10.8255 10.8122 10.8003 9.2639 9.2545 9.2461 10.3146 15.299
39.3476 39.6861 39.6836 39.681 39.4007 39.4041 39.6584 39.6597 39.6527 39.4349 39.4371 39.4397 39.2368 39.0004 39.8778 39.6423 39.6532 39.1404 38.886 38.9372 38.5488 38.1929 38.126 37.9876 37.7593 37.4654 37.1955 36.0813 35.4201 35.3276 35.26 35.2192 34.211 34.1152 34.0472 34.0008 29.5163 29.3435 26.7706 24.3659 24.311 22.5579 21.0792 21.0646 20.7588 20.7463 20.2191 17.4544 15.4388 15.4186 15.401 15.3858 15.3727 15.3615 14.0538 14.0426 10.84 10.8235 10.8089 10.7959 9.2613 9.2511 9.242 10.315 15.3014 15.355
39.3493 39.3476 39.6851 39.6821 39.679 39.4013 39.4053 39.6589 39.6605 39.6526 39.4357 39.4384 39.4417 39.3217 39.0062 38.99 39.636 39.65 38.8555 38.9104 38.9883 38.667 38.3399 38.2147 37.9175 37.4379 36.9698 36.0484 35.4269 35.2799 35.1996 34.2432 34.1022 34.0079 32.1126 29.5383 29.3097 24.9727 24.3593 22.9885 22.9734 21.0863 21.068 21.0529 20.7451 20.7329 18.5109 17.0006 15.4226 15.4019 15.3842 15.3691 15.3564 14.0484 14.036 10.8394 10.821 10.8048 10.7906 9.258 9.2469 9.2371 10.3156 15.3045 15.3632 20.3783
39.1541 39.3495 39.3474 39.6837 39.6801 39.6763 39.402 39.407 39.6596 39.6616 39.6524 39.4366 39.4401 39.4443 39.3252 39.0141 38.9924 39.6113 39.1003 38.8598 38.9426 39.0753 39.0914 38.8871 38.3215 37.5348 36.3103 35.7536 35.3628 35.1516 34.9105 34.0719 33.934 31.1555 29.5686 29.2558 24.9876 24.8779 22.9855 22.9659 21.0963 21.0728 21.0536 20.7435 19.6976 18.5127 17.003 15.4277 15.4031 15.3822 15.3646 14.0582 14.0417 13.6735 10.8382 10.8176 10.7996 9.2677 9.2539 9.2418 10.3018 10.3164 15.3085 15.3729 21.4813 25.8969
39.1594 39.156 39.3497 39.347 39.6818 39.6774 39.211 39.4031 39.4093 39.6608 39.6352 39.4341 39.4378 39.4424 39.448 39.0778 39.0255 38.995 38.7095 39.0648 38.8459 38.9801 39.2534 39.5064 39.3196 38.1395 36.1128 35.6736 34.9672 34.7505 33.7777 32.7334 31.8865 30.4635 27.977 26.1191 24.8581 22.982 22.9554 21.6542 21.0798 21.0548 20.7412 19.698 19.1581 17.0063 15.4346 15.4046 15.3797 15.359 14.052 13.6774 13.6673 10.8364 10.8131 10.793 9.2639 9.2487 9.2355 10.3013 15.2346 15.3136 15.3847 21.4964 25.9019 30.9769
39.1654 39.1622 39.1582 39.3496 39.3463 39.6791 39.6737 39.212 39.4047 39.4126 39.6626 39.6343 39.4344 39.4393 39.4456 39.4536 39.0931 39.0757 38.7551 38.653 38.8017 38.7558 38.9656 39.7099 42.0249 39.1031 36.5049 34.8833 34.2295 33.5123 32.7189 31.7554 29.5907 26.3594 26.1119 24.8287 23.2654 22.94 21.6593 21.0905 21.0567 20.7377 19.6986 19.1579 17.0108 15.4439 15.4068 15.3764 15.3518 14.0437 13.671 10.8646 10.8336 10.8071 10.7846 9.2589 9.242 9.2276 10.3009 15.2321 15.3202 15.399 26.9408 25.9078 30.9813 30.9893
39.1722 39.1694 39.1657 39.1608 39.3494 39.3451 39.6754 39.6686 39.2133 39.4071 39.4174 39.5175 39.6325 39.4346 39.4414 39.4506 39.352 39.1169 39.0886 38.8025 38.2272 37.9278 38.3657 38.3872 38.8532 38.0449 37.0335 34.484 33.4976 31.8575 31.2131 28.9776 27.4135 26.1118 23.3744 23.2571 22.9156 22.0695 21.1078 21.0598 20.7322 20.0017 19.1576 17.0172 15.4569 15.4099 15.3722 15.3423 13.6796 13.6628 10.8654 10.8294 10.7991 10.7737 9.2522 9.2335 10.2776 10.3007 15.2298 15.3287 15.4164 26.9431 25.9147 30.9867 33.7132 28.9387
39.0783 39.1775 39.1743 39.1698 39.1639 39.0242 39.3429 39.67 39.206 39.2152 39.4108 39.444 39.522 39.6293 39.4344 39.4444 39.4591 39.3691 39.158 39.1049 38.776 38.1976 37.7868 37.7528 37.2537 36.8001 35.0981 32.5581 31.0499 30.1246 29.6155 28.2948 26.1488 24.4439 23.2503 22.4321 22.0702 21.8774 21.0656 20.7233 19.9972 19.1575 17.027 16.9938 15.4145 15.3665 15.3296 13.6718 13.6519 10.8655 10.8231 10.7881 9.2684 9.2432 9.2224 10.2743 10.3007 15.2279 15.3395 19.8602 26.946 27.0209 30.9932 33.7166 28.9646 28.8787
39.0844 39.0847 39.0843 39.1805 39.1751 39.1676 39.0271 39.3392 39.6619 39.2056 39.2181 39.417 39.4533 39.6425 39.6225 39.4328 39.4489 39.37 39.1944 39.2095 38.9469 38.5759 38.1227 37.5602 35.7311 34.7796 33.1621 32.5252 30.1445 29.6051 27.9553 26.8222 24.608 23.2517 22.4222 22.0728 21.8754 21.0769 20.5092 19.9896 19.1576 18.0685 16.996 15.4215 15.3585 15.3117 13.661 13.637 10.8643 10.8138 10.773 9.2597 9.2311 9.2079 10.2707 10.3013 15.2266 15.3536 19.8802 26.95 27.0341 31.0011 33.7209 34.8908 28.8994 28.7535
39.091 39.0921 39.0926 39.0924 39.1885 39.1818 39.1721 39.0301 39.0098 39.6491 39.205 39.2229 39.4471 39.4693 39.5093 39.6074 39.3158 39.4559 39.3293 39.3474 39.3978 38.6837 38.1063 37.2513 35.0714 34.0446 31.7663 30.3428 28.892 28.3283 27.1049 25.6027 23.4241 22.4303 22.3734 21.8697 21.101 20.5113 19.9756 19.1583 18.0762 16.9999 15.4328 15.3467 13.6869 13.6455 13.6162 10.8608 10.7997 10.7517 9.2471 9.2144 6.4768 10.2666 10.0913 15.2263 19.7658 19.9056 26.9552 27.0504 31.0108 33.7264 34.8926 28.9251 28.7671 21.1722
39.3563 39.1001 39.1018 39.1029 39.1029 39.1013 39.1909 39.1778 39.0328 39.004 39.1865 39.2038 39.2314 39.4635 39.541 39.5101 39.5684 39.2824 39.3287 39.4004 39.6358 38.0954 37.3944 35.6534 34.8707 32.436 31.073 29.7936 28.5433 26.6845 25.3875 24.654 22.6967 22.2898 21.9331 21.7363 20.5268 19.9347 19.1609 18.0917 17.0073 15.452 15.3284 13.677 13.6221 12.5215 10.8533 10.7782 9.2044 9.2285 6.4955 6.4681 8.2817 10.0941 15.2273 19.7779 25.5024 26.9622 27.0708 31.0229 33.7336 34.8954 28.9571 28.7846 21.1992 20.7684
39.1401 39.1429 39.1117 39.1145 39.1165 39.117 39.1153 39.2034 39.185 39.0341 38.9912 39.1752 39.2013 39.2493 39.5011 39.5685 39.4962 39.2642 39.0597 38.8431 38.3426 37.2575 36.4485 34.4812 33.3111 31.6575 30.3996 28.3677 26.9975 25.9671 25.1856 23.6768 22.9529 21.7279 21.4394 20.6204 19.9133 19.1694 18.1289 17.0229 15.4872 15.298 13.6604 13.5845 12.5047 10.8384 9.2488 9.1846 9.2007 6.4856 6.4544 8.2807 10.0986 10.1405 19.7951 25.5058 25.6048 31.7055 32.2241 33.7429 34.8995 35.8932 28.8071 28.7003 20.7873 20.7049
39.0084 39.1515 39.1559 39.1271 39.1316 39.1353 39.1371 39.1353 39.1273 39.194 38.9239 38.9631 39.1522 39.1955 39.2968 39.5669 39.6194 39.2298 39.3823 38.7041 37.6262 36.3018 34.7792 33.4731 31.1685 29.9548 28.893 26.6063 26.2875 24.8636 24.0393 23.1765 22.7962 21.2143 21.0096 20.0162 19.1887 18.2396 17.0614 16.3339 14.7035 13.6303 12.5235 12.4744 10.8094 9.2314 9.151 7.8368 6.4676 6.4325 10.0433 10.1057 14.9639 19.8197 25.5115 25.6275 31.709 32.2341 33.7551 34.9055 36.0217 28.8364 28.7133 20.8119 20.7173 13.2238
38.6399 39.017 39.1659 39.1727 39.1479 39.1558 39.163 39.1677 39.1664 39.1535 38.9753 38.9092 38.9042 39.0969 39.1778 39.5365 39.843 39.4467 38.6476 37.7171 36.3204 34.799 32.7823 32.0976 30.162 28.213 26.9904 26.2211 24.9407 24.342 23.4096 22.5718 21.9044 21.1246 20.419 19.5436 18.7415 17.289 16.2055 14.7417 13.5698 12.4814 12.4143 10.0497 9.1942 6.521 6.4927 6.4355 6.2062 10.039 11.6048 11.692 22.9014 25.5207 25.6584 31.7135 32.2469 33.7713 34.9142 36.0233 28.9378 28.7314 20.844 20.7344 13.2484 7.3392
38.5956 38.641 38.952 39.1844 39.1951 39.2078 39.1705 39.2066 39.2189 39.2211 39.1966 38.9845 38.8518 38.6184 38.9541 39.0472 39.8173 38.8921 38.0261 36.2086 35.2864 33.5545 31.5651 30.3264 29.3938 27.453 26.1489 25.3386 24.0334 23.7002 22.8513 22.0424 21.0033 20.5534 19.1764 18.4704 17.1828 15.8892 14.8842 12.693 12.3598 12.2789 9.3429 9.1141 6.4991 6.4414 6.3777 6.1806 8.0368 11.6255 11.7314 22.8819 25.5354 25.7011 31.7195 32.2636 33.793 34.9266 36.0271 35.8655 28.7565 28.1992 20.758 13.7708 7.3669 7.3141
37.9143 38.5845 38.6386 38.7083 39.3157 39.2254 39.1956 39.2247 39.2605 39.3181 39.3371 39.2737 38.9213 38.5158 38.9185 38.4902 37.9991 37.4164 36.6825 34.967 34.0019 31.8181 30.3197 28.4227 27.8327 25.9457 25.2545 24.3638 23.7426 22.6003 21.8249 21.159 20.494 19.8635 17.7898 17.1614 15.5453 14.7532 13.0651 11.8923 10.9615 8.8235 6.7474 6.4193 5.7426 6.1083 7.8332 8.0689 11.6627 17.5712 22.8558 25.5588 25.7617 31.7275 32.2858 35.8442 34.9444 36.0341 35.8644 28.7915 28.2121 20.7906 13.7993 7.4002 7.3386 6.8406
37.8557 37.8945 37.9466 38.6297 38.6126 39.2086 39.3655 39.2554 39.3126 39.3982 39.5277 39.6551 39.3058 38.4387 38.3176 38.3979 36.6568 35.8303 34.8362 33.3398 31.3015 29.5482 28.8184 27.2002 26.8296 25.6911 24.5847 23.5098 23.4406 21.8776 21.4259 20.4823 19.2236 18.0883 17.3126 15.8975 14.1653 12.6407 10.9471 10.7581 8.9484 6.6465 6.1555 5.5585 5.9895 7.7918 8.1272 11.7304 16.0022 22.8196 25.597 25.85 31.7387 34.5017 35.8455 34.7582 34.9086 35.8655 28.8404 28.2326 20.8358 13.8362 7.4409 7.3683 7.304 6.7999
36.6498 37.8214 37.8631 37.9216 38.0041 38.6052 39.2199 39.4015 39.4694 39.4514 39.6722 40.2338 40.2064 38.1228 37.9009 37.2396 35.031 34.3163 32.7315 31.9202 30.8762 28.8252 28.1563 26.4438 25.0727 24.8644 24.1228 23.2819 22.2675 21.2861 20.1543 18.8885 18.4728 17.1364 15.4645 13.6276 11.9524 11.0141 9.8934 8.1336 5.711 5.257 4.9381 5.3281 7.7354 11.5105 11.8568 16.0167 20.7396 25.6605 29.8473 31.7552 34.5053 35.8472 37.0327 34.9303 35.9994 35.8181 28.2644 20.8989 13.8846 13.7692 7.4048 7.3285 6.8161 6.8867
36.6529 36.6717 36.6942 36.721 37.8802 37.9747 38.5744 38.4737 38.9156 38.8733 39.1615 39.5698 39.2002 38.7377 37.1341 35.8023 34.1252 32.9673 32.4271 30.7522 28.386 27.7222 26.274 25.6881 25.0022 23.902 23.0808 22.5178 21.2345 20.6764 18.6896 18.1026 16.6489 15.1966 14.1072 12.6697 11.4022 9.1026 8.2891 5.1427 2.5909 4.1782 5.1437 7.6741 11.5837 14.0331 16.0665 20.7751 28.9458 29.871 30.9165 34.5091 35.8493 37.0288 34.9643 36.0124 36.5919 28.3133 20.9883 20.7504 13.8082 7.4504 7.3585 6.8355 6.8968 6.8207
36.653 36.6738 36.6997 36.7323 36.7736 36.8245 36.8815 37.7025 37.8971 37.9371 37.9187 38.2184 37.9975 36.6832 34.4081 34.0458 33.2877 31.0382 30.0977 29.0558 27.9662 27.0018 25.4509 25.0775 24.4885 23.4928 22.3808 21.6688 20.4958 19.6188 18.2446 16.9597 15.7134 14.3178 12.5366 10.8284 8.9309 7.5441 5.0151 1.8325 0.8372 5.5134 6.3165 13.147 14.0669 16.222 20.8705 28.887 29.9117 31.4704 35.4467 35.8522 37.023 37.0518 36.0378 36.5913 29.5909 28.3984 20.8183 13.862 7.509 7.3961 6.8588 6.7685 6.819 6.7442
36.6495 36.6709 36.6986 36.7355 36.786 36.8568 36.954 37.0673 36.7205 35.7631 34.9426 34.9314 34.7433 34.4355 33.5734 31.3454 31.0715 30.3952 29.4529 28.0047 26.3747 25.2473 24.5839 23.8695 23.6706 22.38 21.5262 20.7956 19.3231 17.6031 16.4214 15.3268 13.9885 13.2018 12.2236 9.3452 7.3498 6.3893 3.0046 2.4384 5.3536 7.999 11.494 14.3721 17.5582 24.6339 27.5219 29.9894 34.0783 35.4384 35.856 37.014 37.0542 36.0853 36.6 36.4942 28.4528 20.9226 13.9386 7.586 7.4442 6.8876 6.7781 6.8156 6.7279 6.6564
36.3142 36.6623 36.6892 36.7261 36.7799 36.864 37.0066 37.251 37.2303 36.8077 35.2258 33.7877 33.9929 33.103 31.2763 29.7759 29.5605 28.3229 27.3509 26.4237 25.2833 24.1882 23.7938 23.2082 22.5186 21.7394 20.4174 18.9159 18.3728 16.0274 15.4977 14.5352 12.8429 11.5915 9.4941 7.1897 5.6053 2.4868 2.1296 6.0671 8.2061 10.4292 16.2213 20.5056 24.098 27.5363 30.1596 34.0859 35.4206 36.4112 36.9991 37.0584 36.1733 36.6283 36.4766 28.5493 21.5127 14.0511 13.802 7.5078 6.9239 6.7883 6.8092 6.7053 6.6225 1.525
36.2778 36.3126 36.3586 36.7021 36.7481 36.823 36.9682 37.3326 38.3618 37.5608 34.4391 32.9932 32.7513 31.1133 30.3866 29.0655 28.2293 27.6719 26.1664 25.4042 24.4294 23.9259 23.349 22.8205 22.0175 20.5443 19.4405 18.2258 16.2336 14.2676 13.1048 12.1151 11.7612 8.7997 7.9679 4.1311 2.1971 1.7594 3.8334 5.9525 12.2163 15.1677 19.5947 23.5853 27.8297 31.2448 34.0885 34.2162 36.3809 36.9717 37.0671 38.2403 36.6984 36.4696 28.7208 21.6715 14.2233 13.8861 7.5949 6.9709 6.7988 6.7983 6.6734 1.5266 1.5233 0.9999
36.2337 36.2591 36.2926 36.3382 36.4023 36.4958 36.7993 36.9529 37.3658 36.2443 33.8491 32.8497 31.9617 30.611 28.6505 27.9584 27.064 26.7873 25.9171 24.6802 23.54 23.241 22.0495 22.1652 19.8557 18.5191 18.2503 15.5217 14.5587 13.3428 12.3595 10.5313 8.5759 7.1391 5.9342 1.7151 1.5434 3.045 7.6447 11.3396 14.6504 21.3925 24.0054 28.855 31.6768 33.4679 34.4519 36.2907 36.4577 37.0885 38.2697 36.8594 36.4955 35.339 28.3479 14.5011 14.0232 7.72 7.4542 6.8086 6.6404 6.627 1.5249 1.5209 1.0003 1.0275
36.1839 36.1975 36.2148 36.2372 36.267 36.3079 36.3638 36.4307 36.8669 35.1963 33.1505 30.4312 29.4342 28.4507 27.4782 26.9319 26.1432 25.3889 24.5206 23.856 23.2213 22.5353 21.1899 19.8825 18.5189 17.5701 15.4883 14.6976 12.2232 10.5392 9.7759 7.8053 6.186 4.1279 1.5885 1.58 4.8995 7.5319 10.3492 15.9566 20.5742 29.9697 27.8345 32.6314 33.3301 35.3399 35.9243 36.4685 37.1571 38.0094 38.927 36.6199 35.2949 28.3216 21.5678 14.2614 7.9108 7.5307 6.8153 6.5979 6.5577 1.5223 1.5176 1.0009 1.0283 1.2222
36.1312 36.132 36.1314 36.1281 36.1203 36.1054 35.367 35.6818 34.8855 32.2835 31.3505 29.5485 27.8656 27.4151 26.6212 25.8472 25.4424 24.5089 23.752 22.4796 21.5142 20.0293 19.5072 18.6848 17.3109 15.0566 13.4737 11.6365 9.056 8.6164 7.5772 4.9873 3.0017 2.8607 3.0548 3.917 5.7208 10.5473 16.8029 19.1867 22.9058 25.157 31.3808 33.553 34.9297 35.4339 36.1376 37.5073 38.1652 38.9624 37.026 35.3331 34.6574 21.9929 14.7125 13.8469 7.6428 6.8127 6.5231 1.5269 1.5183 1.1666 1.0018 1.0296 1.2219 1.2185
36.079 36.0674 36.0497 34.8477 34.8776 34.8983 34.8652 34.5658 32.0544 31.2372 29.023 27.2742 26.8593 26.1526 25.7726 25.0783 24.6855 23.9386 22.2195 20.9488 20.5069 19.243 18.4211 16.1608 15.4228 14.0385 12.0809 9.3208 7.7437 6.7897 5.944 3.9372 2.38 5.0123 5.9467 9.0897 14.1062 14.9237 20.3966 22.8008 27.3951 28.4013 32.8973 34.204 35.7235 36.3321 37.8167 38.5064 39.1099 39.0456 36.5846 34.4131 28.222 15.6763 14.1347 7.8183 6.784 6.385 1.5231 1.512 1.1659 1.2302 1.2309 1.2216 1.2173 1.2141
34.7198 34.7276 34.7323 34.7295 34.7092 34.6474 33.224 32.0136 31.3905 28.8229 27.1126 26.1643 25.6679 24.6123 23.4984 24.0103 22.7559 22.113 20.7818 19.9006 18.7667 17.3469 16.5912 15.5537 14.0937 12.0532 10.4727 7.6685 6.7962 5.4237 4.7357 4.8125 5.4645 8.5188 9.6558 14.3456 17.301 19.0159 23.14 26.6447 33.5555 31.4672 35.5175 36.5966 36.2222 37.2094 38.9559 39.3313 39.4845 38.527 34.7673 29.1549 22.171 14.8649 8.137 6.6782 6.113 1.3838 1.5011 1.1467 1.2326 1.4265 1.2214 1.2158 1.1224 4.1744
