normal_rasters/0772100000296760.ascii
ncols 55 
nrows 46 
xllcorner 158252.914001
yllcorner 383876.769012
cellsize 0.25
nodata_value -9999 
41.7036 39.2435 39.2244 31.3622 31.2607 31.1472 27.8886 22.9685 20.1205 18.8331 18.8607 18.8921 18.9274 18.9668 19.0102 32.8152 37.2802 41.8734 41.959 44.8931 44.8626 44.5631 43.9889 43.7603 43.2809 42.8818 42.8765 42.5642 42.5597 42.5541 42.5473 42.5395 42.5313 42.5233 42.516 42.4948 42.5 42.5057 42.5523 42.5584 42.5638 42.5683 42.572 42.5751 42.5549 42.6601 42.705 42.7075 42.7095 42.7112 42.8925 43.3145 43.3167 43.3185 43.8116 
41.7137 41.7011 39.2454 39.2237 31.3556 31.2395 31.1093 27.8274 20.1172 20.1088 18.8332 18.8656 18.9027 18.9445 18.9913 19.0429 32.8596 41.8193 41.9119 44.8904 44.8993 44.8654 44.5611 43.9878 43.7543 43.2695 42.8799 42.8728 42.5638 42.5575 42.5494 42.5399 42.5294 42.519 42.4952 42.4905 42.4973 42.5442 42.5525 42.5599 42.566 42.571 42.5749 42.5555 42.6601 42.7051 42.708 42.7104 42.7123 42.8941 43.3147 43.3172 43.3193 43.8131 43.8169 
41.7251 41.7121 41.6978 39.247 39.222 31.3451 31.2113 27.9457 27.7493 20.1043 20.0946 18.8344 18.8729 18.9172 18.9675 19.0238 27.2978 37.2124 41.8517 41.9654 44.8965 45.4588 44.8687 44.5573 43.9853 43.7444 42.8846 42.8768 42.5695 42.5625 42.553 42.541 42.5273 42.5134 42.4876 42.4849 42.4941 42.5433 42.5537 42.5625 42.5695 42.5748 42.6573 42.6603 42.7054 42.7089 42.7116 42.7138 43.3117 43.3151 43.318 43.3203 43.8152 44.3203 44.7857 
43.372 41.7246 41.7098 39.2732 39.248 39.2191 31.3291 31.1734 27.8788 22.5249 20.0886 18.7975 18.8371 18.8836 18.9374 18.9987 19.0674 27.3474 41.7747 41.8991 42.0407 44.9048 45.4608 44.7607 44.0102 43.9803 43.5486 42.8829 42.8719 42.5699 42.5589 42.5437 42.5252 42.5059 42.4769 42.4775 42.5278 42.5434 42.5567 42.567 42.5746 42.6569 42.6607 42.7059 42.7102 42.7134 42.8935 43.3118 43.3158 43.3191 43.8123 43.818 44.7831 44.7867 44.7898 
43.3788 43.3676 41.7235 41.7065 39.2775 39.2482 39.2144 31.3057 31.1225 27.7903 20.0833 20.069 18.7943 18.8425 18.8995 18.966 19.0419 23.4101 32.3633 41.8112 41.9692 45.1831 44.9164 45.4635 44.7613 44.0126 43.9703 43.3329 42.8798 42.8633 42.5688 42.5497 42.5238 42.4951 42.4609 42.4672 42.5241 42.5459 42.5627 42.5743 42.5818 42.6617 42.7071 42.7123 42.716 43.306 43.3121 43.3169 43.3207 43.8154 44.2807 44.7838 44.788 44.7914 44.7943 
43.816 43.3749 41.739 41.7215 41.7019 39.2817 39.2473 39.2072 31.2716 31.0533 27.6724 20.0616 20.0441 18.7921 18.8518 18.9232 19.007 19.1027 27.2996 36.7265 41.8698 42.0744 45.1926 45.4675 45.021 44.7597 44.0134 43.9503 42.8926 42.8738 42.5853 42.5623 42.5249 42.4789 42.4347 42.4525 42.5227 42.5538 42.5739 42.5855 42.6638 42.7093 42.7157 42.7199 43.3053 43.3129 43.3187 43.323 43.7699 44.2827 44.785 44.7898 44.7936 44.7968 45.0222 
43.8227 43.8127 43.37 41.7387 41.7184 39.3199 39.2854 39.2445 31.448 31.2223 30.9584 20.337 20.0335 20.0119 18.7919 18.8676 18.9592 19.0671 23.4257 32.295 41.7318 41.9646 45.1774 45.2079 45.4741 45.3635 44.7532 44.0096 43.3468 42.8934 42.8612 42.5887 42.5342 42.453 42.3832 42.4614 42.5303 42.5732 42.5933 42.6688 42.7139 42.7215 43.028 43.3049 43.3146 43.3216 43.7647 44.2781 44.7797 44.7867 44.7922 44.7966 45.0221 45.0245 45.0264 
43.8303 43.8201 43.3793 43.3439 41.7376 41.7139 39.3296 39.2884 39.2388 31.4257 31.1509 29.7909 20.305 19.9963 18.7169 18.7954 18.8942 19.015 19.1576 23.4576 32.4377 41.8023 42.1202 45.1895 45.4818 45.485 45.3199 44.1077 43.9917 43.3298 42.8936 42.8317 42.5701 42.4112 42.2773 42.4347 42.5705 42.614 42.6817 42.7237 42.7318 43.027 43.3052 43.3179 43.3264 43.769 44.2811 44.7808 44.7893 44.7958 45.0217 45.025 45.0276 45.0295 45.3244 
44.0648 43.8286 43.8167 43.3737 41.76 41.7354 40.1653 39.3399 39.2898 39.2288 31.3873 31.0465 25.0642 20.2608 18.9993 18.7019 18.806 18.9395 19.1043 23.4502 28.568 36.8278 41.9352 45.1594 45.2126 45.5002 45.7757 45.1117 44.4608 43.9356 43.2831 42.8905 42.6995 42.3091 42.0409 42.5418 42.6947 42.7205 42.7455 43.0827 43.2798 43.3073 43.3244 43.7561 44.2707 44.2863 44.783 44.7934 44.8009 45.0255 45.0291 45.0317 45.3253 45.3247 45.3242 
44.066 44.2282 43.8262 43.8122 43.3487 41.7607 41.7314 40.1773 39.3507 39.2885 39.2119 31.3236 28.3407 20.3512 20.1977 18.9332 18.6865 18.8304 19.0189 23.4349 23.5056 32.3487 40.3803 42.1855 45.1711 45.2606 45.7532 45.7505 44.9997 44.4578 43.7848 43.1976 42.8858 42.6772 42.6706 42.891 42.8386 42.8735 42.9523 43.2696 43.3139 43.7204 43.7622 44.2749 44.2953 44.787 44.7999 45.0256 45.031 45.0348 45.0373 45.3259 45.3251 45.3245 45.3238 
44.0674 44.0655 44.2271 43.823 43.3589 43.3451 41.7602 41.7251 40.1907 39.3614 39.2825 39.1837 31.2193 28.2129 20.3096 18.9478 18.5261 18.6734 18.8835 19.1642 23.4945 23.603 37.1586 40.6375 45.0935 45.2041 45.7484 45.8222 45.6793 44.8887 44.4196 43.6986 43.2134 43.247 43.0202 42.9562 42.9219 42.9873 43.3099 43.3918 43.541 43.7767 44.2849 44.7696 44.7947 45.0245 45.0336 45.0394 45.043 45.3279 45.3267 45.3257 45.3248 45.324 45.3077 
44.0495 44.0671 44.2283 43.8358 43.8184 43.3568 43.34 41.7582 40.2324 40.2055 39.371 39.268 36.9694 28.5216 28.0148 20.2444 18.8405 18.4493 18.6703 19.0001 23.4631 23.6124 29.6332 37.4569 41.2121 45.0648 45.3179 45.8582 45.7376 45.3583 44.6885 44.5101 44.2741 43.5666 43.2434 43.3225 42.7642 43.114 43.4011 43.5774 44.2321 44.597 44.7753 45.0191 45.037 45.047 45.0524 45.0551 45.3294 45.3277 45.3263 45.3252 45.3087 45.1431 45.1682 
44.051 44.0495 44.0666 44.2269 43.8332 43.8121 43.3536 41.7985 41.8498 40.2572 40.2213 39.3773 39.2379 36.8874 28.399 17.8811 20.1341 14.7898 18.3376 18.7014 19.2721 23.596 26.1393 36.7469 38.3354 43.5606 45.0312 46.0854 46.1153 45.8066 45.4129 44.8199 44.7586 44.5102 43.6091 43.185 43.2775 43.572 43.7708 44.2833 44.6082 44.6554 45.0404 45.0612 45.0702 45.0732 45.0733 45.3316 45.3291 45.3271 45.3104 45.259 45.1421 45.1668 45.3748 
44.0527 44.0512 44.0494 44.0657 44.225 43.8292 43.3707 43.3487 41.8015 41.8587 40.2871 40.2369 39.3751 39.1782 36.7382 28.1855 17.8889 17.3414 14.4962 18.1645 18.8538 23.4978 23.9884 29.6068 37.4145 43.0838 43.9356 45.2697 46.2221 46.0332 45.8697 45.6716 45.2088 44.8273 44.3269 43.5622 43.487 44.0887 44.1277 44.7158 44.923 45.0931 45.1104 45.1119 45.1075 45.3395 45.3348 45.331 45.328 45.3103 45.147 45.1405 45.1647 45.2052 45.152 
44.0548 44.0533 44.0514 44.049 44.2269 44.2224 43.8233 43.3693 43.3411 41.9075 41.8696 40.323 40.2491 39.3532 37.7877 35.012 26.8075 17.8738 14.5696 12.9917 17.059 23.1634 24.0026 27.1997 33.3718 40.4482 43.1759 43.8481 45.6769 46.4304 46.3023 46.1517 45.4447 44.867 44.5555 44.1917 44.3319 44.6727 45.0647 45.2288 45.2858 45.3115 45.3082 45.2992 45.3484 45.3398 45.3334 45.3138 45.2609 45.1452 45.1376 44.9964 44.9939 45.1522 45.3658 
44.0573 44.0558 44.0538 44.0512 44.1837 44.2244 44.2188 43.3956 43.3663 43.2845 41.9349 41.8833 40.3655 40.2482 39.2842 35.1921 27.7201 20.1784 18.0755 13.5842 12.1964 17.338 22.908 29.2861 30.6313 38.3612 41.8281 43.853 44.1035 45.8108 46.5678 46.7344 45.7546 45.257 45.3238 45.4695 45.0006 44.936 45.1923 45.3238 45.4427 45.3906 45.3466 45.3653 45.3476 45.322 45.3085 45.2302 45.1416 45.133 44.9974 44.9942 45.1524 45.3665 45.3724 
44.0602 44.0588 44.0568 44.0541 44.0505 44.1822 44.2208 44.249 43.3997 43.3607 43.2343 41.975 40.5281 40.4111 40.2063 37.8307 34.9714 32.191 23.7762 17.588 6.6157 8.4683 19.0724 22.853 29.8717 33.1441 38.7157 41.4647 42.2292 43.7843 46.1372 46.7684 46.3505 46.048 45.9655 46.0133 45.8739 45.4753 45.2858 45.4144 45.5486 45.4574 45.3948 45.3462 45.3168 45.2373 45.2237 45.0612 44.9934 44.9986 44.9945 45.1524 45.3676 45.3748 45.396 
44.0637 44.0625 44.0606 44.0578 44.0539 44.0489 44.1798 44.2515 43.7532 43.7498 43.4457 43.2386 42.0384 40.661 40.4387 40.0366 35.4283 32.4372 31.7124 25.9262 15.3858 4.0948 8.3086 23.9363 26.7673 30.2094 35.3275 38.5685 41.4342 43.9808 45.4116 46.7514 46.4699 46.2246 46.1683 46.0422 46.1526 46.0731 45.8473 45.499 45.4491 45.4127 45.3413 45.2504 45.2253 45.0771 45.0664 44.9972 45.0001 44.9944 45.1522 45.3693 45.3785 45.625 45.6302 
44.0677 44.067 44.0654 44.0627 44.0586 44.0528 44.1775 44.218 44.1025 43.764 43.7536 43.2762 43.2503 42.0395 40.8507 40.3511 39.4473 35.0681 31.8882 30.8241 26.4268 16.6635 6.1438 10.0361 23.3924 27.4631 31.4341 36.0911 38.2797 41.6053 43.8882 46.4876 46.1011 46.1674 46.1751 46.1528 46.1314 46.1613 46.1608 45.8675 45.5166 45.3088 45.225 45.1257 45.0966 45.0762 45.003 45.0017 44.9934 45.1515 45.3721 45.3991 45.6296 45.5621 45.565 
44.0724 44.0724 44.0714 44.0691 44.065 44.0585 44.0495 44.1715 44.2325 44.1066 43.8097 43.7155 43.3198 43.2899 42.2854 41.0469 39.7559 36.8596 34.1974 30.0991 27.3691 18.2419 9.1028 4.4003 13.8074 26.7132 29.5984 33.287 36.9377 38.1519 42.2955 44.6382 45.952 46.0985 46.1205 46.1268 46.1094 46.2171 46.1715 46.1553 45.5386 45.1994 45.1581 45.1513 45.0988 45.012 44.9917 44.9189 45.1492 45.3772 45.5537 45.5622 45.5675 45.5707 45.5724 
44.0777 44.0787 44.0788 44.0775 44.074 44.0672 44.0563 44.0413 44.2365 44.1049 44.1182 44.0846 43.7436 43.4471 43.5046 42.7684 41.5245 36.3851 34.8637 32.921 26.5697 21.8502 16.0927 10.5584 7.4767 19.6141 26.8549 31.068 33.9968 37.035 38.5239 41.6345 45.0103 45.8322 45.9529 46.0619 46.1054 46.1302 46.1334 46.1588 45.4511 45.2719 45.1734 45.1563 45.0193 44.9829 44.9113 45.121 45.312 45.5579 45.5698 45.5762 45.5793 45.8685 45.8723 
44.0835 44.0858 44.0877 44.0884 44.0866 44.0806 44.0681 44.0478 44.1462 44.0918 44.1225 44.2149 43.9752 43.6766 43.78 43.2532 42.3166 41.1167 34.9814 33.3032 30.4282 24.1219 19.8984 12.9687 6.6024 12.1298 21.5876 27.259 31.0435 33.7035 37.7075 38.91 42.7436 44.8083 45.8615 45.9318 46.0424 46.2893 46.1372 46.0862 45.8105 45.2946 45.1846 44.9676 44.9236 44.8299 45.2427 45.322 45.5667 45.584 45.591 45.8677 45.8737 45.8776 45.8801 
44.1006 44.0936 44.0979 44.1018 44.1039 44.1014 44.0894 44.0624 44.0213 44.0607 44.1081 44.1915 44.2426 43.9617 43.8137 43.6209 42.5412 41.4346 38.7145 34.044 30.7585 26.1845 22.575 16.1165 8.1193 7.9426 15.4557 24.4746 29.2414 31.0481 34.8754 38.7289 40.5575 43.8943 45.456 45.9316 46.0852 46.1836 46.1941 46.0667 45.7898 45.4528 45.0841 44.7265 44.8209 45.137 45.4998 45.5896 45.6149 45.8676 45.8778 45.8834 45.8864 45.888 45.8887 
44.1038 44.1104 44.1184 44.1171 44.1261 44.1328 44.129 44.0976 44.0282 43.8624 44.0471 44.2755 44.4149 44.2546 43.7409 43.5238 42.5262 41.4457 40.057 37.5733 34.3007 29.1893 25.4535 18.168 12.0577 6.8302 10.2621 18.5399 26.0688 29.0894 32.5667 36.6093 39.5731 41.6272 44.2233 46.4662 46.2075 46.1556 46.353 46.2047 46.0017 45.336 45.2653 44.8925 44.8646 45.3176 45.6764 45.6972 45.8936 45.8994 45.9011 45.9011 45.9002 45.899 45.8977 
44.106 44.1138 44.124 44.1377 44.1567 44.1826 44.2001 44.1901 44.0695 43.855 43.8869 44.2509 44.5999 44.4178 43.6985 43.358 42.271 41.8722 40.5334 38.3459 36.6642 32.8067 28.3935 23.2335 18.0666 8.6025 7.1685 12.0551 21.314 29.461 30.3373 35.4098 38.4927 40.5883 44.1547 45.9878 46.6435 46.7201 46.625 46.494 46.2094 45.5533 45.4315 45.1708 45.3661 46.0024 45.9871 45.9564 45.9433 45.9334 45.9255 45.9192 45.9141 45.91 45.9066 
44.1067 44.115 44.1265 44.1428 44.1678 44.2098 44.2891 44.4282 44.2119 43.936 43.9361 44.1278 44.3259 44.4542 44.547 42.9261 42.6656 43.2182 40.1158 38.799 37.5457 35.0434 32.2984 26.981 23.3009 18.1668 7.0822 5.0355 14.3331 23.9167 29.6005 32.3608 35.345 40.0801 42.5267 45.872 47.4645 47.3699 47.1669 46.9395 46.8781 46.1417 45.7674 45.6595 45.8313 46.0488 46.1311 46.1345 46.1382 46.1405 46.142 45.9358 45.9269 45.9202 45.9148 
44.1055 44.1136 44.1247 44.1405 44.165 44.2072 44.2936 44.5034 44.2303 43.8727 44.1204 44.4607 44.3489 44.4652 44.6901 43.9568 42.2317 42.2142 41.968 39.668 37.6899 36.2011 32.8576 30.3086 23.8345 17.4199 13.3683 7.3511 12.8715 16.4856 26.4085 30.5503 33.4992 37.9152 40.4451 42.8219 47.5732 48.1635 47.5303 47.4628 47.1384 46.9678 46.5074 46.4392 46.3333 46.3838 46.2857 46.192 46.1653 46.1559 46.1519 46.1499 46.1489 46.1483 46.148 
44.1239 44.1305 44.1391 44.1508 44.1673 44.1721 44.201 44.1924 44.0124 43.9349 44.3112 44.4466 44.3776 44.6948 44.8829 44.5115 44.0764 43.5127 43.1467 40.7251 38.3718 36.5799 34.5102 29.9783 28.101 18.1477 11.8573 7.3363 7.0187 17.5336 19.7681 27.4578 33.3106 35.5868 39.1755 42.1161 45.5838 47.8175 48.2192 47.7628 47.5626 47.0546 46.9545 46.6412 46.4929 46.3866 46.3104 46.2747 46.1814 46.1675 46.1602 46.156 46.1535 46.1519 46.1509 
44.1182 44.1227 44.128 44.134 44.14 44.1433 44.1544 44.1145 44.0826 44.1517 44.3718 44.4657 44.5382 44.6227 44.7263 44.6842 44.3123 44.5854 44.0025 41.6073 40.7645 37.1192 35.1906 31.6643 27.4957 25.5621 11.5391 7.5971 6.3231 9.2787 18.6119 22.7135 30.0068 33.7155 37.042 39.8166 42.5054 45.2476 48.1686 48.0468 47.6704 47.4023 47.2491 46.8814 46.545 46.3967 46.3783 46.2797 46.2637 46.1736 46.1658 46.1607 46.1573 46.155 46.1534 
44.112 44.1387 44.1402 44.1405 44.1381 44.13 44.1986 44.1536 44.1231 44.0673 44.212 44.476 44.532 44.5651 44.6189 44.6508 44.4401 43.928 43.8785 43.1251 41.4173 39.908 36.2456 34.2734 30.5455 27.1939 22.4445 9.6222 4.5684 4.4471 13.5505 19.7195 25.2631 32.1916 35.3259 37.4725 40.737 43.6298 46.0037 47.9938 47.961 47.5975 47.3658 47.297 46.7415 46.533 46.384 46.3732 46.2682 46.2593 46.1688 46.1638 46.1601 46.1575 46.1556 
44.1306 44.1306 44.1297 44.1271 44.3095 44.2947 44.3009 44.2877 44.3353 44.3778 44.8347 44.9097 44.7722 44.6797 44.678 44.5083 44.1366 44.088 43.8438 43.7532 42.463 40.8181 39.1908 35.6816 33.6624 29.2351 24.8109 17.6004 6.9081 4.0341 6.6169 13.589 23.1804 27.7317 32.1366 35.64 38.6781 41.9449 45.1177 47.7807 47.9487 47.8168 47.6983 47.3303 47.2274 46.5498 46.5333 46.3776 46.3708 46.2625 46.2568 46.2526 46.162 46.1594 46.1573 
44.3312 44.3286 44.325 44.32 44.3134 44.3429 44.496 44.4917 44.5182 44.6494 44.8356 44.8779 44.822 44.7732 44.7495 44.4775 44.0739 43.9824 43.8005 43.8074 43.9595 42.6786 40.3929 38.7362 35.6592 32.7185 26.8967 23.7417 11.9465 4.3187 4.4068 13.7322 19.4564 24.2628 29.9871 33.1089 35.9764 40.7636 42.8259 46.6756 47.9173 47.8675 47.7157 47.6937 47.255 47.134 46.6434 46.38 46.3741 46.2641 46.2592 46.2552 46.2522 46.1606 46.1586 
44.3317 44.3297 44.3272 44.5072 44.3632 44.5326 44.5368 44.5532 44.5963 44.6757 44.755 44.8108 44.8179 44.7879 44.7662 44.4095 44.0228 43.9912 43.9392 43.8745 43.8306 43.8437 42.521 39.7426 38.644 36.2808 28.9 24.1663 19.7391 9.1498 4.0771 4.3769 13.864 19.5506 24.827 31.2505 34.6335 36.2248 41.6797 44.0487 46.8579 47.8788 47.8567 47.7152 47.7034 47.2408 46.8883 46.6446 46.3761 46.372 46.2605 46.257 46.2541 46.2518 46.25 
44.3331 44.3319 44.5173 44.5488 44.5504 44.5552 44.5658 44.5865 44.6217 44.6687 44.7116 44.7597 44.8076 44.7893 44.6514 44.2296 44.0684 44.0838 44.1838 44.3843 44.4335 44.4321 43.4329 41.1435 38.7813 38.3363 31.8176 26.4219 24.0502 19.9258 5.4205 2.4916 9.1002 15.1241 22.0263 26.7753 30.4545 33.6555 36.7813 43.1343 44.4649 47.8813 47.8667 47.8561 47.7156 47.7083 47.1301 46.6632 46.6463 46.3738 46.3708 46.2581 46.2555 46.2533 46.2515 
44.5256 44.5239 44.5582 44.5603 44.5644 44.5717 44.5839 44.6028 44.6287 44.6587 44.6852 44.7012 44.7983 44.7866 44.6691 44.2258 44.1623 44.2039 44.3008 44.5318 44.5115 44.3447 43.4072 42.7768 40.6438 38.4079 32.8202 28.2897 25.9675 24.6696 19.4156 6.3453 2.0893 9.8967 18.6741 25.1328 26.9883 30.7585 33.4988 37.0015 43.8772 46.6482 47.8713 47.863 47.7235 47.7161 47.7112 47.118 46.6599 46.6479 46.3722 46.3699 46.2564 46.2544 46.2527 
44.5632 44.5643 44.5663 44.5697 44.575 44.5831 44.5946 44.6103 44.6294 44.6498 44.6676 44.6797 44.7907 44.7828 44.66 44.17 44.1943 44.3186 44.3766 44.4415 44.3555 44.1079 43.3099 42.2913 41.0003 40.3165 37.7869 33.7976 32.7855 27.126 23.0347 16.0186 4.1567 5.9229 12.4823 17.3277 22.3982 26.9822 30.7449 36.3053 39.6661 43.9479 46.6728 47.867 47.8619 47.7216 47.7166 47.4268 47.0898 46.6583 46.6493 46.3711 46.3693 46.2552 46.2536 
44.5685 44.5703 44.5731 44.5771 44.5828 44.5906 44.6008 44.6135 44.6278 44.6424 44.6552 44.6645 44.7041 44.7053 44.6552 44.186 44.3012 44.3298 44.3656 44.2968 44.2548 44.0253 43.8385 42.6589 42.1367 41.2025 40.4287 37.4909 33.7828 31.4672 25.7375 19.2285 8.4883 7.0868 10.1482 12.4252 18.3559 21.9721 30.1342 30.7553 34.0718 39.8316 44.0394 47.8695 47.8652 47.7253 47.7207 47.7171 47.4191 46.8652 46.6575 46.6505 46.3703 46.2557 46.2542 
44.5731 44.5754 44.5785 44.5828 44.5883 44.5955 44.6042 44.6144 44.6255 44.6364 44.646 44.6534 44.6945 44.6922 44.442 44.293 44.3099 44.3311 44.3545 44.2355 44.1944 43.9895 43.7267 42.1937 42.2953 42.318 43.0168 39.8492 36.0362 31.3851 30.1149 21.4187 16.1504 8.6276 9.634 11.1554 12.1779 18.2582 21.7198 30.3627 33.454 39.4255 39.9085 44.0788 47.8674 47.8644 47.7236 47.7201 47.4295 47.095 46.6641 46.6571 46.6516 46.3697 46.2547 
44.577 44.5795 44.5828 44.587 44.5922 44.5986 44.606 44.6143 44.623 44.6315 44.6389 44.6448 44.7466 44.683 44.3543 44.2995 44.3133 44.3292 44.2137 44.1956 44.1606 43.8154 42.9533 42.1668 42.3196 42.2924 42.753 40.9054 37.9048 33.3824 29.7503 25.3247 18.2228 15.8555 10.5041 10.592 11.4012 17.4095 18.1748 24.9158 30.495 33.6456 39.5981 39.9436 45.3309 47.8663 47.7257 47.7225 47.7199 47.4236 46.871 46.6625 46.657 46.6525 46.3693 
44.5802 44.5829 44.5861 44.5901 44.5949 44.6005 44.6068 44.6136 44.6206 44.6273 44.6333 44.6381 44.7422 44.6833 44.3532 44.303 44.3141 44.1971 44.1878 44.1698 43.8541 43.7718 42.0554 42.1054 41.4729 41.7234 41.659 41.0069 39.4599 36.347 31.9343 29.0868 18.9164 17.1439 15.3252 15.4318 10.9589 11.4291 17.5819 18.0988 24.9832 33.3177 33.7599 39.701 43.9761 45.3408 47.8657 47.7243 47.7218 47.7197 47.4197 46.8678 46.6616 46.6571 46.6533 
44.583 44.5856 44.5887 44.5924 44.5968 44.6016 44.607 44.6127 44.6184 44.6238 44.6287 44.7353 44.6918 44.6751 44.2965 44.3046 44.3137 44.1794 44.169 43.8686 43.8128 42.9419 41.9976 42.0229 41.2048 41.2742 41.1598 40.4148 39.5882 38.6764 32.2525 31.854 23.7779 17.7688 16.0468 15.4952 15.9171 11.0976 17.1814 17.6641 18.0323 25.0209 33.4944 33.8295 39.7645 41.2393 45.3439 47.8654 47.7233 47.7213 47.5297 47.4171 46.8655 46.6609 46.6572 
44.5852 44.5877 44.5907 44.5941 44.598 44.6023 44.6068 44.6116 44.6163 44.6209 44.6249 44.7329 44.6897 44.5825 44.2983 44.3052 44.172 44.1656 43.8724 43.834 43.7867 41.9342 41.9406 40.9115 40.9761 40.9777 40.5474 40.1562 39.6137 39.0275 36.7176 32.0816 23.8495 18.0527 17.277 15.9569 16.1547 16.1878 11.1436 17.3506 17.7014 17.9753 25.0419 33.6118 33.8728 41.0485 45.2687 47.8664 47.7244 47.7226 47.721 47.5263 46.8709 46.864 46.6605 
44.587 44.5894 44.5922 44.5953 44.5988 44.6025 44.6065 44.6105 44.6145 44.6183 44.7278 44.731 44.6827 44.5778 44.2992 44.3051 44.1616 44.0256 43.8445 43.8105 42.9251 41.8923 41.8899 40.775 40.7991 40.777 40.2748 39.9826 39.606 39.2038 38.846 34.0932 30.3038 18.1675 17.5527 16.2708 15.9346 16.3296 16.3502 17.1271 17.4511 17.7157 24.7931 33.4463 33.6919 39.679 41.0936 45.2803 47.8662 47.7236 47.7221 47.5319 47.5238 46.8688 46.8629 
44.5885 44.5907 44.5933 44.5961 44.5992 44.6025 44.6059 44.6094 44.6128 44.6161 44.7265 44.7294 44.8009 44.5742 44.2996 44.1579 44.0222 43.8492 43.8243 43.216 42.8925 41.8557 40.6343 40.6605 40.664 40.2452 40.0878 39.8632 39.589 39.2985 39.0302 34.3019 34.0004 26.4693 17.709 16.4784 16.1681 16.4564 16.442 16.4537 17.2632 17.5121 17.718 24.8487 33.5498 33.7478 40.9633 41.1238 45.2874 47.7244 47.723 47.5365 47.5289 47.522 46.8671 
44.5897 44.5918 44.5941 44.5967 44.5995 44.6024 44.6054 44.6084 44.6113 44.7228 44.7255 44.8056 44.7983 44.3567 44.2996 44.019 44.0045 43.8322 43.2365 43.1778 42.1318 41.8247 40.555 40.5665 40.5597 40.0885 39.9548 39.7782 39.5705 39.3519 39.145 36.4049 34.1731 26.6492 20.8433 17.439 16.3356 16.1156 16.5265 16.517 16.5229 17.3534 17.5496 17.7138 26.1739 33.6252 35.147 41.0113 41.1441 45.2914 47.7237 47.7225 47.5331 47.5267 47.5208 
44.5906 44.5926 44.5948 44.5971 44.5996 44.6021 44.6048 44.6074 44.61 44.7221 44.7245 44.8029 44.5807 44.511 44.016 44.0046 43.8367 43.2487 43.2024 42.1476 42.1001 41.7988 40.4868 40.4895 40.0525 39.9706 39.8572 39.7153 39.553 39.3831 39.2196 39.0745 34.2937 34.1071 21.0503 17.5382 16.4542 16.2516 16.5996 16.5765 16.5689 17.2303 17.4144 17.5726 17.7064 26.2497 33.6811 35.1992 41.0463 41.1578 45.2935 47.7232 47.5367 47.5306 47.525 