normal_rasters/0772100000296999.ascii
ncols 161 
nrows 154 
xllcorner 158408.477005
yllcorner 383854.386993
cellsize 0.25
nodata_value -9999 
[rows 0 to 30 of 154, columns 0 to 68 of 161]
15.2335 14.9334 14.9314 14.9293 14.9905 14.4599 14.4607 14.4616 14.4625 14.4635 14.4646 14.4657 14.4668 14.468 13.8051 13.8033 13.8013 13.799 13.7966 13.794 13.7911 12.4247 12.4211 12.4168 12.412 12.4067 12.4009 11.4791 11.4726 11.4655 11.4578 11.4496 13.4021 14.6694 15.6562 13.7191 13.7192 13.7193 13.7192 11.0341 11.0237 9.9389 9.8872 6.386 6.2318 6.1801 1.9164 1.9092 1.5703 1.569 1.5291 1.4805 1.4946 1.4967 1.499 1.5015 1.5562 1.5559 1.5556 1.5552 1.5362 1.5357 1.511 1.5097 1.5084 1.507 1.5057 1.5045 1.5035
15.2353 15.2331 14.9331 14.9309 14.9286 14.9896 14.4603 14.4612 14.4621 14.4632 14.4643 14.4654 14.4666 14.4679 13.8077 13.8058 13.8038 13.8015 13.799 13.7963 13.7933 12.4318 12.428 12.4236 12.4185 12.4129 12.4067 12.3999 11.4808 11.4731 11.4647 11.4558 11.4464 13.4002 18.297 13.7203 13.7206 13.7208 13.7209 13.7208 11.0389 10.4933 9.9354 9.8752 6.3846 6.2239 6.1624 1.9149 1.9063 1.5698 1.5292 1.5287 1.4809 1.4954 1.4979 1.5008 1.5458 1.5561 1.5558 1.5553 1.5367 1.536 1.5119 1.5104 1.5087 1.5071 1.5055 1.5041 1.5029
15.2372 15.235 14.935 14.9328 14.9304 14.9279 14.9886 14.4607 14.4617 14.4628 14.4639 14.4651 14.4664 14.4678 14.4692 13.8087 13.8066 13.8042 13.8016 13.7988 13.7957 12.4395 12.4356 12.4309 12.4256 12.4196 12.413 12.4057 11.4897 11.4813 11.4721 11.4624 11.4522 15.9752 18.3013 17.0988 13.722 13.7224 13.7227 13.7228 13.7226 11.0445 10.4931 9.9299 9.859 6.3817 6.2125 5.4676 1.9129 1.9025 1.5691 1.5287 1.5281 1.4815 1.4965 1.4998 1.546 1.5564 1.556 1.5555 1.5374 1.5365 1.5355 1.5111 1.5091 1.507 1.5051 1.5034 1.4481
15.2392 15.237 15.2346 14.9348 14.9324 14.9298 14.927 14.4602 14.4612 14.4623 14.4635 14.4648 14.4661 14.4675 14.469 13.8117 13.8096 13.8072 13.8046 13.8016 13.7983 13.7947 12.4438 12.439 12.4334 12.4271 12.4199 12.4121 11.4994 11.4902 11.4802 11.4696 11.4583 16.2586 17.3168 17.1086 17.094 13.7241 13.7246 13.7249 13.725 13.7248 11.0508 10.4918 9.9216 6.4281 6.3764 6.1962 5.4309 1.9102 1.5704 1.5682 1.5279 1.5272 1.4823 1.4981 1.5025 1.5466 1.5564 1.5558 1.555 1.5372 1.5359 1.5121 1.5094 1.5068 1.5044 1.5024 1.4476
15.2415 15.2393 15.2369 15.2343 14.9345 14.9319 14.929 14.926 14.4606 14.4618 14.463 14.4643 14.4657 14.4672 14.4688 14.4705 13.8129 13.8105 13.8078 13.8047 13.8013 13.7975 12.4529 12.4479 12.442 12.4352 12.4276 12.4191 11.51 11.5 11.489 11.4773 11.4649 16.2865 16.0441 17.1201 17.1049 17.0881 13.7265 13.7271 13.7275 13.7277 11.0741 11.0579 10.4884 9.9093 6.431 6.3672 5.5042 5.3792 1.9064 1.5697 1.5667 1.5268 1.4679 1.4837 1.5007 1.5469 1.557 1.5563 1.5553 1.5381 1.5364 1.5133 1.5098 1.5064 1.5033 1.4515 1.4464
15.2439 15.2417 15.2393 15.2366 15.2338 14.9342 14.9312 14.9281 14.9247 14.4612 14.4624 14.4638 14.4653 14.4669 14.4685 14.4703 13.8166 13.8141 13.8113 13.8081 13.8046 13.8006 12.4628 12.4577 12.4515 12.4443 12.4361 12.4269 11.5218 11.5107 11.4986 11.4856 11.4719 11.4578 16.3211 16.2196 17.1178 17.1003 17.0806 13.7294 13.7302 13.7308 13.7309 11.0858 10.5343 10.4821 9.891 6.4325 6.352 5.4638 5.305 1.901 1.5686 1.5646 1.5252 1.4689 1.486 1.5473 1.5481 1.5571 1.5558 1.5395 1.5372 1.515 1.5101 1.5054 1.4958 1.4502 1.4441
15.3948 15.2443 15.2419 15.2393 15.2364 15.2332 14.9337 14.9305 14.927 14.9232 14.4617 14.4632 14.4647 14.4664 14.4682 14.4701 14.4721 13.8181 13.8152 13.812 13.8083 13.8041 12.4738 12.4685 12.4621 12.4544 12.4455 12.4355 11.5347 11.5225 11.5091 11.4947 11.4794 11.4637 16.2785 16.2347 17.1329 17.1148 17.0942 17.071 13.733 13.7341 13.7349 13.735 11.0999 10.5361 10.4711 7.0075 6.431 6.3268 5.4021 5.1958 1.8929 1.5667 1.505 1.4648 1.4706 1.4903 1.5489 1.5586 1.557 1.5542 1.5382 1.5174 1.5103 1.4983 1.4564 1.4471 1.4401
15.3975 15.3952 15.2448 15.2422 15.2393 15.2361 15.2326 14.9332 14.9296 14.9257 14.461 14.4624 14.464 14.4658 14.4677 14.4697 14.4719 13.8225 13.8196 13.8163 13.8124 13.8081 13.8032 12.4806 12.4738 12.4657 12.4561 12.4452 11.5492 11.5356 11.5206 11.5045 11.4875 11.4699 16.3009 16.4138 17.1507 17.1322 17.1109 17.0864 17.0586 13.7376 13.7391 13.7401 13.7402 11.1173 10.5353 10.4525 7.0229 6.424 6.2844 5.3056 1.8143 1.4948 1.5636 1.5016 1.4646 1.4741 1.5387 1.5521 1.5598 1.5555 1.5395 1.5217 1.5056 1.4953 1.452 1.4411 1.4338
15.4825 15.3982 15.3957 15.2454 15.2424 15.2392 15.2357 15.2318 14.9325 14.9285 14.9241 14.4616 14.4632 14.4651 14.4671 14.4692 14.4715 14.474 13.8244 13.8211 13.8171 13.8126 13.8074 12.4941 12.4871 12.4784 12.468 12.4561 11.5653 11.5502 11.5334 11.5152 11.496 11.4763 11.4565 16.3708 16.2845 17.153 17.1311 17.1055 17.076 17.0423 13.7434 13.7455 13.7469 13.7469 10.6164 10.5297 10.4214 7.0404 6.406 6.211 5.1499 1.8036 1.475 1.5577 1.4947 1.4644 1.4819 1.5449 1.5661 1.5618 1.5404 1.5289 1.5017 1.4597 1.442 1.4305 1.3487
15.4826 15.4834 15.399 15.3963 15.246 15.2427 15.2391 15.2352 14.9358 14.9316 14.927 14.9221 14.4623 14.4642 14.4663 14.4686 14.471 14.4737 13.8298 13.8264 13.8224 13.8177 13.8123 12.5092 12.5019 12.4927 12.4815 12.4684 11.5835 11.5665 11.5475 11.5269 11.5052 11.4829 11.4606 16.3196 16.3101 17.1775 17.1556 17.1294 17.0982 17.0618 17.0201 13.7511 13.7542 13.7561 13.7558 10.6308 10.5154 10.3693 7.0593 6.3651 5.3445 1.8328 1.7836 1.4731 1.453 1.4457 1.4645 1.4994 1.5618 1.5801 1.5471 1.5233 1.4735 1.4427 1.423 1.2889 1.269
14.6736 15.4835 15.4844 15.3999 15.3969 15.2466 15.243 15.239 15.2346 14.9353 14.9305 14.9253 14.9196 14.4631 14.4653 14.4677 14.4704 14.4733 14.4764 13.8325 13.8284 13.8235 13.8179 12.5262 12.5188 12.5091 12.497 12.4825 11.6041 11.5849 11.5632 11.5397 11.5149 11.4896 11.4644 16.3378 15.8838 15.0218 17.1852 17.1588 17.1266 17.0878 17.0421 16.2962 13.7617 13.7663 13.769 11.2524 10.6441 10.4847 7.2248 7.0763 6.2742 5.108 1.8226 1.7458 1.4653 1.3824 1.3531 1.4688 1.5406 1.5618 1.5406 1.463 1.405 1.3706 1.3265 1.2595 1.1795
14.0992 14.6758 15.4846 15.4856 15.4009 15.3976 15.2474 15.2433 15.2388 15.2338 14.9345 14.9291 14.9231 14.4618 14.4641 14.4666 14.4695 14.4726 14.476 13.8392 13.8352 13.8303 13.8244 13.8175 12.5381 12.5279 12.5147 12.4988 11.6278 11.6058 11.5808 11.5537 11.5252 11.4963 11.4676 11.4399 16.4611 15.0569 15.0464 15.0308 17.1627 17.1223 17.0728 17.0137 13.002 13.7768 13.7841 13.788 12.7918 10.6525 10.4225 7.3162 6.6011 6.0644 2.1487 1.7974 1.5015 1.4298 1.3183 1.3783 1.4724 1.5233 1.4431 1.4044 1.3566 1.272 1.2323 1.1549 1.0941
14.0905 14.1012 14.6783 15.4858 15.4869 15.402 15.3983 15.2482 15.2437 15.2386 15.2328 14.9335 14.9272 14.9203 14.4626 14.4653 14.4683 14.4716 14.4753 14.4793 13.8429 13.8379 13.8319 13.8246 12.5602 12.5496 12.5354 12.5177 11.655 11.6297 11.6007 11.5691 11.5361 11.5026 11.4699 11.4385 16.4 15.0958 15.0893 15.0777 15.0591 17.1675 17.1154 17.0502 16.9714 13.0445 13.7999 13.8122 13.5438 13.0273 10.6466 10.3004 7.4273 6.5307 5.1821 2.1188 1.7516 1.5229 1.2716 1.25 1.397 1.3217 1.2745 1.2947 1.2465 1.1926 1.1393 1.0892 1.0599
14.0808 14.0916 14.1036 14.6813 15.4872 15.4885 15.4033 15.3992 15.2491 15.244 15.2382 15.2315 14.9321 14.9248 14.9168 14.4636 14.4668 14.4703 14.4743 14.4787 13.8517 13.8468 13.8407 13.8331 12.5857 12.5749 12.5597 12.54 11.6869 11.6574 11.6233 11.5861 11.5473 11.5084 11.4707 11.4352 16.3258 12.5881 15.1371 15.1312 15.1186 15.0963 18.4423 17.104 17.0145 16.9053 12.9714 13.0873 13.8609 13.6228 13.0097 10.6076 10.078 7.6412 6.1351 4.1107 1.9937 1.7788 1.3282 1.0828 1.1109 1.2099 1.2504 1.1701 1.1535 1.1097 1.0837 1.0406 1.1127
14.0702 14.081 14.093 14.1064 14.6848 15.4888 15.4903 15.4049 15.4002 15.0664 15.2443 15.2376 15.2299 14.9302 14.9217 14.9123 14.4648 14.4686 14.4729 14.4778 14.4832 13.857 13.8509 13.8432 12.6154 12.6048 12.5886 12.5666 11.7246 11.6898 11.6491 11.6047 11.5586 11.513 11.4694 11.4291 16.2503 12.4203 12.6301 15.1912 15.1871 15.1739 15.147 18.4495 17.0847 16.955 19.8983 13.0288 13.2093 13.9575 13.2261 12.9146 10.5386 8.4917 7.0362 2.9506 2.219 1.7902 1.4551 1.1749 1.0035 1.1085 1.157 1.1447 1.0508 1.0153 0.9933 1.0368 1.1561
17.6637 14.0691 14.0812 14.0947 14.1097 14.6891 15.4907 15.4924 15.4067 15.4014 15.0678 15.2447 15.2368 15.2278 14.9277 14.9175 14.4624 14.4663 14.4709 14.4762 14.4823 13.8688 13.863 13.8553 13.8454 12.6403 12.6233 12.5988 11.7699 11.7281 11.6789 11.625 11.5696 11.5156 11.465 11.4191 11.3786 12.6605 12.5392 12.6814 16.125 15.2644 15.2521 15.2197 18.4649 18.295 16.8475 16.6719 13.1182 13.2471 13.9652 13.2897 12.544 10.2565 8.8481 3.2596 2.8174 2.0603 1.3618 1.0291 0.9352 1.101 1.1055 1.0323 0.9891 0.9476 0.9245 1.0582 1.3878
17.6878 17.6533 14.0679 14.0814 14.0966 14.6754 14.6943 15.493 15.495 15.4088 15.4027 15.0693 15.245 15.2357 14.8951 14.9241 14.9119 14.4635 14.4683 14.474 14.4806 14.4883 13.8771 13.8698 13.8598 12.6829 12.6658 12.6385 11.8252 11.7743 11.7133 11.6468 11.5794 11.5148 11.4558 11.4038 11.3592 12.4749 12.2669 12.5631 12.7454 12.9728 18.7936 15.3692 15.3309 18.4984 18.2388 19.7347 16.4514 13.275 13.63 14.0026 13.0775 10.1247 8.6519 3.6305 2.4728 2.2621 1.6708 0.7446 0.6901 0.9552 1.0511 1.0218 0.9789 0.8774 1.0378 1.717 1.848
21.045 17.6798 17.6408 14.0665 14.0817 14.099 14.6789 14.7007 15.4957 15.4982 15.4114 15.4044 15.0711 15.0627 15.2341 14.9325 14.9192 14.9044 14.4648 14.4708 14.4781 14.4867 14.4967 13.8871 13.8776 12.7348 12.7185 12.6886 11.8943 11.8307 11.7535 11.6697 11.5862 11.5085 11.4397 11.3811 11.7003 8.8889 12.0361 12.2476 12.5854 12.8265 13.1378 18.8203 18.8651 15.5173 18.5752 18.138 14.9993 15.9119 13.6112 15.4573 13.1911 8.3978 5.9623 3.5407 2.9642 2.1744 1.7094 0.9699 0.6722 0.7054 0.9454 0.918 0.9887 1.1315 1.8816 2.0912 2.6378
21.0987 16.8498 16.8081 13.4239 14.0648 14.0821 14.1019 14.6834 14.7086 15.4991 15.5021 15.4145 15.4063 15.073 15.0629 15.2317 14.9288 14.9123 14.894 14.4665 14.4743 14.4839 14.4954 13.9077 13.8996 12.7983 12.7853 12.7534 11.9828 11.9012 11.8005 11.6922 11.5873 11.4932 11.4134 11.3485 11.6563 7.7752 10.6353 11.942 12.2046 12.5993 12.931 13.3795 17.2999 17.3875 19.02 18.7714 17.9449 14.4317 13.1033 14.05 12.8517 4.5068 3.4065 3.1479 2.7836 2.2642 1.5966 1.0074 0.7177 0.7993 0.9406 1.1947 1.4568 2.3483 2.5126 2.7757 3.4228
19.0555 21.0871 16.8438 16.7963 13.4207 14.0628 14.0827 14.1055 14.689 14.7185 15.5032 15.5069 15.4184 15.0853 15.0753 15.0628 15.2283 14.9231 14.9023 14.4607 14.4688 14.4792 14.4923 14.5084 13.9267 13.3275 12.8715 12.8398 12.7759 11.9914 11.8549 11.7112 11.5775 11.4637 11.3725 11.6666 11.5984 7.8052 5.8185 5.407 10.6956 12.1133 12.5863 13.0651 14.561 17.5417 17.732 17.8611 17.6682 13.7569 13.0331 9.6641 6.2489 3.6161 2.9163 2.5894 2.6585 2.27 1.4719 1.1673 0.7115 0.925 1.2312 2.1335 2.3253 2.6389 3.2807 3.6634 3.8416
23.2066 19.058 21.0727 16.8361 16.7814 13.4166 14.0604 14.0834 14.1101 14.6962 14.7311 15.5085 15.5131 15.4234 15.0903 15.0778 15.062 15.0422 14.9144 14.8875 14.4611 14.4719 14.4865 14.5054 13.9594 13.3819 12.9848 12.9597 12.8822 12.1102 11.9162 11.7194 11.5476 11.4117 11.3109 11.5906 10.0552 8.7293 5.275 5.2239 5.3941 10.3855 11.0863 12.4177 13.2219 14.9688 18.0878 18.6766 18.6857 17.3771 14.9996 8.9763 4.8767 3.8366 2.8872 2.2078 2.0988 2.1168 1.3845 0.8846 0.5676 0.8716 2.0749 2.3025 2.8415 3.4369 3.7662 3.9941 4.5674
23.2326 23.2023 19.0608 21.0546 16.8262 16.7627 13.4116 14.0575 14.0843 14.116 14.7056 15.1357 15.5153 15.4405 15.4298 15.0966 15.0807 15.06 15.0336 14.9005 14.3569 14.4613 14.4766 14.4982 14.5275 14.0034 13.1352 13.1342 13.042 12.2708 11.9778 11.7007 11.4814 11.3253 11.5817 10.0448 9.9157 9.3521 6.1875 5.2971 5.2224 5.3663 5.3225 10.3906 12.0 13.203 15.4942 17.8035 26.3709 12.3923 11.193 5.4968 4.7164 3.6353 3.109 2.0797 1.8125 1.6993 1.1568 0.7329 0.6732 1.6402 2.4991 2.8838 3.5546 3.6728 4.3483 4.7408 4.8793
23.2618 23.2319 19.093 19.064 21.0318 16.8133 16.7387 13.4051 13.4286 14.0856 14.0568 14.718 15.1456 15.5244 15.4514 15.4385 15.1047 15.0839 15.0557 14.7698 14.3432 14.3557 14.461 14.4837 14.5185 14.0597 13.6459 13.4021 13.3043 12.4907 12.015 11.6209 11.3528 11.1894 10.0284 9.8886 9.9615 9.3892 6.2993 6.2255 5.3313 5.2125 5.3007 5.2182 5.7614 10.5818 12.7684 14.1347 14.2278 8.8589 6.2521 5.2779 4.6717 3.9038 2.9476 2.2507 1.6906 1.5639 1.2052 1.0416 1.5135 1.982 2.7849 3.4401 3.8012 4.3673 4.7495 5.1027 5.6669
23.2945 23.2653 23.231 19.1016 19.0677 21.0025 16.7962 16.7075 13.1665 13.4244 14.0874 14.0663 15.1259 15.1587 15.5367 15.4663 15.4508 15.1157 15.0871 15.047 14.7512 14.2337 14.3522 14.4589 14.4955 14.5578 13.779 13.8243 13.7898 12.7622 11.9461 11.4134 11.1259 9.9994 9.8356 9.6553 10.3283 10.6332 6.8636 6.8301 6.2932 5.3895 5.1745 5.1252 5.0296 5.7446 6.7759 8.8308 7.7124 6.7932 5.8351 5.1124 4.3119 3.9105 2.9667 2.3482 1.7206 1.4217 1.1895 1.4354 1.7626 2.8683 3.4403 3.8903 4.4104 4.7375 5.1827 5.7013 5.9617
23.3306 23.3029 23.2697 23.2302 19.1121 19.0719 16.8666 16.7732 16.6662 13.1625 13.4187 14.09 14.0793 15.1345 15.1764 15.5542 15.5075 15.4689 15.1312 15.0898 14.7821 14.7156 14.235 14.3433 13.8113 14.5137 13.8071 14.4196 14.688 12.8482 11.5632 10.9825 9.9385 8.4425 9.6114 10.2779 10.4725 11.7224 10.2396 6.9507 6.9135 6.8221 5.4984 5.0248 4.5967 4.1858 6.7967 7.8165 7.5349 6.7005 5.552 4.9497 4.3591 3.7803 3.2355 2.3478 1.7865 0.7977 1.4641 1.8445 3.0395 3.5463 3.8086 4.5894 4.8747 5.3352 5.9414 6.152 6.7252
27.8331 23.3447 23.3134 23.2753 23.2293 19.1251 21.0982 16.8556 16.7418 16.6106 13.1576 13.1825 14.0263 14.0973 15.1461 15.2014 15.5799 15.5344 15.5168 15.1545 15.0894 14.7513 14.2362 14.2379 13.7892 13.7671 13.9626 13.998 14.229 11.9557 10.6388 9.7652 8.4859 8.9586 9.1407 10.4842 11.9401 11.9296 10.4414 8.8896 7.4729 7.0772 6.9572 5.6575 4.4634 3.3483 3.6213 5.2303 6.7429 6.3859 5.8985 4.926 4.3933 3.9193 3.4641 2.6772 1.8687 1.4119 2.3024 2.6811 3.4227 4.1894 4.6915 4.9239 5.5376 5.9984 6.3389 6.8029 7.2214
27.8257 27.8205 23.3622 23.3267 23.2828 23.2286 19.1417 21.0714 16.8391 16.6977 16.5339 13.1514 13.1833 14.0305 14.1233 15.1624 15.2383 15.5391 15.5775 15.3281 15.1923 15.0776 14.6765 14.2417 14.2456 13.3194 13.0339 13.0142 12.6041 9.9486 8.7976 8.6436 8.4137 9.1176 10.4711 10.9258 12.8158 14.358 10.7679 9.1343 8.6728 7.6018 7.5789 7.3223 5.2924 4.0177 3.1609 3.0214 5.4883 6.16 5.7949 5.3536 4.4239 3.9813 3.4894 3.0412 2.2152 2.3633 3.1788 3.5795 4.2705 4.7002 5.1107 5.7834 6.0798 6.3701 7.065 7.2488 7.6568
27.8183 27.8114 27.8052 23.3844 23.344 23.2928 23.2281 19.1632 21.033 16.8141 16.6343 16.4254 13.1434 13.1857 14.0368 14.5921 15.1864 15.1868 15.6038 15.6298 15.417 15.328 14.774 14.4052 13.9944 13.7594 12.9451 11.3216 8.7228 7.6783 7.9542 7.8265 8.8697 9.5871 10.6839 11.8738 13.0148 14.3944 13.5181 11.1026 8.9976 7.9803 7.8422 7.5524 6.4025 4.2426 3.1976 2.8735 3.0304 6.2848 5.7066 5.1967 4.8438 4.2575 3.6374 3.0824 3.1233 3.1161 3.6406 4.3198 4.6383 5.3575 5.8486 6.1712 6.7424 7.1146 7.3342 7.8198 8.3269
27.842 27.8024 27.7938 27.786 23.4131 23.367 23.3069 23.2284 19.1915 20.9768 16.7749 16.5401 13.0925 13.1329 13.1915 14.047 14.6153 15.2238 15.2549 15.4215 15.7686 15.6097 15.3771 14.4548 14.0037 13.8886 11.0633 8.8111 6.6098 5.27 5.9402 6.9953 9.04 11.9576 11.8543 12.6225 14.0765 14.4792 14.6649 13.1466 10.776 8.1381 8.6216 9.3824 5.9805 4.697 2.985 2.3056 2.7831 4.5617 5.2676 5.2223 4.8758 4.3016 3.826 3.6458 3.7529 4.1097 4.3987 5.0384 5.5695 5.7946 6.2388 6.7953 7.3506 7.4725 7.9163 8.3428 8.4827
27.8827 27.8287 27.7826 27.7715 27.7639 22.6093 23.3984 23.3271 18.0192 19.2297 20.8916 16.7112 16.3946 13.0632 13.119 13.2046 14.4901 14.3365 15.1732 15.3665 15.2778 15.8637 15.7394 15.15 14.1841 12.3499 9.1672 7.1259 4.4101 3.3111 3.2405 5.9141 7.3541 13.0608 12.757 13.3605 14.1303 14.573 14.9519 14.8398 13.9556 9.7883 7.9814 7.6714 7.0837 4.4838 3.4384 2.1977 2.2053 2.7561 4.8949 5.2589 4.9301 4.5765 4.4265 4.4032 4.5396 4.5169 4.9824 5.5866 5.963 6.3453 7.038 7.3038 7.5819 8.2034 8.3654 8.4842 8.7832
21.6119 27.8771 27.812 27.7573 27.7426 27.7379 22.6321 23.4426 23.3579 18.0958 19.6699 16.9653 16.6027 16.1603 13.0189 13.1007 13.2351 13.5051 14.3553 15.2035 15.1379 15.9326 16.8181 15.2967 12.8781 9.2098 7.7808 5.9446 4.4921 2.4932 2.3225 4.2169 7.6441 9.8015 13.3495 13.3594 14.0858 14.8711 15.1531 14.8386 14.6521 12.8319 9.9536 7.0366 6.4491 4.5538 3.8014 3.4041 2.649 2.4137 3.3449 5.1972 5.6672 5.1891 4.843 4.7938 4.9854 5.1496 5.6449 5.9955 6.5329 6.8877 7.279 7.8076 8.1578 8.5655 8.6441 8.8543 8.9503
