normal_rasters/0772100000302912.ascii
ncols 54 
nrows 64 
xllcorner 159152.51001
yllcorner 384392.724976
cellsize 0.25
nodata_value -9999 
[rows 0 to 36 of 64, columns 0 to 53 of 54]
48.6514 48.6537 48.6568 47.9802 47.9907 48.6802 48.6975 49.161 49.162 49.1625 49.1346 49.1196 49.1025 48.5173 48.4957 47.9035 47.8836 47.8597 47.8321 47.8017 47.8791 48.5397 48.5819 48.7822 48.8379 49.097 49.1324 49.1612 49.3332 47.9246 47.8991 47.8691 47.8368 47.804 47.7721 47.742 47.714 47.6885 45.0179 44.2683 44.1689 44.0808 44.0029 43.9342 43.8738 43.8206 43.7739 42.1155 42.0683 42.0267 41.99 38.8471 38.7752 38.7113
48.6479 48.65 48.6529 47.9789 47.9904 48.0029 48.6898 48.7105 49.1644 49.1654 49.1453 49.1291 49.1102 49.0888 48.5112 48.4835 47.904 47.8768 47.8446 47.8084 47.8663 47.8905 48.5671 48.7769 48.8463 49.1114 49.1539 49.3435 49.3448 47.9699 47.9361 47.8975 47.8572 47.8176 47.7801 47.7455 47.7142 45.0815 44.3268 44.21 44.1074 44.0179 43.9399 43.8721 43.8132 42.1553 42.0973 42.0468 42.0028 38.8798 38.7942 38.7188 38.6524 38.5939
48.1256 48.6458 48.6484 48.652 47.9892 48.0031 48.6799 48.7025 49.1669 49.1687 49.1695 49.1414 49.1207 49.0966 48.5311 48.5008 47.9301 47.8995 47.8616 47.8178 47.8493 47.8736 48.5451 48.7681 49.0674 49.1307 49.1823 49.3584 48.0582 48.0226 47.977 47.9268 47.8764 47.8285 47.7847 47.7454 45.1567 44.3947 44.2554 44.1348 44.031 43.9418 43.8654 42.2068 42.1338 42.0712 42.0174 41.9712 38.8178 38.7276 38.649 31.4444 25.2774 25.2254
48.1196 48.1294 48.6432 48.6465 48.6512 48.0021 48.019 48.6919 48.7198 49.1724 49.1742 49.1744 49.1347 49.1077 49.0765 48.5238 47.964 47.9298 47.8853 47.8317 47.6787 47.8486 48.5117 48.7531 49.0751 49.1573 49.2206 49.3775 48.135 48.0836 48.0208 47.9551 47.8921 47.8347 47.7841 45.2469 44.4738 44.3053 44.1617 44.0401 43.9376 43.8512 42.181 42.1014 42.0343 41.9776 38.8476 38.7378 38.6434 31.4402 25.2687 25.208 25.1557 25.1106
48.1125 48.1225 48.1341 48.6399 48.6442 47.9995 48.0184 48.0395 48.7089 48.7436 49.1799 49.1814 49.1534 49.1235 49.0877 48.5545 48.5098 47.9713 47.9191 47.8527 47.6864 47.6509 48.4708 48.7513 49.0849 49.195 49.3966 49.403 48.2298 48.1529 48.0651 47.9788 47.9007 47.8331 45.3565 45.1837 44.359 44.1856 44.0419 43.9232 42.2442 42.1399 42.0539 41.9827 41.9238 38.7499 38.6345 31.4336 25.2562 25.1846 25.1238 25.0721 17.3742 17.3558
48.104 48.1141 48.126 48.14 48.6357 48.6415 48.0158 48.0399 48.0667 48.7332 49.1863 49.19 49.1902 49.1456 49.1051 48.5954 48.5472 48.0289 47.9687 47.886 47.6999 47.6453 48.4031 48.7122 49.0972 49.2502 49.4323 48.4302 48.3464 48.2274 48.1035 47.9914 47.8968 45.4914 45.2687 44.4143 44.2016 44.03 42.3329 42.1903 42.0762 41.9845 41.9106 38.7639 38.6201 31.4234 25.2381 25.1524 25.081 20.2515 17.3806 17.3586 17.3395 17.3229
48.0941 48.104 48.116 48.1304 48.6258 48.6304 48.0103 48.0377 48.0691 48.1041 48.7691 49.2004 49.2035 49.1761 49.1311 49.0758 48.5996 48.1098 48.0433 47.9414 47.8052 47.6356 47.7243 48.5292 49.1109 49.4444 49.4874 48.6377 48.4839 48.2955 48.1227 47.9819 45.6586 45.3627 44.4648 44.1996 43.9932 42.2591 42.1008 41.9784 41.8835 41.8097 38.5963 32.3032 25.2112 25.1071 20.2701 20.2488 20.2312 17.3621 17.3391 17.3193 17.3024 17.2879
48.0825 48.092 48.1038 48.1182 48.1359 48.6168 48.6233 48.0314 48.0681 48.1106 48.1574 48.7449 49.2206 49.2204 49.1688 49.1071 48.6725 48.2238 48.1569 48.0369 47.8551 47.6205 47.6409 48.4175 49.1198 49.4976 49.5845 48.919 48.619 48.3255 46.8115 45.8626 45.4561 44.494 44.1585 42.3575 42.1245 41.9539 41.8286 41.7361 35.0574 32.2478 25.1703 20.3078 20.2738 20.2463 20.2239 17.3668 17.3385 17.3147 17.2945 17.2775 17.2631 17.251
46.5809 48.078 48.0892 48.1032 48.1208 48.4516 48.4517 48.4252 48.0613 48.1128 48.1727 48.2369 48.7891 49.2477 48.7204 49.1556 48.5634 48.6363 48.3267 48.2035 47.9825 47.6181 47.4177 47.7639 48.8374 49.5328 49.6693 49.2014 48.6556 47.1724 46.606 45.512 44.4582 42.5066 42.1346 41.8833 41.7131 41.5977 36.6641 23.9493 20.3876 20.3283 20.2814 20.2443 20.215 17.3733 17.3377 17.3083 17.2839 17.2638 17.2471 11.9508 11.9244 11.9012
46.5625 46.5936 48.0719 48.0851 48.1019 48.1233 48.4389 48.4403 48.0452 48.1069 48.184 48.2722 48.3594 48.851 48.7567 48.7431 48.6291 48.8098 48.5556 48.4939 48.199 47.7258 46.7524 47.8685 48.8492 49.2909 49.3639 49.0764 47.4972 46.6407 45.3984 44.907 42.0783 41.6827 41.4496 36.6046 36.4467 24.0172 20.4544 20.3648 20.2962 20.2438 20.2038 20.1733 17.3364 17.2993 17.2693 17.2451 17.2255 11.9671 11.9347 11.9067 11.8824 8.7193
46.5388 46.5707 46.6095 47.1658 48.0793 48.0991 48.4244 48.4177 48.3832 48.086 48.1845 48.3098 48.4422 48.3338 48.4497 48.7598 48.8071 48.9947 49.1201 48.5624 47.98 46.7944 46.5427 48.454 49.4016 46.6495 45.3726 45.9941 45.7744 44.6262 40.0928 39.4769 37.4158 32.679 27.0039 24.156 23.9715 20.4345 20.3263 20.2472 20.1895 20.1476 17.3342 17.2861 17.2484 17.2189 17.1958 11.9886 11.948 11.9134 11.8838 8.7269 8.7017 8.6798
45.5024 46.5408 46.5806 46.63 47.1795 48.0705 48.0927 48.3912 48.3803 47.6891 48.1586 48.3403 48.5684 48.5743 48.5884 48.5753 47.9916 48.5996 49.3813 48.0636 46.897 44.8166 43.7952 44.6894 45.0241 42.5228 40.3038 38.541 38.0477 33.1678 32.7922 30.1123 27.2478 26.9808 24.1235 20.5825 20.3917 20.2607 20.1709 20.1097 17.3302 17.2657 17.2172 17.1807 17.1534 12.0178 11.9656 11.9219 11.8851 8.7358 8.7051 8.6789 8.6566 8.6375
44.8305 44.8687 46.2905 46.593 46.658 47.1976 47.214 48.3679 48.3273 47.6406 47.7887 48.3167 48.7682 49.0288 48.7172 49.1285 47.6153 46.1715 45.4051 44.1642 39.9798 39.4322 40.2505 39.4965 40.379 38.1898 36.4507 34.4675 32.0728 30.1203 29.7989 27.306 26.9063 24.0313 20.5524 20.3028 20.1464 20.0492 19.9897 17.232 17.1678 17.1221 14.3081 14.2912 11.9898 11.9328 11.8859 8.7462 8.7081 8.6762 8.6495 8.6271 8.6083 5.6545
44.8171 44.858 44.9088 44.9712 46.3617 47.2036 47.223 47.2395 48.2816 48.1932 47.6858 47.7796 48.3872 49.8582 48.1047 47.9919 45.4013 43.2156 41.4912 39.8324 40.1137 38.3361 38.3681 36.3472 36.1971 33.249 33.6008 31.5549 29.2169 28.4351 27.3117 26.6893 21.026 20.4398 20.1162 19.9411 19.8496 17.1712 17.084 14.3446 14.3131 14.2896 12.0245 11.9474 8.8182 8.7583 8.7098 8.6702 8.6379 8.6114 5.6595 5.6428 5.6289 5.6173
44.796 44.8378 44.8919 44.9622 45.053 45.1679 47.2409 47.263 47.5444 47.4788 47.4869 48.0164 47.8513 47.2514 45.8586 44.7507 44.2334 41.6417 41.3101 39.2687 37.8266 37.389 35.3523 33.6724 32.4424 30.9739 29.2781 28.9643 27.636 26.4112 24.2769 20.9441 20.098 19.7149 19.5601 17.0498 14.4424 14.3698 14.3197 14.2849 14.2606 11.9677 8.8538 8.7724 8.7086 8.6582 8.6185 5.6687 5.6447 5.6254 5.6097 4.3662 4.6021 4.1835
43.183 44.8058 44.8594 44.9333 45.0362 45.1795 45.375 46.3581 47.3394 47.4655 46.6702 46.3054 46.0784 44.2472 43.8832 41.5219 40.6177 39.9005 39.8472 36.9851 36.1778 34.692 32.439 30.5456 30.8038 28.7159 26.8788 25.8312 24.7524 23.6053 20.189 19.2015 17.0047 14.7949 14.5644 14.4193 14.3287 14.2722 14.2368 11.9976 8.9046 8.788 8.7007 8.635 5.6866 5.6496 5.6209 5.5987 5.5814 4.356 4.169 4.1825 4.1939 5.8051
43.1118 43.2075 43.3349 44.8774 44.9817 45.1428 45.3965 45.8034 46.6708 47.011 46.45 46.4454 44.5618 42.3714 40.9198 39.6902 39.0081 37.7275 35.143 34.472 33.197 31.4852 28.8405 29.2198 26.8133 25.5942 24.6254 22.2757 21.0431 18.7864 17.3642 15.9009 14.8964 14.54 14.341 14.2352 14.1806 12.3519 8.9818 8.8026 8.677 8.5885 5.6619 5.6153 5.5813 5.5563 4.3379 4.3413 4.1646 4.1817 5.7911 5.808 5.822 5.8337
43.0186 43.0994 43.2105 43.3685 43.6011 45.0275 45.3014 45.8074 47.2535 47.8432 44.9097 44.8458 41.2605 40.6691 38.2326 37.6964 35.2824 33.575 33.0667 30.5644 29.5948 27.7639 26.5589 24.5404 23.5127 22.3824 20.6883 19.9525 18.6083 16.9212 15.9128 14.8733 14.3571 13.2233 13.0668 12.3481 10.1286 8.8053 8.6124 5.697 5.6092 5.5507 5.5117 4.3057 4.3126 4.1314 4.159 4.1812 5.7916 5.8127 5.8297 5.8436 5.855 5.8642
42.9055 42.9617 43.0408 43.1573 43.3395 43.6478 44.2315 45.6242 45.858 45.4022 42.7488 40.6126 39.7017 37.4157 36.0673 35.5144 33.5757 30.4136 29.6625 28.5836 27.1308 24.6988 24.206 23.534 20.4545 19.3369 19.4615 18.4433 15.5186 14.9204 13.2318 13.3363 12.8348 12.1652 12.1 7.4035 7.1154 5.6107 5.4884 5.4193 5.381 4.2555 4.2704 4.113 4.1517 4.1817 5.7937 5.8205 5.8416 5.8583 5.8714 5.8818 5.89 5.8964
39.0033 39.1359 42.8347 42.8833 42.9603 43.0949 43.3562 43.706 41.7588 40.1184 40.0279 38.4124 36.0795 36.0862 32.9611 30.5429 28.5652 28.0277 26.7929 24.7688 23.8789 23.1349 21.0509 20.0745 18.8052 16.5874 16.0663 14.7513 13.7674 11.9168 12.1926 10.1914 10.7179 7.6506 6.9588 4.5068 4.3358 4.2624 4.2336 4.1583 4.1938 4.0837 4.1417 4.1844 5.7989 5.8343 5.8608 5.8808 5.8959 5.9072 5.9157 8.7027 8.721 8.7361
38.7469 38.81 38.8954 39.0146 39.1855 39.4281 40.4529 40.0348 37.6387 35.8944 34.7587 32.4783 32.7535 29.1135 28.7911 27.9996 25.8172 25.4797 24.9763 22.2813 21.4219 21.1689 18.7485 17.2281 16.0248 14.8153 13.6955 12.6918 11.0647 10.4333 9.135 8.3668 6.2776 4.9866 4.0222 3.3583 3.3629 3.4817 3.2141 4.0315 4.1274 4.1927 5.8112 5.8595 5.8934 5.9173 5.9341 5.9457 8.6996 8.7255 8.7463 11.7147 11.7319 11.7464
35.8026 35.8072 35.8012 35.7719 35.6911 35.7718 32.0243 33.1295 33.5831 33.7263 31.2578 29.4102 27.2704 28.0094 25.7256 24.3935 23.332 22.9651 21.451 19.6287 17.636 17.2493 16.5513 14.5724 14.0871 12.0368 11.8985 9.7231 8.8125 7.9259 7.0095 5.0942 2.6754 1.7267 1.7225 1.8536 3.0638 3.2392 4.106 4.2172 5.8417 5.9101 5.9533 5.9804 5.9971 6.0068 8.7315 8.7615 11.6863 11.712 11.7332 11.7506 11.7651 11.7771
34.0782 33.9657 33.79 31.4648 31.2617 30.9158 28.381 28.2759 28.1899 27.4104 27.0247 26.0337 25.2762 23.0492 23.7516 21.3991 20.0599 18.0001 18.1632 16.1714 15.4742 14.2391 13.0097 12.4324 10.5526 9.8125 7.547 7.8425 5.9256 4.1442 4.0104 3.3056 1.1056 1.4306 1.7965 3.1058 4.5283 4.7395 5.9262 6.0249 6.7826 6.8009 6.8081 9.5096 9.5508 9.5817 11.6779 11.7112 11.7377 11.7589 11.7759 11.7897 14.0395 15.2899
32.4164 31.4073 28.3059 28.2653 28.199 28.0868 27.8942 26.746 26.5365 24.8323 23.4967 22.354 22.4855 20.739 18.4992 18.8586 17.7279 16.8591 14.5606 14.3868 12.6136 12.6029 10.196 7.853 6.3391 6.5791 5.2222 3.1984 2.3558 2.8528 2.2128 1.2148 1.8347 2.5681 3.9611 5.0221 6.8837 6.9979 7.034 7.0364 7.0249 9.5073 9.5673 11.6114 11.6705 11.7151 11.7489 11.7748 11.7947 14.0286 14.053 15.3014 16.7725 17.9558
28.2743 28.241 28.1937 25.9889 26.0249 26.0629 26.0845 26.0056 25.4685 22.8467 20.9691 19.9737 18.1321 17.8606 16.199 14.9661 13.4935 13.5566 11.8138 8.8855 8.5052 6.6261 5.7381 4.314 4.52 2.5127 3.0506 2.6645 3.2144 3.3593 3.0955 3.4721 4.8512 5.8789 7.4407 7.7942 7.8754 7.8625 7.8255 9.5091 9.6026 11.5806 11.6687 11.7306 11.7744 11.8057 14.0097 14.0474 14.0765 16.7419 16.7822 17.9701 18.0066 20.1097
25.8593 25.8676 25.874 25.8756 25.8649 25.8248 25.7105 25.401 22.1784 20.4828 18.7006 16.9419 16.1181 14.9424 14.568 13.1582 10.5177 8.6582 8.597 6.069 5.2142 4.6202 1.7681 1.6956 1.472 0.8881 3.0467 3.844 4.1713 4.4526 6.1948 6.0994 5.696 7.7736 8.5066 8.4683 8.2641 9.5344 11.3185 11.5466 11.6887 11.7775 11.8335 13.9733 14.0381 14.0849 14.1188 16.7458 16.7979 19.0831 20.0956 20.1149 20.1303 21.2565
25.8081 25.8036 25.7925 25.7693 25.7236 23.3915 23.1302 20.6348 19.0776 17.2288 15.8858 15.5473 14.4534 12.7493 11.143 9.4823 8.0922 4.7311 3.4726 3.1507 2.9431 1.2984 2.565 2.926 4.5103 4.1178 6.1447 5.7879 6.8174 6.9219 7.4411 8.7133 9.5662 9.6587 10.4879 10.1358 10.6536 11.545 11.7969 11.9223 11.9828 14.0227 14.1067 14.162 14.1983 16.7552 16.8244 19.0789 20.0865 20.1228 21.2543 21.2589 21.2624 21.265
25.7597 25.7449 25.7206 23.25 23.1179 22.884 20.3856 18.0293 16.1354 15.2544 14.6613 12.567 12.0069 10.9265 8.3848 6.3589 3.9573 2.2979 1.0058 1.5926 2.7857 2.9185 4.8306 5.9463 6.528 7.4389 7.3494 8.7537 8.508 9.3903 9.5056 9.5848 10.4749 11.7495 11.5179 11.8994 12.9425 13.1241 13.1622 14.1877 14.2797 16.1303 16.1976 16.7763 18.8419 18.9047 20.0897 21.2473 21.2557 21.262 21.2666 21.2699 21.2724 21.9219
23.2392 23.1886 23.1105 22.9896 21.3268 18.3094 15.1793 15.0015 12.0211 13.1783 11.0574 9.9872 8.326 6.1242 4.3629 3.174 2.2296 3.5034 3.2637 5.1998 5.3962 7.2676 8.0169 8.2402 8.4025 9.3209 9.8916 9.4924 10.118 9.8787 10.7811 10.9474 11.6397 12.5461 13.884 14.5246 14.421 15.1183 15.7677 16.2605 16.3388 18.1896 18.7997 18.9011 20.0954 21.2444 21.2573 21.2663 21.2726 21.2769 21.2799 21.9235 21.9251 21.9263
23.1065 23.034 21.4471 21.2805 13.9227 13.796 11.4022 11.2636 10.2803 9.8043 7.8761 6.0963 5.7781 3.3265 3.0703 3.1543 3.2487 5.4149 6.0198 7.9645 7.0899 8.4819 10.2858 10.9418 10.0153 10.6056 10.9567 11.6665 10.9169 11.6799 11.9007 13.4409 13.1094 14.2807 15.2638 15.6292 16.3029 17.0867 17.3453 18.1341 18.2671 18.8936 21.2022 21.2364 21.2586 21.2728 21.282 21.2877 21.2912 21.9256 21.9277 21.9293 21.9304 22.1108
21.4978 16.5995 16.4473 13.6916 11.2469 11.1462 10.977 9.9955 9.6059 8.2913 6.3467 4.2122 4.4544 4.8958 4.6196 6.3365 6.2273 7.7987 8.389 9.8606 10.3396 11.0546 11.7772 12.5473 13.0499 12.2995 11.9703 12.9709 13.3827 13.0298 14.0986 14.5511 15.1472 15.9572 16.3514 16.4462 17.3279 17.6371 18.3528 19.352 20.6738 21.2127 21.2579 21.2835 21.2979 21.3057 21.7675 21.9285 21.9314 21.9334 22.1121 22.1131 22.1137 22.1141
16.436 13.658 12.1852 11.1339 9.4384 9.3397 9.1829 9.3441 8.4515 8.2872 7.9279 8.1274 9.392 7.9685 6.8697 8.0729 9.2086 9.6642 11.0533 11.8703 13.2091 13.1854 13.8126 13.3257 14.0811 14.5722 14.3914 14.2507 15.2029 15.4763 15.7217 16.5609 16.574 17.4022 17.4123 18.8064 18.9068 19.9484 20.371 20.6867 21.2455 21.3031 21.329 21.7771 21.7772 21.7762 21.9372 21.9397 22.1153 22.1164 22.1171 22.1174 22.1176 21.3875
12.1949 9.4623 9.8241 9.7805 9.7208 9.6394 8.841 8.8477 8.6814 9.0252 9.3502 10.1976 8.99 9.3994 10.6644 10.4769 12.0696 13.5729 14.1115 14.8114 14.6683 15.5358 15.117 15.4047 15.3144 15.928 16.3705 16.5915 16.7012 16.8823 17.2 17.7121 18.1428 18.7725 19.0289 19.5247 19.6432 20.2933 21.0909 21.7556 21.7877 21.7963 21.7961 21.793 22.0152 22.018 22.1204 22.1216 22.1222 22.1224 22.1223 21.4033 21.3765 21.3544
9.8531 9.8281 9.7962 10.0651 8.9635 8.9872 9.0274 9.1002 9.2313 9.4628 11.1105 10.9816 11.6533 12.3781 12.639 14.3689 14.4757 15.8408 15.8287 16.465 16.5523 16.3257 17.1746 17.0417 17.7286 17.3606 17.5485 18.2098 18.5551 18.2545 18.9932 18.449 19.6652 19.6323 19.8329 20.3707 21.071 21.3494 21.7634 21.8469 21.8464 21.8328 22.0287 22.0318 22.1295 22.1305 22.3591 22.3594 22.3597 21.9277 21.3899 21.3597 20.4573 19.6363
10.1491 10.1243 9.8958 9.9122 9.9391 9.9824 10.0513 10.16 11.7611 11.7793 11.8399 12.0291 12.4055 13.9983 17.0416 16.9841 17.6602 17.9949 18.4038 17.9811 18.6042 19.3609 18.6086 19.1961 19.294 19.8257 19.4901 19.816 19.7477 20.3938 20.3305 20.7423 20.4566 20.7978 20.9958 21.3864 21.4249 21.6788 22.1176 21.9905 22.0698 22.0634 22.3581 22.3593 22.3598 22.3601 22.3602 21.9354 21.9214 21.0111 20.4624 19.5909 19.5638 19.5431
9.9495 9.9653 9.9878 10.0199 10.0657 10.131 11.8074 11.8217 11.8494 11.9036 12.0124 13.2789 15.5022 16.1549 18.2282 19.6657 19.9972 20.0513 19.6869 21.8902 20.4176 21.6481 21.8306 20.8396 21.42 21.4933 21.5004 21.1985 22.0193 22.0828 22.2538 21.9608 21.8655 21.6317 21.6647 21.9378 21.9497 22.0817 22.256 22.2964 22.3629 22.364 22.3633 22.3625 22.3619 21.9466 21.9252 21.0301 19.6501 19.597 19.5584 19.158 19.1425 19.0525
10.0122 10.0365 10.0688 11.8177 11.824 11.8339 11.8495 11.8743 11.9146 13.1756 13.3139 16.9099 17.3027 18.8929 21.3236 21.4512 22.5262 22.8188 22.637 23.2612 23.8818 22.536 23.8112 23.9976 23.4148 22.8043 22.8543 24.12 23.4893 24.5587 24.0877 23.0437 22.7628 22.4454 22.4199 22.3657 22.6537 22.5793 22.4816 22.4608 22.3812 22.3719 22.3672 21.8556 21.8158 21.1934 20.1918 19.6084 19.1748 19.1444 19.1237 19.1097 18.6056 18.5553
