normal_rasters/0772100000302908.ascii
ncols 54 
nrows 63 
xllcorner 159131.426025
yllcorner 384383.820984
cellsize 0.25
nodata_value -9999 
[rows 0 to 36 of 63, columns 0 to 53 of 54]
43.5684 41.2174 41.1954 41.168 41.1347 41.0947 39.0302 38.9911 38.9448 38.513 38.4332 38.347 38.6234 41.1357 41.2088 42.5855 44.8173 46.874 47.3595 47.3346 47.308 47.2814 46.3024 46.2842 46.264 46.5393 46.8439 47.0945 47.1092 47.1202 47.1275 46.7526 46.3346 46.3186 46.303 45.1345 45.1046 44.5317 44.4924 44.4577 44.4271 43.9179 43.8904 43.8664 43.8727 43.8525 43.8349 43.4687 43.4501 43.5502 43.5348 43.5213 43.5093 43.4988
43.5882 43.5731 41.237 41.2106 41.1775 41.1365 39.0719 39.0308 38.9805 38.5548 38.4641 38.3644 38.5751 38.6558 41.1619 42.5146 45.3546 46.7134 47.3683 47.3382 47.3051 47.2714 46.3164 46.2939 46.2687 46.5399 46.3599 47.1027 47.1204 47.1324 46.7738 46.7621 46.3461 46.3263 45.1799 45.1422 44.572 44.5233 44.4809 44.4441 43.9336 43.9015 43.8738 43.8764 43.8538 43.8342 43.4653 43.5616 43.5428 43.5265 43.5123 43.5 42.3433 42.3268
43.6108 43.5964 43.5786 41.26 41.228 41.187 41.1355 39.0801 39.0262 38.96 38.5066 38.3904 37.2825 38.6015 41.0977 41.2129 45.2876 47.2795 47.3824 47.3459 47.3039 47.2599 46.3344 46.306 46.2739 46.5392 47.0856 47.1154 47.1366 47.1489 46.7885 46.3831 46.3578 46.3332 45.191 44.6234 44.5616 44.5086 44.4635 43.9507 43.9128 43.8807 43.8788 43.8534 43.485 43.4596 43.5527 43.5327 43.5155 43.5008 42.3449 42.3256 42.3088 42.2942
43.6362 43.6232 43.6064 43.5851 41.2875 41.2479 41.1959 41.1295 39.0851 39.0122 38.5655 38.4291 38.2792 38.5277 41.0089 41.1423 43.629 45.4331 47.2917 47.3608 47.3066 47.2474 46.3584 46.3218 46.2794 46.5361 47.0958 47.1356 47.1604 46.8255 46.4352 46.4019 46.3687 45.2564 45.197 44.6101 44.5421 44.4857 43.9691 43.9238 43.9132 43.879 43.8505 43.4782 43.565 43.54 43.5188 43.501 43.4859 42.3231 42.3035 42.2867 42.2722 42.2598
43.6647 43.6536 43.6387 43.6189 43.593 41.3209 41.2705 41.2027 41.1145 39.0825 38.9807 38.487 38.3048 37.2483 38.5658 41.0365 41.243 45.3479 47.2912 47.3887 47.3179 47.235 46.3915 46.3429 46.2851 46.528 47.1146 47.1689 46.8769 46.5116 46.4677 46.4206 45.3485 45.2653 44.6734 44.5834 44.0563 43.9881 43.9334 43.9148 43.8755 43.8437 43.581 43.5487 43.522 43.5001 43.4818 42.3183 42.2952 42.2758 42.2593 42.2454 40.7707 40.7649
43.6962 43.688 43.6758 43.6586 43.6348 43.6028 41.3622 41.2961 41.2045 39.1778 39.0634 38.916 38.3502 34.3749 38.4409 40.8748 41.128 44.0009 46.3634 47.3265 47.3488 47.2281 46.4387 46.3728 46.2908 46.721 47.1507 47.226 46.937 46.5736 46.5032 45.4867 45.3624 44.7589 44.6346 44.0923 44.0058 43.9391 43.9107 43.866 43.8308 43.5591 43.5246 43.4969 43.4746 42.3099 42.2824 42.2597 42.2409 40.7691 40.7615 40.7552 32.6521 27.5633
43.7308 43.7262 43.718 43.7047 43.6848 43.6559 43.6153 41.4146 41.3243 41.1946 39.1833 39.0085 38.4288 34.4128 34.84 38.4957 40.9253 41.3866 46.2858 47.3267 47.4242 47.245 46.5077 46.4193 45.9723 46.6835 47.222 47.0506 46.7606 46.6527 45.7132 45.5093 44.8788 44.6979 44.1294 44.0178 43.9362 43.8962 43.8461 43.5715 43.5253 43.4895 43.4618 42.2951 42.262 40.7802 40.7675 40.7571 40.7487 40.742 32.6776 27.5822 27.5007 27.4299
43.7679 43.768 43.765 43.7576 43.7437 43.7208 43.6851 43.6319 41.4829 41.3528 41.1575 39.1558 38.8743 38.1492 34.4127 35.0331 40.5563 41.1953 44.3325 46.5621 47.6 47.3497 46.6099 46.5093 46.07 46.0115 46.9401 47.055 46.997 46.7274 45.7495 45.0522 44.3765 44.1578 44.0126 43.9384 43.8623 43.8087 43.5206 43.4733 43.4383 43.4124 40.7853 40.7661 40.7512 40.7395 40.7304 35.1428 32.7124 27.6067 27.5072 27.422 21.445 21.3878
43.8072 43.8129 43.8165 43.8167 43.8116 43.7982 43.7724 43.7278 43.6556 41.5753 41.3731 41.0535 39.0345 38.2345 34.4376 34.9711 37.0603 40.7198 42.236 46.4169 47.6677 47.6677 47.0593 46.3935 45.5435 45.6379 46.8747 47.7397 47.2726 46.1413 45.6371 44.4569 44.1442 43.962 43.8711 43.792 43.5014 43.4374 43.3937 40.7977 40.7662 40.7428 40.7256 40.7128 40.1473 35.17 35.0953 27.6393 27.5153 21.5279 21.4465 21.3776 21.3192 21.2696
43.8477 43.8599 43.8713 43.881 43.8874 43.8879 43.8782 43.8512 43.7955 43.6928 41.705 41.3534 39.3356 38.6578 34.4302 33.78 35.5892 38.1115 42.2218 46.0665 47.7007 48.5893 47.1779 44.8702 43.8604 46.645 46.6666 46.5615 45.8836 45.6263 44.3654 43.9767 43.7926 43.7123 43.6532 43.3534 40.8313 40.7719 40.731 40.1568 40.1471 40.1405 40.1361 35.2073 35.1097 27.6842 27.5257 21.5494 21.4475 21.3628 21.2924 21.2338 21.1849 15.1754
43.8883 43.9075 43.9277 43.9484 43.9689 43.9873 44.0005 44.0025 43.9816 43.9162 43.7639 41.8907 41.1513 38.8863 34.7084 33.5196 35.4381 36.4918 40.5087 45.466 47.0448 47.0436 45.9966 44.6602 43.9778 43.541 44.4988 44.0087 43.2124 43.4091 43.3226 42.1077 42.101 41.7755 40.0897 40.2094 40.1724 40.1486 40.1337 40.1244 40.119 40.1161 35.1285 27.7492 24.7279 21.5782 21.4471 21.3408 21.2544 21.1842 15.1799 15.1314 15.0913 15.0583
43.9277 43.954 43.9834 44.016 44.0521 44.0915 44.1335 44.1752 44.21 44.2224 44.176 43.9639 42.0409 38.625 34.4366 32.4779 31.5372 34.315 35.2155 39.309 45.3732 44.7868 44.5138 44.5666 43.9194 43.0375 43.2236 42.3453 41.411 41.3895 41.417 41.175 41.1204 40.2648 40.1827 40.136 40.1103 40.0967 40.0903 40.088 32.2726 32.1188 24.8084 21.6188 21.4441 21.3068 21.1986 21.1134 15.1268 15.0703 14.2535 14.2233 11.7496 11.7741
44.3245 44.3552 44.391 44.4334 44.4842 44.1929 44.2659 44.3536 44.4587 44.5833 44.7276 44.9413 45.0192 39.0629 37.0532 32.7353 24.9741 27.2783 31.993 35.7654 36.1984 41.852 43.788 43.8902 43.5053 42.835 42.6769 41.6179 41.4699 41.2548 41.3415 40.4849 40.2359 40.1146 40.0612 40.0405 40.0353 40.0372 32.3454 32.1208 24.94 24.6645 21.4355 21.2519 21.1131 21.0082 14.2829 14.227 14.1837 12.3935 11.7169 11.7478 11.7751 11.7993
44.3348 44.3677 44.4066 44.4533 44.5102 44.5811 44.6717 44.7909 44.9538 45.1872 45.2818 45.7919 46.0043 39.0826 34.6187 28.062 19.563 19.3527 22.4498 31.8055 35.1077 35.7135 39.3564 43.2269 43.0909 42.9186 41.8999 41.7573 41.7801 41.6979 40.5998 40.0888 39.9221 39.8924 39.9054 37.3646 32.7038 30.8099 25.1722 24.7422 21.4144 21.1578 20.9746 14.2908 14.2002 12.3936 12.3664 12.3467 11.6724 11.7124 11.7475 11.7781 11.8048 11.8281
44.9841 45.0074 45.0352 45.0688 45.1102 45.1625 45.2306 45.3223 45.4523 45.3176 45.708 46.5079 47.2449 41.7597 31.9408 28.5783 19.9773 16.2841 18.665 24.5122 32.2674 34.9883 35.9151 40.0109 42.9775 42.637 41.9351 41.8178 41.5678 41.9898 39.7811 38.6634 38.4735 36.122 35.7915 31.0416 26.7082 24.8859 24.388 18.4415 18.2613 12.4629 12.3906 12.34 12.305 12.2813 11.6097 11.6632 11.7096 11.7495 11.7839 11.8135 11.8389 11.8607
44.9586 44.9775 44.9995 45.0257 45.0571 45.0956 45.1438 45.2059 45.2889 45.406 45.5832 45.3356 46.1702 39.6708 35.3696 28.4603 22.6134 15.1904 18.2366 20.5252 25.3622 30.1476 34.4804 36.3521 38.3574 41.3949 41.3241 40.435 40.141 38.4744 35.9387 36.3754 34.2262 31.533 30.6346 26.1769 18.8036 18.3279 18.0443 12.445 12.3327 12.2598 12.2134 12.1852 12.1692 11.5916 11.6553 11.7095 11.7553 11.794 11.8267 11.8543 16.4748 16.5389
44.9305 44.9443 44.9598 44.9773 44.9969 45.0189 45.0431 45.0686 45.0919 44.082 44.1384 44.0268 43.0762 42.5591 36.3318 30.4822 24.9374 17.1672 15.5371 19.6661 22.9639 25.2384 29.9793 33.2933 34.9903 36.1507 38.8701 36.0131 33.9523 33.0216 33.1037 32.5831 30.3096 27.1142 21.6862 15.4606 15.0792 14.8798 12.2422 12.1288 12.0657 12.0336 10.8682 11.4813 11.5736 11.6506 11.7145 11.7672 11.8107 13.2331 16.4578 16.5369 16.6029 17.5604
44.9009 44.9094 44.9181 44.9266 44.9343 44.9399 43.7499 43.7742 43.7858 43.762 43.6496 42.0896 41.7592 40.223 38.2527 31.373 26.8064 21.0213 15.7276 15.1177 18.8037 23.8144 24.0174 27.0699 30.8119 28.2691 29.5739 31.1058 31.1478 30.2344 28.2292 25.4218 20.8247 16.4008 15.2288 14.6618 11.0004 10.834 10.7562 10.7258 10.7207 11.2988 11.4415 11.5582 11.6526 11.7283 11.7889 13.2293 16.4387 16.5384 16.6199 16.6865 17.6564 21.2159
44.8709 44.8743 44.8765 44.8767 43.6332 43.6434 43.6478 43.6402 43.6092 43.3748 42.2604 42.0246 40.7065 39.9702 39.2545 35.5946 27.0983 21.5017 16.9535 14.7972 14.7716 17.2832 21.3991 22.7359 22.5515 25.012 23.759 26.7817 24.8287 26.6764 25.6083 20.6914 16.4232 14.6462 13.7175 10.6287 10.4605 10.4267 10.4455 10.9665 11.2074 11.4005 11.5516 11.6684 13.1079 13.231 15.9322 16.5474 16.6498 16.7311 21.2092 25.3318 25.3392 25.3455
45.1363 44.8402 43.5664 43.5717 44.006 44.0407 44.0134 43.763 42.2354 42.557 42.3985 41.0941 41.0934 40.7803 41.8102 38.0519 35.4247 20.6806 16.5938 14.4893 13.7458 13.1064 11.6528 13.6021 18.3647 17.4442 17.3948 18.3965 19.5948 17.6376 17.1118 16.846 13.2825 10.2598 9.5123 9.6235 9.8063 9.3394 10.7372 11.0979 11.3693 11.5686 13.0706 15.7692 15.9452 16.5722 16.7035 16.8037 25.3164 25.3285 25.3383 25.3462 26.0741 26.0803
44.1757 44.1782 44.1805 44.1819 44.1815 44.177 43.6719 42.5739 42.5051 41.0994 41.105 40.8403 40.9938 41.0098 41.3781 40.7164 35.3245 31.4307 19.0788 14.9429 11.5243 10.9991 9.4835 8.6649 9.6968 12.05 11.5304 11.083 11.8101 12.1043 11.4846 12.0297 9.1671 4.9262 7.6136 8.2895 8.8394 10.4204 10.8147 11.2211 13.0292 15.7442 15.9963 16.1703 16.8036 20.9472 25.3065 25.3235 25.3368 25.3473 26.0739 26.0817 26.0879 26.093
43.4294 43.4339 44.0172 43.9953 43.9684 42.9325 42.9153 41.438 41.5331 40.7515 41.7289 41.7429 41.7665 41.8014 41.9544 40.8901 37.5952 32.1119 28.8671 16.2136 13.5738 10.2851 8.1922 7.2945 6.2949 4.9946 7.7208 6.3882 4.7627 7.0654 6.0408 4.8009 5.1609 5.8843 6.7943 8.3171 10.1317 11.8223 14.6587 15.1599 16.1519 16.3833 20.9284 25.2562 25.2899 25.3153 25.3345 25.349 26.0742 26.0842 26.0919 26.098 26.1028 24.411
40.297 41.5071 42.1396 42.1306 42.1215 41.3566 41.3822 42.305 42.0486 42.0884 42.1481 42.1783 42.2272 42.3514 42.6841 43.5207 40.5792 34.6491 31.5251 27.516 15.8126 14.3557 9.4898 7.4709 3.9159 2.1456 0.9493 2.4769 2.7315 3.3234 4.0813 4.8513 7.9269 7.0216 8.7095 11.4093 13.3518 15.5762 19.5745 19.8003 23.8904 25.1999 25.2588 25.3007 25.3306 25.3519 26.0756 26.0888 26.0986 26.106 26.1114 24.4266 24.4046 24.386
40.2777 40.2958 40.1483 40.177 40.9959 41.013 41.5263 41.5399 41.7046 42.6549 43.0542 43.242 43.4853 43.5037 43.5013 43.0027 41.9009 38.9397 30.0512 28.1095 19.71 15.488 12.3463 10.6484 8.929 5.9904 5.2872 7.6396 7.0395 8.4704 8.6067 10.8114 13.1916 13.997 15.3174 16.7713 19.6539 22.7749 22.8128 23.8923 25.1908 25.2709 25.3232 25.3574 26.0795 26.0978 26.1104 26.1191 26.1252 24.4488 24.4191 24.3945 24.5591 24.5405
39.811 40.2709 40.2925 40.3618 40.1894 40.9884 41.0109 41.0424 41.0849 41.8446 42.6815 43.0229 43.3104 43.5952 43.7065 43.5421 41.2588 38.2224 33.8545 26.1924 23.3332 17.5422 14.2399 13.9255 12.0721 11.1075 9.3922 11.4434 12.2989 13.8342 13.8139 14.0235 16.5941 17.1496 19.9646 22.665 22.8227 22.8781 23.9072 25.1952 25.3065 25.3697 26.0907 26.1169 26.1329 26.1426 26.1484 24.4822 24.4398 24.5873 24.5577 24.5342 24.5155 24.5005
39.8002 39.8083 39.8803 40.2852 40.3608 40.2033 40.9762 41.0071 41.0536 41.1176 41.7387 42.5151 42.9114 43.2941 43.5263 43.986 41.9417 37.456 33.5481 29.0524 25.0286 20.3979 18.4325 16.0765 16.2908 15.0175 15.4362 15.8108 17.4794 17.9294 17.3608 20.1103 19.8836 21.0897 22.0538 22.9402 23.5289 24.6689 25.2572 25.4057 26.1263 26.1637 26.1812 26.1887 26.1909 24.5364 24.646 24.5933 24.5532 24.5226 24.4992 24.4813 24.4676 20.9139
40.1544 39.7938 39.8019 39.875 39.8959 40.354 40.2168 40.519 41.0003 41.075 41.1712 41.3651 42.1217 43.088 42.7738 42.5416 41.1676 37.533 34.7503 28.9506 26.18 23.0122 19.5262 18.1159 18.531 18.5884 20.7424 19.9288 19.7359 21.1769 21.9777 22.7282 22.9667 22.1492 23.6983 24.2066 24.8534 25.572 26.2752 26.3067 26.3042 26.2918 26.0991 24.7908 24.6785 24.5985 24.5414 24.5004 24.471 24.4498 24.4346 24.4238 12.702 8.8225
40.1369 40.1395 40.1443 39.7889 39.8617 39.8851 40.3324 40.4585 40.5313 40.9862 41.121 41.1906 41.7437 41.8585 40.8652 40.7242 40.6297 38.413 34.957 30.8351 25.9941 23.1845 21.4308 23.1088 22.3473 23.3599 22.8483 24.3283 25.1581 25.0301 24.8232 25.0288 25.8065 25.41 26.0964 26.2186 27.1419 27.1234 27.0407 26.6435 26.5335 24.9376 24.7325 24.5986 24.5116 24.455 24.4182 24.3944 24.3794 16.2507 11.9945 8.8316 8.8045 8.7828
40.3935 40.1181 40.1174 40.1184 40.0001 39.8322 39.8527 39.7381 40.3951 40.4624 40.6179 41.213 42.3398 42.3058 40.5214 40.0585 40.5044 38.9397 35.8513 30.755 28.1608 24.2348 23.2925 24.0411 25.1906 25.2807 26.8049 26.8348 27.2649 27.1413 28.1086 27.7565 28.0485 29.3046 28.4792 27.6663 27.7671 27.3833 27.1584 25.2798 24.8332 24.5737 24.429 24.3501 24.3084 24.2878 24.2793 16.2196 8.8932 8.8445 8.8073 8.7787 8.7566 8.7396
40.4085 40.3879 40.3614 39.9591 39.9498 39.9368 39.7458 39.775 39.6403 40.1521 39.8453 39.2418 41.1299 40.6768 38.9164 38.6635 38.7339 37.2742 34.5164 30.3369 27.2417 26.5762 26.3822 26.5515 27.9756 29.2581 29.8341 30.8164 30.087 30.2834 31.21 31.1439 30.252 30.6056 29.5636 28.3367 27.1552 26.967 25.0253 24.4203 24.1523 24.0594 24.0417 21.0622 17.1577 13.1325 8.939 8.8641 8.8101 8.7707 8.7418 8.7205 8.7048 8.6932
40.4282 40.4092 40.3836 40.3488 39.9521 39.9368 39.9116 39.871 39.6776 39.4254 39.478 39.174 39.7675 38.0294 36.2297 33.6628 33.097 34.2696 32.5953 30.5372 27.7647 27.7569 28.1426 30.0128 30.2063 31.5295 32.2813 32.6763 33.7501 33.9566 32.8195 33.2106 31.2866 29.1115 29.1952 27.7167 25.5165 23.7364 21.1739 21.2427 18.7119 18.4821 14.8909 13.1841 9.9755 8.8965 8.8117 8.7545 8.7155 8.6888 8.6706 8.6581 8.7951 8.8408
40.453 40.4375 40.4153 40.3832 40.3366 40.2692 39.9201 39.8587 39.8209 39.7453 39.9463 39.0845 37.0813 34.3714 32.808 30.1811 29.4381 28.7296 30.6669 29.4933 28.6822 28.6516 30.1861 32.174 32.8524 33.5015 35.027 34.7108 34.9545 35.6203 34.8131 32.0616 31.3277 28.1356 26.461 24.3699 23.039 19.7243 17.6093 16.0005 15.5982 13.4356 10.0875 9.9021 8.8075 8.7187 8.6648 8.632 8.6124 8.6012 7.0117 8.8096 10.0296 10.1086
40.4824 40.4727 40.4574 40.433 40.3935 40.3301 40.2332 39.9799 39.7941 38.7385 39.6874 36.1088 32.5316 32.0812 29.1734 28.1259 26.4339 25.5199 25.7071 28.4089 28.3066 28.9273 31.9785 33.5005 34.7253 35.9366 36.0477 36.2234 35.8296 35.2057 33.8528 30.7165 29.2022 25.9289 24.5784 23.5789 16.2249 16.0169 15.4394 12.9404 10.3828 9.9186 9.7163 8.6283 8.5553 8.5203 7.6158 6.9994 7.0027 7.0058 8.7641 10.0888 10.1413 10.182
39.3211 40.1425 40.5091 40.4986 40.4762 40.4286 40.332 40.1847 40.0591 40.9492 40.9275 36.3369 30.4864 28.8642 26.1524 25.0435 23.8703 22.9985 21.8527 23.9389 27.2526 29.1589 32.5111 34.8647 36.1248 36.434 36.6366 36.5324 35.2592 34.1958 32.0502 29.7245 28.148 24.0719 21.9968 18.7422 15.8929 12.9606 11.8935 10.501 9.3768 7.6727 7.5922 7.561 7.5536 6.8433 6.987 6.9928 8.7113 10.0538 10.1319 10.1899 10.6691 10.6934
39.1468 39.3058 39.3615 39.8463 39.9202 40.5456 40.4871 40.1842 40.3679 40.0209 37.3769 30.7396 27.4044 25.9765 25.0267 22.643 21.5013 20.0899 20.8334 22.588 25.5774 28.8084 31.9928 34.0854 35.1971 35.7935 35.8267 35.7311 35.3441 33.569 31.8455 29.1323 26.4339 23.8541 20.8885 16.0352 13.9639 11.1455 9.2647 8.1638 7.5151 7.4272 6.8309 6.8184 6.817 6.9678 8.6062 9.9854 10.1121 10.201 10.6822 10.7166 11.3359 11.3555
39.0592 39.0873 39.1296 39.3077 39.3956 39.5602 40.2139 40.8101 41.3714 38.7662 35.2475 28.8224 25.272 24.2167 23.5474 21.6862 20.6422 19.4419 20.0977 22.2341 24.9558 27.9519 31.1004 32.3066 34.2229 34.6137 34.9395 34.4333 34.1236 32.8478 30.7425 27.7114 25.8893 23.5484 19.6996 15.6643 13.9187 11.4575 7.737 7.0867 6.9957 6.7269 6.7434 6.7156 6.7438 9.8316 10.0653 10.6208 10.7025 10.7544 11.3779 11.4021 11.4172 18.0108
38.2545 38.2634 38.2759 38.2944 38.3248 38.3837 38.5345 38.8817 38.505 35.3143 29.2156 26.294 23.1633 22.2888 21.3323 20.4769 19.2307 18.8253 21.345 23.7112 25.579 29.4211 30.0095 29.8782 32.1171 33.7384 32.85 31.8811 32.6691 31.9703 30.3314 28.7741 25.2224 24.798 19.4288 16.5488 14.243 11.8762 8.7888 6.6836 6.2728 6.5177 6.6598 7.0133 10.3075 10.5813 10.7368 10.8233 10.8699 11.484 12.0885 17.9677 18.0371 19.5183
