normal_rasters/0772100000297765.ascii
ncols 117 
nrows 102 
xllcorner 159468.963013
yllcorner 383947.444
cellsize 0.25
nodata_value -9999 
[rows 62 to 92 of 102, columns 0 to 70 of 117]
2.5784 2.5793 2.5803 2.5812 2.5812 2.5776 2.4648 2.3688 2.0889 1.5639 0.9099 0.5657 0.487 0.491 0.5133 0.7002 0.7392 0.8212 0.8194 0.8496 0.9475 1.008 1.1872 1.291 1.424 1.3978 1.378 1.3838 1.4287 1.4457 1.4678 1.4681 1.3752 1.3435 1.3149 1.0487 0.9519 0.871 0.8452 0.7591 0.7389 0.74 0.7403 0.7397 0.7388 0.7388 0.7301 0.7291 0.742 0.7405 0.6483 0.6976 0.7509 0.6922 0.74 0.7841 0.8135 0.8119 0.8308 0.7839 0.7549 0.7808 0.7452 0.697 0.6234 0.5364 0.5706 0.5165 0.3345 0.3985 0.3272
2.5051 2.5152 2.5285 2.5471 2.5745 2.618 2.6948 2.8635 3.2349 4.3774 2.306 0.551 0.4841 0.4843 0.5049 0.5626 0.6426 0.692 0.7444 0.7457 0.8421 0.9872 1.0342 1.1438 1.3055 1.3126 1.295 1.3593 1.4408 1.4369 1.3436 1.3254 1.3287 1.0988 1.0078 0.9708 0.8996 0.7962 0.7604 0.7388 0.7388 0.7193 0.7375 0.7389 0.7373 0.722 0.7003 0.6895 0.7056 0.6854 0.6484 0.6776 0.6927 0.7205 0.7387 0.7462 0.7689 0.8049 0.8068 0.7618 0.7388 0.7316 0.6485 0.5344 0.5293 0.2526 0.319 0.2838 0.0806 0.0986 0.2092
2.4754 2.4899 2.5104 2.5404 2.5866 2.6681 2.771 2.9657 3.3577 3.7852 2.6624 0.4784 0.3578 0.3968 0.4279 0.4566 0.5575 0.5083 0.6003 0.7512 0.835 0.9645 1.0744 1.0884 1.1169 1.2072 1.2183 1.2234 1.2636 1.2379 1.2449 1.1473 1.0725 0.9657 0.9032 0.8922 0.8041 0.7528 0.7395 0.7339 0.7217 0.6266 0.6286 0.693 0.6769 0.6294 0.6478 0.6357 0.6261 0.6403 0.6562 0.682 0.6846 0.6996 0.7316 0.7394 0.7422 0.7057 0.7264 0.7137 0.5813 0.5648 0.4837 0.3936 0.2961 0.2199 0.1244 0.0951 0.0793 0.0815 0.1064
2.4483 2.4561 2.4669 2.4821 2.5041 2.4524 2.4729 2.488 2.4382 1.9345 0.4017 0.308 0.2687 0.3034 0.3545 0.3462 0.4237 0.4896 0.5997 0.6378 0.8953 0.9426 0.984 0.9918 1.0796 1.1142 1.1853 1.1811 1.2247 1.1579 1.0475 0.9445 0.9408 0.8611 0.8324 0.8221 0.7542 0.74 0.7213 0.655 0.6622 0.6255 0.6258 0.6304 0.6258 0.6254 0.6249 0.625 0.6256 0.6327 0.6444 0.6553 0.6852 0.6815 0.6663 0.7175 0.7266 0.5676 0.5571 0.4843 0.4633 0.3784 0.2416 0.2331 0.1796 0.1792 0.1078 0.1196 0.1414 0.1425 0.2495
2.4169 2.3171 2.3046 2.2848 2.2525 2.1975 2.0995 1.9169 1.582 0.4272 0.3254 0.218 0.2097 0.2173 0.2221 0.29 0.249 0.4844 0.5785 0.6013 0.8163 0.821 0.8593 0.9334 0.926 1.0469 1.1013 1.0665 1.0114 0.9757 0.9534 0.8483 0.8085 0.7675 0.7403 0.7259 0.7271 0.6874 0.6509 0.6138 0.5711 0.6037 0.5937 0.5807 0.6043 0.6228 0.5994 0.5914 0.6251 0.6331 0.6432 0.6517 0.6582 0.6044 0.6446 0.5612 0.546 0.4956 0.4263 0.3833 0.2173 0.2027 0.1848 0.2133 0.2068 0.1879 0.2206 0.1846 0.1989 0.3165 0.3511
2.2612 2.2392 0.4737 0.4735 0.4582 0.4593 0.4611 0.4647 0.4734 0.5075 0.4111 0.3222 0.191 0.1574 0.0966 0.128 0.3093 0.5475 0.6079 0.775 0.8122 0.7619 0.7475 0.8144 0.8191 0.8063 0.8664 0.8733 0.8199 0.7825 0.8013 0.7409 0.7234 0.7162 0.7108 0.6486 0.6772 0.6438 0.6161 0.6154 0.5395 0.5306 0.5124 0.5121 0.5319 0.5742 0.5171 0.5286 0.571 0.6447 0.6433 0.6144 0.514 0.5083 0.47 0.4035 0.3927 0.3965 0.283 0.2349 0.18 0.211 0.2313 0.2394 0.2614 0.2696 0.2909 0.3428 0.4286 0.4373 0.5037
0.4575 0.4581 0.5428 0.5424 0.5417 0.5408 0.5395 0.5373 0.4779 0.4888 0.502 0.396 0.3012 0.1807 0.0885 0.1427 0.4303 0.5503 0.6703 0.8398 0.8188 0.7957 0.7426 0.7346 0.7443 0.7831 0.7767 0.7734 0.7552 0.7537 0.723 0.6966 0.6533 0.6474 0.6236 0.6247 0.6104 0.639 0.6032 0.5472 0.5364 0.5079 0.5016 0.5112 0.5007 0.4904 0.5018 0.5081 0.5109 0.5253 0.5417 0.5025 0.4114 0.4111 0.3329 0.3177 0.3096 0.3279 0.1886 0.1776 0.1997 0.2382 0.2502 0.2709 0.2804 0.3368 0.4215 0.4317 0.5203 0.6231 0.6451
0.5466 0.547 0.5476 0.5484 0.5496 0.5514 0.5545 0.5758 0.5805 0.5926 0.6166 0.5605 0.5151 0.5998 0.654 0.5662 0.6281 0.6105 0.7985 0.9044 0.893 0.8237 0.7868 0.7297 0.7201 0.7234 0.7172 0.6931 0.6482 0.7006 0.632 0.6249 0.6247 0.5734 0.5824 0.5483 0.5409 0.5848 0.5523 0.5366 0.5126 0.4217 0.4326 0.4839 0.4385 0.4254 0.4235 0.4905 0.4932 0.3991 0.3801 0.3887 0.2949 0.3208 0.3236 0.2474 0.2308 0.2035 0.1794 0.1784 0.1955 0.2447 0.2782 0.3017 0.3885 0.467 0.5499 0.5807 0.578 0.7006 0.8761
0.6671 0.6673 0.6677 0.6684 0.6695 0.6715 0.6753 0.6827 0.7548 0.7731 0.8048 0.7471 0.8392 0.7712 0.7391 0.6738 0.6544 0.7096 0.9549 0.9444 0.8985 0.8245 0.7903 0.6942 0.6945 0.6076 0.607 0.6126 0.6015 0.5438 0.5946 0.5713 0.5193 0.5151 0.5227 0.522 0.4963 0.4505 0.49 0.5217 0.4284 0.3834 0.3578 0.3939 0.3936 0.3864 0.3893 0.3934 0.3594 0.2997 0.2887 0.2778 0.2934 0.3143 0.2897 0.2469 0.1181 0.0946 0.1551 0.1877 0.2134 0.2879 0.3177 0.4315 0.5159 0.6329 0.6867 0.6764 0.8348 0.995 1.1331
0.8185 0.8193 0.8205 0.8224 0.8254 0.8299 0.8268 0.8454 0.8558 0.8913 0.8947 0.8851 0.8551 0.7714 0.74 0.7386 0.7889 1.1144 1.0174 0.975 0.9286 0.8527 0.6693 0.6307 0.6074 0.6354 0.5694 0.5584 0.5363 0.5009 0.4774 0.5035 0.4945 0.4604 0.4382 0.4299 0.434 0.4196 0.4192 0.4187 0.383 0.3305 0.2981 0.3377 0.2982 0.2976 0.3477 0.3169 0.3046 0.2871 0.2783 0.2165 0.1879 0.1824 0.1988 0.223 0.1056 0.1097 0.2011 0.2727 0.2963 0.3001 0.4419 0.5494 0.6126 0.7367 0.8333 0.9217 1.0533 1.1395 1.3583
0.8232 0.8249 0.8272 0.8304 0.8265 0.8318 0.8941 0.8949 0.8963 0.899 0.9122 0.9408 0.845 0.7582 0.95 1.1594 1.1624 1.1646 1.0307 0.984 0.9326 0.8237 0.7117 0.6089 0.5624 0.5344 0.4908 0.5171 0.4467 0.4076 0.364 0.3605 0.3362 0.3486 0.3889 0.3523 0.3217 0.3344 0.3735 0.2771 0.2572 0.284 0.2925 0.2872 0.2872 0.2872 0.2988 0.3039 0.2904 0.2685 0.2598 0.1938 0.153 0.0817 0.1052 0.0935 0.0834 0.1915 0.289 0.3979 0.4509 0.4857 0.5273 0.6321 0.7592 0.7927 0.9402 1.0731 1.2882 1.4106 1.5373
1.0475 1.0466 1.0453 1.0433 1.0404 1.1722 1.1583 1.1362 1.1062 0.9939 1.0025 1.249 1.3742 1.2927 1.2306 1.3085 1.2992 1.2046 1.113 1.0184 0.9919 0.8238 0.7151 0.5196 0.5372 0.4953 0.4463 0.3582 0.3673 0.3789 0.2947 0.2921 0.3134 0.2774 0.2808 0.2732 0.2465 0.2884 0.2904 0.2477 0.232 0.2092 0.2305 0.2634 0.2706 0.2337 0.2706 0.2868 0.2732 0.2081 0.1783 0.1752 0.1119 0.0897 0.0944 0.1504 0.2542 0.3175 0.3816 0.5357 0.5476 0.6158 0.7052 0.7988 0.9018 1.1174 1.1271 1.3208 1.4629 1.7517 1.8454
1.1755 1.1755 1.1755 1.1754 1.1752 1.2123 1.2146 1.219 1.2288 1.3609 1.5412 1.584 1.6735 1.5641 1.3966 1.3301 1.3051 1.2252 1.1663 1.1009 0.997 0.8404 0.6357 0.511 0.4929 0.4749 0.3809 0.3224 0.3148 0.2942 0.2856 0.2543 0.2406 0.2473 0.2732 0.2797 0.2736 0.285 0.2865 0.2932 0.2878 0.2889 0.1184 0.2366 0.2076 0.1778 0.1914 0.2609 0.213 0.1754 0.1279 0.0819 0.087 0.0969 0.1618 0.2866 0.338 0.4638 0.5671 0.588 0.818 0.8197 0.8745 0.9539 1.0796 1.2361 1.4536 1.7414 1.9005 2.1772 1.9796
1.3341 1.3364 1.3395 1.344 1.3505 1.4762 1.4851 1.4998 1.5245 1.6256 1.6369 1.6716 1.57 1.4424 1.3657 1.2967 1.2593 1.201 1.1587 1.1051 0.9504 0.9046 0.6605 0.4321 0.4678 0.3681 0.3292 0.2791 0.2097 0.1861 0.2088 0.2016 0.2243 0.2784 0.2828 0.2907 0.3213 0.2658 0.2664 0.3231 0.3205 0.3249 0.2201 0.3564 0.2945 0.1327 0.1468 0.1862 0.1774 0.1431 0.0831 0.0971 0.0949 0.1279 0.2327 0.3434 0.4919 0.5931 0.7024 0.7777 0.916 1.022 1.104 1.1157 1.119 1.2669 1.5956 1.8909 1.9678 2.0496 2.0079
1.5498 1.55 1.547 1.5476 1.5483 1.5495 1.5515 1.5551 1.5626 1.5835 1.6711 1.569 1.3111 1.2417 1.2345 1.2216 1.1928 1.1065 1.0836 1.0304 0.9678 0.8432 0.7309 0.578 0.415 0.2909 0.2991 0.2755 0.202 0.1408 0.1759 0.2158 0.2374 0.2846 0.2507 0.2489 0.2394 0.1938 0.2265 0.2535 0.1882 0.2103 0.2802 0.2995 0.3243 0.3539 0.2604 0.2084 0.0806 0.1354 0.1381 0.1754 0.1946 0.2504 0.3288 0.4907 0.6785 0.7623 0.9514 1.0146 1.0961 1.2117 1.1978 1.1367 1.1541 1.3772 1.5642 1.7672 1.9246 1.965 1.9787
1.573 1.5722 1.5479 1.5476 1.5472 1.5466 1.5285 1.5282 1.5272 1.5066 1.4809 1.4257 1.2137 1.2035 1.1912 1.1521 1.1008 1.0282 0.9695 0.9469 0.9344 0.7859 0.6913 0.5632 0.4215 0.3467 0.3223 0.3061 0.2952 0.1634 0.2968 0.3049 0.305 0.2676 0.2939 0.2861 0.2867 0.2974 0.2252 0.204 0.22 0.1515 0.11 0.0891 0.2155 0.368 0.4902 0.3493 0.3029 0.0991 0.2239 0.2101 0.3133 0.3602 0.5273 0.6568 0.7985 1.0029 1.1913 1.112 1.1596 1.1768 1.2037 1.1515 1.215 1.394 1.509 1.7313 1.8837 1.9286 1.9389
1.5749 1.5745 1.5738 1.5728 1.5713 1.569 1.565 1.4975 1.4925 1.4768 1.3941 1.3564 1.3127 1.2134 1.1834 1.1692 1.1922 1.0782 0.9174 0.9403 0.8592 0.7739 0.5841 0.4537 0.4015 0.286 0.2526 0.2667 0.2104 0.2559 0.3954 0.395 0.2934 0.3437 0.3913 0.3836 0.3705 0.3994 0.3747 0.2893 0.3269 0.2405 0.1593 0.0809 0.1028 0.2539 0.4537 0.4989 0.5013 0.3805 0.3063 0.3327 0.4682 0.4804 0.4975 0.6472 0.9781 1.0759 1.1323 1.13 1.149 1.1842 1.1845 1.1874 1.231 1.408 1.4768 1.7018 1.865 1.9097 1.9189
1.5771 1.5771 1.5771 1.577 1.5767 1.5762 1.5752 1.5498 1.5496 1.5486 1.5453 1.4692 1.3157 1.4393 1.3486 1.229 1.2085 1.2591 1.0902 1.052 1.0277 0.9282 0.7174 0.5444 0.5324 0.3888 0.2414 0.1851 0.1889 0.2715 0.2688 0.257 0.2406 0.3352 0.406 0.4266 0.4443 0.4329 0.4302 0.4009 0.3634 0.3846 0.3109 0.1783 0.1357 0.1621 0.2683 0.4752 0.5112 0.5341 0.4501 0.442 0.5531 0.4852 0.5296 0.6726 0.8917 0.9749 1.1202 1.1226 1.1479 1.1822 1.1763 1.1758 1.1805 1.2584 1.4594 1.662 1.8538 1.8986 1.906
1.5794 1.58 1.6502 1.6509 1.652 1.5606 1.6663 1.6675 1.6692 1.6704 1.6694 1.5626 1.5956 1.5559 1.544 1.4275 1.3185 1.3622 1.3012 1.1532 1.103 1.0447 0.8868 0.7334 0.5512 0.4486 0.3957 0.1877 0.2622 0.3366 0.2051 0.2192 0.2494 0.3114 0.3964 0.4508 0.5367 0.5213 0.4451 0.4343 0.4321 0.4173 0.3663 0.3669 0.2848 0.1821 0.1766 0.2059 0.434 0.5011 0.4822 0.4662 0.4881 0.4815 0.5454 0.6749 0.8383 0.9018 1.0764 1.1183 1.1684 1.1818 1.1846 1.1729 1.1823 1.2576 1.4517 1.6449 1.8272 1.8648 1.8973
1.6961 1.6972 1.6987 2.0394 2.0348 2.0286 2.0202 2.0079 1.9886 1.9529 1.8551 1.833 2.1374 2.2139 1.6715 1.5816 1.5374 1.4335 1.3561 1.2837 1.1626 1.1353 1.0546 0.8517 0.7243 0.6064 0.4322 0.3186 0.3249 0.2818 0.2027 0.2293 0.2783 0.3322 0.3956 0.4952 0.5015 0.5473 0.5319 0.4737 0.5776 0.5131 0.4095 0.3889 0.3942 0.2637 0.1699 0.0814 0.2509 0.4181 0.4446 0.4758 0.4675 0.4717 0.6121 0.6555 0.7215 0.8635 1.0678 1.1158 1.1674 1.172 1.1835 1.1709 1.1831 1.2573 1.4436 1.6341 1.6665 1.856 1.8912
2.0579 2.0574 2.0571 2.057 2.0574 2.0586 2.0617 2.0686 2.0837 2.1184 2.2647 2.3367 3.4157 3.0131 2.3022 1.9727 1.6484 1.5733 1.4981 1.4403 1.3608 1.272 1.1961 1.0441 0.8007 0.6366 0.512 0.4324 0.3947 0.2705 0.2065 0.2498 0.3186 0.3986 0.4357 0.5442 0.597 0.6168 0.6031 0.6867 0.8819 0.6511 0.5117 0.4386 0.3746 0.2668 0.1909 0.1581 0.2216 0.3353 0.4126 0.4763 0.493 0.4637 0.6229 0.6523 0.7173 0.8432 0.9694 1.0731 1.1669 1.1705 1.1829 1.1696 1.1696 1.2572 1.4386 1.6273 1.6535 1.8292 1.8867
3.9911 3.9848 3.9772 3.9676 3.9552 3.938 3.9123 4.1635 4.0234 3.7882 3.2011 3.7458 6.4591 3.8509 2.9023 1.9855 1.8064 1.7094 1.6097 1.5647 1.5984 1.403 1.2713 1.2093 1.1154 0.7022 0.6412 0.573 0.521 0.3693 0.3062 0.2908 0.3834 0.611 0.612 0.6974 0.6307 0.7005 0.7813 0.7795 0.8422 0.67 0.5438 0.4473 0.3835 0.3026 0.2102 0.1811 0.2413 0.2828 0.3946 0.4197 0.5001 0.4587 0.5865 0.6504 0.7075 0.8318 0.9571 1.0679 1.1667 1.1696 1.1826 1.1833 1.1688 1.1815 1.4354 1.4522 1.6443 1.8213 1.8346
4.1028 4.119 4.141 4.1717 4.5539 4.5885 4.6436 4.7358 4.8959 5.8406 5.986 5.8651 4.4165 3.8108 3.0485 2.1865 1.9054 1.997 1.8703 1.8268 2.2612 2.3141 1.5027 1.3613 1.366 1.1798 0.9757 0.8243 0.6558 0.7659 0.5211 0.407 0.7418 0.6883 0.8575 1.064 1.5032 0.971 0.9268 2.0856 3.4941 3.5377 2.6628 1.9867 0.3841 0.3056 0.2184 0.2006 0.2332 0.2789 0.3875 0.4085 0.452 0.4902 0.5886 0.6493 0.6838 0.7143 0.9492 1.0642 1.1667 1.169 1.171 1.1829 1.1682 1.1681 1.4396 1.447 1.6376 1.8153 1.8273
4.2141 11.1646 11.1437 4.6962 4.7671 4.8735 5.0413 11.5777 11.6102 11.7056 14.2221 12.6711 9.8117 4.2484 6.7945 4.0782 2.2913 2.381 3.0908 2.854 2.6343 2.4366 2.7249 1.807 1.9767 2.3294 2.9868 2.8014 1.3408 1.2309 1.6178 1.5853 0.9832 1.6704 1.9593 2.1504 2.5644 2.3753 1.4245 1.9791 6.8256 5.2618 4.0612 3.1929 2.35 0.3429 0.2636 0.2103 0.2435 0.314 0.3609 0.4022 0.4144 0.4896 0.5901 0.6487 0.661 0.7078 0.944 1.0245 1.1668 1.1686 1.1703 1.163 1.1677 1.1677 1.4376 1.4433 1.6588 1.8107 1.8213
11.6268 11.682 11.7631 11.8826 12.0601 12.6027 19.0607 24.5572 24.37 23.2715 20.4274 19.1548 31.8532 29.9479 25.3123 15.7412 7.6209 4.4953 2.8082 2.9713 2.0708 2.9123 4.1475 2.7205 3.3098 3.799 3.8277 4.0378 3.2372 2.4373 2.9918 4.4295 2.675 2.4837 2.7324 3.3719 3.0218 3.402 3.0704 4.4901 7.2604 5.8382 4.8229 4.0803 3.5085 2.4281 0.289 0.2547 0.2501 0.3179 0.3595 0.399 0.4092 0.4383 0.5911 0.6035 0.6579 0.6857 0.8281 0.9526 1.167 1.1685 1.1699 1.1711 1.1673 1.1674 1.2764 1.4473 1.6542 1.6677 1.8166
12.0575 12.1879 19.4545 19.605 25.5956 25.7342 25.9476 26.3076 26.5273 27.0375 28.6294 36.1924 39.8451 38.5952 36.9198 33.0762 23.9859 19.803 8.8051 10.1153 10.3939 2.7469 2.613 2.4448 2.6397 3.0379 3.1104 3.4354 5.0863 2.8605 3.3495 4.0289 4.3351 4.289 4.8142 5.5805 4.4223 3.9544 4.4092 3.9402 4.4363 4.8154 4.8411 4.2411 3.9815 3.4334 2.8475 0.2618 0.2523 0.3211 0.3278 0.3721 0.406 0.4332 0.4026 0.6021 0.6558 0.6818 0.8233 0.9485 1.0245 1.1683 1.1695 1.1706 1.1627 1.1671 1.2757 1.4448 1.6508 1.6626 1.8128
25.8205 25.8918 25.994 26.1395 26.346 26.8577 27.1263 27.5561 32.4146 33.0012 34.6256 37.3745 38.9195 40.3379 40.0186 38.7636 39.8106 38.2494 30.6222 28.3964 33.1998 24.5347 6.6429 4.7299 17.2594 9.1725 3.1318 6.7681 8.5468 2.3143 4.5625 7.6087 9.2148 5.9857 5.236 4.8208 4.8533 4.4911 3.5959 3.1275 3.2086 3.9487 4.3405 4.4944 4.5506 3.8256 3.1299 2.8329 0.2583 0.2595 0.3287 0.3703 0.4041 0.4393 0.4367 0.601 0.6543 0.6791 0.8198 0.9454 1.0211 1.1683 1.1693 1.1702 1.1622 1.1669 1.1669 1.443 1.6482 1.6586 1.8098
26.1817 26.3044 26.4675 26.6851 27.1828 27.4623 32.9964 33.152 33.522 34.2597 35.4704 36.9006 39.9595 40.1062 39.9659 41.1394 43.8101 43.4561 42.7699 39.5791 39.2867 39.5492 35.3094 31.7715 32.5897 30.7574 22.8686 23.912 16.9749 17.8482 9.2661 18.7395 21.1294 14.8297 5.1267 4.9847 5.5918 8.4239 4.2248 4.2938 3.8769 4.1508 4.2517 4.5199 4.4027 4.4595 4.4895 3.0416 2.8289 0.7011 0.3298 0.3693 0.403 0.4371 0.4336 0.5511 0.6073 0.677 0.8172 0.9234 1.0184 1.1683 1.1691 1.17 1.1707 1.1625 1.1667 1.4571 1.4484 1.6554 1.8346
26.505 26.6664 26.8728 27.3396 33.3045 33.3705 33.5074 33.7583 34.1807 34.8255 35.6761 36.5827 39.8834 39.921 41.959 43.2721 44.4266 45.243 46.034 44.6457 40.2439 39.4814 36.6403 33.9085 37.1246 41.4116 38.6405 31.6809 33.8769 36.8253 29.7076 28.3924 36.2095 22.5258 10.0505 6.2435 6.8852 9.7167 8.5227 5.761 4.8733 4.6691 4.6765 4.3531 4.5159 4.6266 4.422 3.5737 3.2804 2.77 0.782 0.4097 0.3754 0.4358 0.4313 0.547 0.559 0.6755 0.6798 0.9203 1.0163 1.1683 1.169 1.1698 1.1704 1.162 1.1666 1.4554 1.4552 1.6528 1.6605
26.787 33.4768 33.4919 33.5275 33.5944 33.7078 33.8889 34.1641 34.5587 35.0815 35.7005 39.7934 39.8164 41.3525 43.0431 44.7614 45.446 45.9481 46.0176 44.7969 43.1293 40.4016 38.567 37.7473 38.5492 38.7085 38.4774 34.0688 34.1539 34.3944 33.456 30.9618 31.3193 23.4328 14.899 6.7937 7.1559 7.982 7.8049 6.4542 5.7007 5.1039 4.9658 4.9233 4.9195 4.5291 4.61 4.6688 4.1544 3.242 2.7662 0.8578 0.4146 0.4349 0.439 0.5439 0.5547 0.6555 0.678 0.918 1.0147 1.0192 1.169 1.1696 1.1702 1.1617 1.1623 1.4542 1.4534 1.6508 1.6577
33.617 33.6392 33.6777 33.7392 33.8326 33.9695 34.1636 34.4286 34.7732 35.1921 35.6583 40.7723 40.9459 43.3936 44.6184 45.3247 45.5121 45.7368 45.4963 44.5253 43.5759 38.6475 35.0268 33.3975 33.5333 33.8612 35.2809 34.8618 36.1167 33.9895 33.2791 30.8149 30.7969 21.1427 16.0255 11.6517 7.1085 7.5141 7.3236 6.4646 5.9767 5.6447 5.1886 5.0944 5.0494 5.0306 6.0956 4.6069 4.6542 3.7384 3.22 2.8253 0.8957 0.4343 0.438 0.5415 0.5512 0.56 0.6766 0.7803 0.9232 1.0175 1.1689 1.1695 1.17 1.1614 1.1619 1.2619 1.4591 1.6492 1.6554
