normal_rasters/0772100000297414.ascii
ncols 117 
nrows 105 
xllcorner 159425.432983
yllcorner 383935.950012
cellsize 0.25
nodata_value -9999 
[rows 0 to 30 of 105, columns 0 to 70 of 117]
28.8985 33.9843 34.0102 34.0375 31.7231 29.0102 28.99 28.141 28.1297 28.876 27.2491 22.5617 25.6008 22.4549 23.2464 23.3746 23.361 25.6412 24.2673 24.2854 27.737 24.1157 23.2765 23.2605 14.5833 15.9059 15.8482 11.046 12.4515 7.8443 8.5539 9.6522 9.7992 9.7928 7.1245 7.1112 7.0964 6.8549 4.8913 4.8561 2.7986 2.7894 14.8956 15.3529 20.4634 27.0226 27.8575 27.8685 27.8797 27.8908 27.9018 28.8103 38.131 33.2602 33.2691 31.2348 31.9543 31.9032 31.4531 30.1306 27.9575 28.0607 32.6169 32.549 29.6439 29.5589 29.1323 28.7803 28.9226 27.8777 27.9347
28.8963 28.9075 33.9992 34.028 31.7363 31.7056 28.9989 28.9763 28.1334 28.882 28.8576 27.2158 25.5891 22.454 26.6499 25.9054 23.3649 23.9719 25.6463 24.2779 27.7262 24.111 23.2851 23.2679 14.6071 15.93 15.8675 11.0783 12.4759 7.8421 7.8532 9.6535 9.6503 9.7945 9.7872 7.1184 7.1024 6.8655 4.8973 4.8583 2.8041 2.7939 14.6961 15.1925 20.4023 27.0154 27.0483 27.8749 27.8875 27.9002 27.9128 28.8322 32.826 33.2573 33.2669 31.2516 31.9825 31.9244 31.4469 31.4617 30.054 28.042 31.1369 32.5813 29.6946 29.5956 26.5035 29.0081 28.8785 27.8909 27.9645
28.8936 28.9056 33.9867 34.0171 31.1398 31.7188 29.0089 28.985 28.1377 28.1241 28.8628 27.2247 22.5616 25.6082 24.2539 25.9159 23.3696 23.9714 25.637 24.2691 27.7134 24.1051 23.2948 23.2764 23.2567 14.5888 15.8904 12.2775 11.0029 7.8393 7.8516 9.655 9.6514 9.7965 9.7885 7.1271 7.1096 6.8787 4.9049 4.8613 2.8105 2.7989 11.2533 14.9953 17.4501 24.0771 27.0411 27.8814 27.8956 27.9102 27.9247 27.939 32.8354 33.2531 33.2633 33.2765 31.2689 31.9527 31.8765 31.4542 30.0595 28.0127 32.0661 32.6259 29.7639 29.6485 26.5843 29.0426 28.8117 27.903 28.0009
28.8905 28.9032 33.9726 34.0046 34.0387 31.7337 29.0204 28.9949 28.1426 28.1281 28.869 27.2353 22.5612 25.5952 24.2429 26.6577 23.3751 23.3573 23.9675 24.2587 24.2824 27.7407 24.1318 23.2862 23.2649 14.6171 15.9176 12.3008 11.037 12.4063 7.8493 7.8633 9.6527 9.6485 9.79 7.1374 7.1185 7.0543 4.9143 4.8654 2.8178 2.8048 2.7908 14.7531 17.2756 20.6123 24.1097 27.0738 27.9041 27.9207 27.9376 27.9543 28.8663 33.3645 33.2578 33.2723 31.2952 31.9913 31.9014 31.4435 30.0683 27.9671 25.2059 32.6883 32.5627 29.7261 29.5548 29.1053 28.7078 27.91 28.0459
28.8869 28.9004 28.9144 33.9904 34.0265 31.7507 31.7121 29.0063 28.9775 28.1327 28.1163 28.8449 22.5607 25.5801 25.6198 26.6504 25.9084 23.3624 23.9667 25.6319 24.272 27.7265 24.126 23.2975 23.2744 14.6501 15.9501 12.3287 11.0784 12.4354 7.8464 7.862 9.6544 9.6496 9.792 8.4614 7.1295 7.0671 6.8318 4.8708 2.8265 2.8116 2.7955 11.2799 15.1741 20.5313 24.1321 24.1493 27.9129 27.932 27.9515 27.9712 28.3154 32.8257 33.2498 33.2652 30.7198 32.0445 31.9378 27.4087 30.0829 27.8969 25.2001 31.2609 32.6259 29.8422 29.6315 26.5852 28.8052 27.903 28.1014
28.8826 28.897 28.912 33.974 34.0123 32.2067 31.7292 29.0195 28.9886 28.1382 28.1204 28.8511 22.5602 22.561 25.6053 26.6418 25.923 23.3686 23.9659 23.9617 24.2595 27.7093 24.1185 23.3108 23.2855 23.2584 14.6257 15.894 12.2749 10.9691 7.8424 7.86 9.6563 9.6509 9.7945 9.7828 7.143 7.1166 6.8474 4.8782 2.8368 2.8197 2.801 2.7814 14.8771 20.4188 24.1559 24.1785 27.1059 27.9439 27.9666 27.9898 28.0132 29.5309 33.1424 33.2537 30.7412 30.7766 31.9923 28.6499 30.1079 29.8703 28.0783 23.2765 32.7242 28.4171 29.7621 26.8071 28.849 28.7933 28.167
28.8775 28.8929 28.909 33.9553 33.9959 34.0396 31.7489 29.0348 29.0017 28.1446 28.1254 28.8587 22.5597 22.5605 25.5882 24.2522 26.6614 25.8974 23.3521 23.9606 25.6257 24.277 24.1088 24.1563 23.2987 23.2688 14.6664 15.9314 12.305 11.0119 7.8373 7.8571 9.6588 9.6525 9.6461 9.7844 7.1598 7.1307 7.0256 4.8881 2.8492 2.8293 2.8074 2.7843 14.5007 17.3135 24.1802 24.2097 24.2376 27.9567 27.9831 28.0103 28.0384 28.3693 33.2694 33.2359 33.263 30.8135 32.0761 28.7082 27.3625 29.8232 27.9761 23.6079 30.9003 28.4949 29.9894 29.5188 26.4725 28.4861 28.2276
28.8716 28.888 28.9053 28.9233 33.9767 34.0233 32.2191 29.0524 29.017 28.9788 28.1313 28.1092 27.2299 22.5599 25.568 25.6217 26.652 25.9149 23.3591 23.9595 25.6088 24.2617 27.7278 24.1493 23.3144 23.2814 14.715 14.6301 12.3424 11.0658 10.8566 7.8529 7.8764 9.6545 9.647 9.7865 8.4764 7.1489 7.0412 4.9016 2.8764 2.8411 2.815 2.6103 2.5724 15.1321 20.7563 24.2423 24.2804 24.3152 28.0016 28.0334 28.0667 28.1026 29.479 33.0924 33.2344 30.8557 31.61 28.7968 27.5349 29.7525 23.9621 23.6075 23.6799 28.5729 28.9252 29.7815 26.2011 27.7699 28.1945
25.6476 28.8822 28.9007 28.9202 33.9545 34.0042 32.2148 31.7446 29.035 28.9937 28.1385 28.1143 28.833 22.5591 22.5602 25.6025 26.6405 25.9361 23.3679 23.9585 23.9524 24.2429 27.7035 24.1395 23.3333 23.2967 23.2569 14.6809 12.3896 12.255 10.8957 7.8471 7.8742 9.6572 9.6481 9.6393 8.4748 7.1725 7.0628 4.9202 2.8937 2.8556 2.8241 2.615 2.5695 14.6491 20.5886 24.2743 24.326 24.377 24.4206 28.0604 28.0989 28.1424 29.5863 28.1535 33.1846 30.8992 31.0114 32.1047 28.793 29.6431 24.0953 23.5362 23.9733 30.7915 29.1929 30.3959 26.7939 24.2467 27.7193
25.6538 28.8752 28.8951 28.9162 28.9384 33.9815 34.0395 31.7717 29.0563 29.0116 28.1473 28.1206 28.8423 22.5583 22.5595 25.5793 24.702 26.6687 25.9021 23.9576 23.9506 25.5957 24.2664 24.1261 23.3561 23.3154 23.2706 14.7439 15.9466 12.2939 10.9476 6.3578 7.8704 9.6608 9.6498 9.6389 8.4719 7.2036 7.0931 4.946 2.9156 2.8741 2.8352 2.6198 2.5644 10.8565 16.7924 24.3025 24.3711 24.4449 24.516 28.0947 28.1375 28.1866 28.8003 28.0862 28.7472 30.2081 31.1259 31.7678 28.9887 27.1469 24.3595 22.1369 24.4769 25.2962 28.7881 30.9669 28.7696 22.3032 25.5236
25.6605 25.6619 28.8883 28.9112 28.9353 33.9546 34.0169 32.2312 29.0815 29.0331 28.9802 28.1285 28.0971 22.5573 22.5586 25.5511 26.8277 26.6561 25.9286 23.3546 23.9489 23.9408 24.2421 27.7319 24.1887 23.3386 23.2878 14.8222 14.6882 12.3455 11.0171 6.3553 7.8645 7.9033 9.6521 9.6385 8.4671 8.5085 7.1361 4.9825 2.9441 2.8983 2.8492 2.6245 2.5556 2.4939 16.2023 24.3217 24.4094 24.513 24.6265 24.73 28.1915 28.2352 28.9167 24.9066 28.0179 29.9247 31.256 32.1304 29.4837 27.4768 24.0983 23.3286 24.7093 24.3137 33.8517 27.9157 27.2136 16.1661 15.7181
25.6677 25.6697 28.8801 28.9048 28.9311 33.9227 33.9897 32.225 31.7689 29.0592 29.0011 28.1384 28.1033 28.8029 22.5575 21.7062 25.6012 24.7187 25.9622 23.3679 23.9475 23.9379 24.2112 27.6948 24.1759 23.3675 23.3098 23.2463 14.7719 12.4154 12.1838 5.1532 6.3924 7.9022 9.6556 9.638 9.6224 8.5104 7.1983 6.9986 2.9822 2.9312 2.8671 2.6283 2.5408 2.4654 10.9619 20.73 24.4299 24.5674 24.7409 24.9364 25.088 28.3006 28.368 28.7414 28.0567 27.8615 30.4732 32.1153 31.4242 27.8855 23.4804 20.2372 25.4755 15.1062 14.1698 15.8396 18.7627 14.817 14.2912
25.7577 25.6781 25.68 28.8968 28.9256 28.2078 33.9567 34.037 32.2543 29.0908 29.0272 28.1511 28.1115 26.7539 22.5562 22.5581 25.5679 24.7044 26.6837 25.915 23.9463 23.935 28.4693 24.2437 24.1562 23.4043 23.3382 23.2642 14.8813 13.8469 12.2297 10.7754 5.1935 7.8987 9.6614 9.6376 9.6167 8.5109 7.3079 7.0417 3.0352 2.9778 2.8911 2.6296 2.5155 2.4226 2.3543 16.841 24.4168 24.581 24.8209 25.1641 25.5695 28.4932 28.2815 28.979 26.4582 27.1095 28.8387 34.2016 35.4158 27.5475 22.1958 17.0603 15.6166 12.7199 12.3867 13.4196 12.4731 12.9618 12.449
25.7538 25.6872 25.69 28.8869 28.9184 28.9521 33.9166 34.0038 32.2475 29.1294 29.0597 28.9816 28.1224 28.0745 22.5547 22.5567 21.7112 24.6854 24.748 25.9598 25.8841 23.9322 23.9183 29.01 27.7435 23.4515 23.3755 23.2885 23.1938 14.7856 12.2991 10.8496 5.2101 6.0808 7.9657 9.6379 9.6082 8.5088 8.596 7.1144 3.1122 3.0482 2.9248 2.6246 2.4716 2.3576 2.2829 12.5404 24.3542 24.5166 24.7846 25.2712 26.2016 27.3562 27.7574 29.3952 29.4049 23.6545 23.6517 25.313 18.3839 18.3775 17.3113 15.4874 12.4877 11.3551 11.4215 10.9936 11.3438 11.0277 8.7642
25.7479 25.7772 25.7009 25.7035 28.9091 28.9463 28.2231 33.9623 32.2378 31.8105 29.1004 29.0133 28.1371 28.0817 26.6787 22.555 21.7165 26.0242 24.7323 27.656 25.8886 23.9299 23.9126 27.0915 27.6806 24.2485 23.4255 23.3221 23.2072 14.9465 12.4076 11.9327 5.224 5.288 7.9758 9.6406 9.5949 9.5689 8.6221 7.2379 5.05 3.1721 2.9752 2.6039 2.3932 2.2575 2.184 3.4298 20.7565 24.3511 24.541 24.9218 25.9902 31.3377 23.9493 22.3733 23.6664 20.7171 19.596 16.6638 15.977 15.2468 14.4291 14.53 11.1857 9.4606 10.4437 9.6797 7.9723 8.0564 7.9445
25.7397 25.772 25.7127 25.7167 25.7189 28.9383 28.2274 33.9104 32.2242 32.2817 29.1518 29.0546 28.1569 28.0924 26.7175 22.5528 21.1307 21.7179 24.7097 27.4158 25.9513 23.9286 23.9068 28.3247 27.1712 24.2185 23.4937 23.3695 23.228 15.1771 13.8346 11.9461 5.2278 5.3255 6.2185 7.8824 9.5732 9.5329 8.6612 7.3043 5.1432 3.3732 3.0583 2.5409 2.2491 2.1043 1.0595 1.0666 16.4617 22.5004 22.6787 22.9303 23.58 19.0867 21.7768 17.2885 17.3604 18.7718 18.9369 15.7225 14.3651 13.3362 13.1189 11.7482 9.1499 8.9113 7.6788 7.0922 7.2706 6.8174 6.1388
25.7283 25.7639 25.8028 25.7314 25.7352 28.9274 28.2317 28.2423 33.9751 32.2706 29.217 29.1087 28.1839 28.1082 28.0264 22.5501 21.1286 21.7257 24.6768 24.7886 27.6647 25.8746 23.9014 23.8727 27.0788 24.1648 23.5892 23.4385 23.2609 23.0705 14.1724 11.9953 10.0878 5.3528 5.5244 7.9452 9.5381 9.4618 7.4468 7.4078 5.3024 3.814 3.217 2.3551 1.9859 1.0409 1.0505 1.0647 4.2738 18.8839 20.2903 19.9343 19.0607 17.2884 12.6026 14.6097 15.0171 15.5224 15.9035 13.7113 12.4267 12.086 11.9053 9.3101 8.6326 7.8408 7.2676 6.8344 6.1947 5.8138 5.2965
25.3442 25.7521 25.7955 25.7476 25.7536 25.7567 28.969 28.2472 33.9055 32.2535 28.4516 29.1804 29.0363 28.1317 28.0324 26.5744 21.1242 21.7357 25.9519 24.7648 27.6689 25.9259 23.8978 23.8582 28.2218 27.2499 27.5643 23.5421 23.3144 23.0661 15.3802 12.1329 9.9207 5.7643 5.6533 6.9995 7.9152 9.2923 7.8009 7.5319 5.2008 4.9997 3.6143 1.8429 1.5494 1.0096 1.0443 1.0691 2.0853 5.6995 8.9632 12.7061 11.6768 11.1629 10.9364 12.5097 12.7335 13.087 12.8274 9.9443 10.7339 10.3115 9.2154 9.2925 7.0632 5.8198 6.6044 5.8338 5.6514 5.2497 4.3181
25.3121 25.7353 25.7837 25.8377 25.7745 25.7804 28.9568 28.252 28.2666 32.2277 32.326 29.276 29.1113 28.167 28.0445 26.7134 22.547 21.1638 25.8788 24.7242 25.7844 27.6802 25.7522 23.8423 27.9323 27.1143 27.5992 23.7035 23.4046 23.0757 16.0593 13.4969 10.4104 5.4733 6.0901 6.658 7.1096 8.7462 8.6049 7.2364 4.3053 6.5608 4.6522 1.2969 0.8546 0.988 1.0619 1.9148 3.5581 3.4917 3.8453 6.4391 8.7961 9.7325 9.8598 10.7856 11.2743 11.0693 10.2854 9.3226 9.2564 8.7124 8.6638 7.0996 5.5457 5.4601 4.9445 4.6695 4.3404 4.1276 3.6118
25.2714 25.3339 25.7655 25.827 25.7977 25.8079 25.8123 28.2563 28.2717 33.9051 32.3051 29.4045 29.2178 25.4716 28.0674 26.7337 20.6399 21.1604 21.754 24.1647 25.7958 27.6909 25.891 23.8286 23.7391 26.8559 23.9692 23.9687 23.5584 23.1344 22.6743 14.3218 9.8942 4.7926 5.4518 7.9149 9.0649 5.5764 10.9315 8.8309 1.6893 1.3601 2.2983 0.9034 0.6774 1.1243 1.8536 2.6308 3.5572 3.5117 3.5873 3.8753 5.5872 7.5798 8.4668 9.6356 9.3174 10.2057 8.9191 8.6181 8.7349 7.0198 6.5087 5.4742 5.0673 4.38 3.9753 4.0602 3.5578 3.0632 3.1676
25.2204 25.2849 25.3643 25.8082 25.888 25.8396 25.8496 28.2605 28.2755 28.2985 32.2688 28.4172 29.3709 25.5789 28.11 27.8858 20.6914 21.1517 21.7764 24.0538 24.8727 27.7085 25.0583 23.8304 23.6683 27.3853 27.4844 27.4763 23.8014 23.3872 22.7662 15.8039 8.6285 4.1811 3.5444 6.8292 8.5735 5.287 6.3484 2.1265 1.4463 1.8305 2.1 1.8278 1.7994 1.9375 2.5691 3.2397 3.5562 3.6802 3.5883 3.6333 4.4346 5.681 6.0993 7.4716 7.2586 7.3039 8.0046 7.5289 6.1717 5.7343 5.1842 3.9955 3.4461 3.5015 2.9999 2.7388 2.5055 2.0124 1.9513
23.806 25.2218 25.3043 25.4081 25.8706 25.8758 25.8948 25.9011 28.2776 28.3011 32.2079 32.4106 29.2852 29.2688 25.5148 27.8778 26.298 21.1365 21.2322 25.4808 24.2943 25.9137 27.7361 25.6264 23.5724 26.1482 27.0091 27.8997 24.0784 24.3378 22.1071 17.4501 9.3354 3.7323 3.7479 4.0563 5.2298 3.9058 3.7134 6.3893 2.7659 2.7456 3.1676 2.9218 2.9471 2.8581 3.224 3.4819 3.519 3.694 3.5724 3.3378 3.3652 4.1207 4.6389 6.0707 5.9786 6.0925 6.9412 5.0732 4.6027 3.7186 3.0217 2.9305 2.349 2.1342 2.4243 1.5603 1.5306 1.7872 1.4936
23.6839 23.8117 25.2242 25.3334 25.4745 25.9664 25.9491 25.9677 28.2784 28.2978 31.1361 32.3598 28.4381 29.5531 25.7159 27.8914 26.1985 20.7589 21.2218 25.0585 24.0947 25.9718 26.6929 24.1789 23.5609 21.7971 24.3201 29.594 24.9049 16.8883 8.3755 13.1307 10.2704 4.4759 4.6374 4.7227 5.932 5.6104 5.7778 5.8528 5.0176 4.6098 4.3921 4.0409 3.3093 3.8528 3.3168 3.575 3.5099 3.5552 4.1344 3.906 3.7661 3.8006 4.1401 4.6111 5.2551 5.4627 4.0522 3.8496 3.6776 2.459 2.0558 1.9205 1.7649 1.6576 1.5343 1.4298 1.4361 1.4809 1.369
20.0797 23.6556 23.8185 25.2286 25.3797 25.5816 26.0128 26.0547 26.0605 28.2854 28.3346 31.5406 29.0977 29.5606 26.0854 25.4574 26.0472 20.9578 21.2225 21.473 23.6379 25.961 26.6145 25.7104 22.6125 19.6093 25.9005 24.4097 29.6445 7.2809 6.9349 9.8787 6.4679 5.3051 6.4666 7.2792 6.9445 6.1555 6.7131 6.7214 5.9004 6.8324 6.1759 6.6551 5.6481 5.7705 4.8755 3.6742 3.5448 3.2277 3.3412 3.6615 3.6475 3.6418 4.3328 4.3899 4.0801 3.9544 3.3476 2.9778 2.1391 1.9377 1.6788 1.5462 1.52 1.6604 1.5351 1.4514 1.6738 1.6912 1.7751
20.0208 20.1127 20.2307 23.8268 25.2373 25.4597 26.1032 26.1674 26.2064 28.2633 28.2915 26.2928 29.077 28.9497 26.8092 25.9071 26.6566 21.2675 21.4587 20.9622 22.4568 24.5504 27.811 24.5466 28.5479 16.2937 13.6669 7.4438 12.0445 6.7153 6.1964 6.1833 6.2462 6.8212 7.4147 8.0467 7.9487 8.187 8.6322 9.0346 8.6374 8.7506 9.5322 8.6796 7.274 7.1143 7.0613 4.9306 3.9941 3.4907 2.9751 2.6444 2.9302 2.9678 3.258 3.3532 3.3637 2.599 2.9276 2.2244 1.6878 1.7144 1.5871 1.561 1.6628 1.8995 1.7797 1.7196 1.7959 1.7715 1.7461
19.9412 20.0302 20.1506 20.313 25.0307 25.2572 25.6143 26.3066 26.427 28.2504 28.1831 26.4419 28.386 29.6625 30.4362 27.2826 24.7865 21.1394 22.3707 19.236 17.1575 22.7117 23.4908 18.7962 17.5545 12.2447 9.1476 7.9821 6.6289 6.345 6.119 6.1007 6.6243 7.0107 7.7932 8.4547 8.42 8.9062 10.1003 10.3997 10.8124 11.6815 11.9489 11.6827 10.7154 8.9003 7.9397 8.0288 5.3195 4.3168 3.5635 2.1633 2.2004 2.3233 2.6505 2.3571 2.4272 2.0872 1.9149 1.7233 1.6092 1.7903 1.7969 1.8579 1.9128 2.0642 1.9521 1.9225 1.8535 1.7599 1.7882
19.8385 19.916 20.0281 20.1908 20.4267 24.9374 25.3114 25.9661 26.7655 26.2215 27.9872 26.468 24.4457 29.2948 30.6175 32.3829 23.8695 17.5299 19.4054 17.4922 16.4855 17.0558 16.8901 16.6608 15.0524 13.6025 9.3515 7.2761 6.4581 6.1335 6.0414 6.3424 6.9956 6.912 7.9403 8.6882 9.0798 9.883 11.1154 11.3149 12.1712 12.6119 13.038 12.2759 11.9306 11.907 10.2097 8.7962 7.6246 5.7193 5.4251 3.5207 2.3519 2.2307 1.9859 2.0616 1.9891 1.9313 1.9378 1.8393 1.8295 1.8709 1.9784 2.1253 1.9842 1.9932 1.991 1.9248 1.8407 1.7163 1.785
19.5262 19.7676 19.8552 19.9955 20.222 20.5883 22.0719 25.5132 26.6571 27.0943 26.6617 25.2121 26.6514 28.69 25.7875 26.3514 19.1058 17.2861 13.5758 14.0887 14.4679 14.9048 14.7709 14.8055 14.2383 12.0488 7.3172 6.7004 6.1491 5.7771 6.0147 6.5409 7.4584 7.0981 8.2713 8.7593 9.5781 10.8211 11.4055 11.395 12.0432 12.9367 13.0744 12.5066 12.8729 12.3054 11.9391 11.4749 10.0766 7.4419 5.9985 5.6879 4.2146 2.8722 2.131 1.7883 1.8621 1.9398 1.9019 1.8599 1.9291 1.9585 1.9813 2.0169 1.87 1.8382 1.9486 1.8256 1.8162 1.7271 1.659
19.3743 19.4016 19.453 19.549 19.88 20.1984 20.8062 22.5269 24.714 27.9271 32.9206 20.4335 21.2472 20.0628 17.5581 17.0636 14.4245 13.5111 13.0337 12.449 12.9931 13.2018 13.1534 13.3486 12.2759 8.6913 7.9953 6.4421 5.6676 6.0698 6.2548 6.8449 6.8622 7.2436 8.2571 9.1016 9.6405 10.649 11.2456 11.7828 11.9562 12.2114 12.5637 13.0263 13.1242 13.258 12.6132 11.8054 10.9921 10.5164 7.3985 6.5855 5.6331 4.4144 2.1565 1.7794 1.6805 1.6899 1.8182 1.8618 1.8882 1.9724 2.0168 1.9534 1.7979 1.6859 1.7373 1.8447 1.8234 1.7289 1.6839
18.2321 19.1925 19.1801 19.1828 19.2269 19.3834 19.8441 21.0016 23.4857 26.1339 21.6498 20.1213 14.8678 14.9859 15.8319 14.132 14.1792 13.3251 12.476 11.4618 11.9891 11.7726 11.6713 10.0285 8.6301 7.5515 6.2017 5.6396 5.4295 5.6739 6.1535 6.2128 6.7221 7.943 8.4439 9.5147 10.2264 10.7617 11.324 11.7958 12.0138 12.0562 12.4949 12.981 13.348 13.3025 13.4629 13.1831 12.3689 11.5409 10.7257 6.9698 6.5983 5.6421 3.062 1.9411 1.4474 1.5914 1.7454 1.8449 1.8259 1.908 1.9239 1.9131 1.9095 1.7374 1.6789 1.6723 1.8426 1.9875 1.9163
17.9913 17.9623 17.9288 17.8902 18.6329 18.4348 18.2438 18.5094 18.0305 17.4378 16.1965 14.0113 13.7403 13.4175 13.2614 12.9892 12.0006 12.0739 12.2851 10.9818 9.7688 9.1104 9.4174 9.1454 7.931 6.3947 5.2091 4.9357 5.1458 5.0948 5.0881 5.8063 6.6212 7.8513 8.7635 9.6444 10.3693 11.071 11.5985 12.0333 12.3086 12.3747 12.394 12.6272 13.2222 13.3784 13.3835 13.3859 13.1645 11.7242 11.1325 10.2755 6.8361 5.6096 4.8057 2.7767 1.5691 1.4553 1.8161 1.8677 1.8203 1.8125 1.6771 1.919 1.9844 1.895 1.7203 1.6838 2.1356 2.1198 2.6394
