normal_rasters/0772100001000768.ascii
ncols 78 
nrows 78 
xllcorner 158368.867996
yllcorner 383895.332001
cellsize 0.25
nodata_value -9999 
[rows 0 to 30 of 78, columns 0 to 69 of 78]
11.8908 11.8848 11.878 10.3456 10.3386 10.129 9.9812 7.9693 7.9618 6.9697 8.2084 8.2291 9.4857 12.683 16.2997 16.387 16.4931 18.3816 18.4499 18.5318 18.627 18.7335 19.9085 19.9923 20.2659 20.3078 20.5723 20.5399 20.8544 20.8108 20.7675 20.7271 20.6912 20.6604 19.9918 19.955 19.9249 19.9008 19.2665 19.2487 19.2346 19.2233 19.2145 21.9067 22.046 23.9533 24.0677 27.265 27.3636 23.8206 27.4118 27.4211 21.4979 25.0809 25.0171 18.3174 18.2384 18.1659 18.0995 18.0389 17.9837 17.9334 17.8878 17.8463 10.4061 10.3781 5.4255 1.9527 1.9903 0.8926
13.9636 11.8906 11.8837 11.8759 10.3461 10.3381 9.9886 8.7623 7.9694 7.9604 6.9732 8.209 8.2338 9.4913 12.6768 16.2895 16.3985 16.5333 18.4024 18.4933 18.6036 18.7318 18.8729 20.0303 20.3178 20.3707 20.6245 20.5825 20.8742 20.8187 20.7648 20.7163 20.6748 20.0095 19.9616 19.9233 19.2861 19.2593 19.2386 19.2225 19.2102 19.2008 21.8677 22.0296 23.9428 24.0748 27.2721 27.3836 27.4227 27.4362 27.4453 25.1805 25.1016 25.0298 24.9648 18.263 18.1824 18.109 18.0423 17.9817 17.9269 17.8774 17.8327 10.4012 10.371 5.4232 1.9524 0.8825 0.8925 0.6106
13.9823 13.9592 11.8904 11.8824 11.8733 10.3467 10.3374 9.987 8.7619 7.9692 7.9583 6.9773 8.2095 8.2396 9.499 12.6691 16.2768 16.4163 18.3356 18.434 18.5601 18.7149 18.8932 20.0734 20.3831 20.4521 20.6918 20.6349 20.8961 20.8233 20.7556 20.6973 20.6502 19.9718 19.9215 19.2816 19.249 19.2245 19.2063 19.1929 19.1832 21.818 22.0081 23.9297 24.0835 27.2823 27.4092 27.4525 27.4664 27.4751 25.2161 25.1264 25.0451 24.9719 18.291 18.201 18.1193 18.0455 17.9789 17.9189 17.865 17.8166 10.3953 10.3627 5.4204 1.9521 0.8825 0.7021 0.7017 0.6103
15.2269 13.9804 13.9538 11.89 11.8807 11.87 10.3474 10.3363 9.9848 9.0952 7.9682 6.9791 6.9824 8.2096 8.2471 9.5099 12.6597 16.2608 16.4444 18.3451 18.4852 18.6701 18.898 19.1522 20.4673 20.562 20.7817 20.7006 20.9183 20.8206 20.7348 20.6658 19.9884 19.9197 19.2743 19.2337 19.2047 19.1842 19.1699 17.1665 21.7536 21.2021 21.3793 27.1221 27.2968 27.4424 27.4901 27.5043 27.512 25.2592 25.1563 25.0636 24.9804 18.3233 18.2219 18.1306 18.0485 17.9748 17.9089 17.85 10.4275 10.3882 10.3529 5.4171 1.9517 0.9309 0.7022 0.7017 0.6104 0.61
15.2472 15.2245 13.9781 13.9471 11.8894 11.8784 11.8657 10.3481 10.3348 9.9818 9.0926 7.9662 6.9845 6.9886 8.2092 8.1098 9.9233 10.078 16.2394 16.4892 18.3618 18.5756 18.8665 19.2195 20.5786 20.7184 20.9083 20.7831 20.9359 20.802 20.6941 20.0165 19.9182 19.2617 19.2102 19.1757 19.153 17.1992 17.175 17.1547 21.1509 21.3656 27.1115 27.3174 27.4859 27.5384 27.5524 27.5582 25.3118 25.1929 25.0861 24.9909 18.3606 18.2458 18.143 18.0511 17.9692 17.8965 17.832 10.4225 10.3796 10.3412 5.4131 1.9512 0.9308 0.6909 0.7018 0.6104 0.61 0.5413
18.2381 15.2478 14.865 13.9751 13.9387 11.8886 11.8754 11.8601 10.3489 10.3326 10.0127 7.9809 7.9625 6.9912 6.9967 8.2076 8.122 9.9309 10.1135 16.2087 18.1663 18.3941 18.7539 19.2535 20.7269 20.9596 21.1009 20.8833 20.934 20.7501 20.6197 19.9174 19.2397 19.1729 19.1321 17.2483 17.2127 17.1835 16.4004 21.0785 21.3425 27.1007 27.3466 27.5438 27.6012 27.6143 27.6169 28.9145 25.2381 25.1139 25.0039 18.4043 18.2732 18.1566 18.0531 17.9617 17.881 17.8101 10.4162 10.369 5.4625 5.4373 1.9801 0.9308 0.6909 0.7018 0.6105 0.6101 0.5414 0.541
17.5607 18.2381 15.2487 14.863 13.9713 11.9009 11.8874 11.8713 11.8525 10.3497 10.3293 9.1051 7.98 7.9558 6.9999 7.0075 8.2037 8.1385 9.9428 10.1741 16.1568 18.0684 18.4673 19.1606 20.9043 21.378 21.4304 20.9761 20.8721 20.6327 19.3561 19.1989 19.1107 19.0637 17.2715 17.2268 17.1914 16.4035 20.9743 19.5881 22.5154 27.3886 27.6218 27.6842 27.6952 29.0175 28.9402 25.2947 25.1487 25.0203 18.4559 18.3049 18.1716 18.0543 17.9514 17.8616 17.7832 10.4081 10.3561 5.4586 5.431 1.9791 0.9307 0.691 0.7019 0.6106 0.6101 0.5415 0.541 0.5406
18.6665 17.5618 18.2383 15.2498 14.8604 13.9663 11.9022 11.8857 11.8657 11.8419 10.3505 10.3243 9.1026 7.9766 7.0023 7.0113 7.0226 8.0517 8.1615 9.9638 10.5102 15.5984 17.8388 18.6723 20.2074 22.1936 22.0487 20.8968 20.666 19.5457 19.1182 19.002 17.3729 17.2974 17.2406 16.4847 16.4 19.4586 19.52 19.8459 27.4496 27.7289 27.7961 27.8026 29.0679 28.9736 25.3669 25.193 25.0411 18.5176 18.3419 18.1881 18.0541 17.9377 17.837 17.7501 10.3978 10.3402 5.4537 1.9866 1.9779 0.9305 0.691 0.702 0.6108 0.6102 0.6097 0.5411 0.5406 0.5401
18.5243 18.6661 17.5633 18.2385 15.2512 14.7388 13.9597 11.9037 11.883 11.8576 11.8269 10.3511 10.3163 9.0973 7.9684 7.0137 7.0272 7.0459 8.0315 8.6329 8.8003 10.6992 15.0452 17.1885 19.3232 21.3268 21.0487 20.3623 19.4601 18.4433 17.5742 17.4264 17.3256 17.2526 16.4902 16.3846 14.6992 19.4015 19.8309 26.1845 26.504 31.4571 27.9483 29.1354 29.0182 28.9171 25.2502 25.0681 22.7972 18.3857 18.2064 18.0518 17.9191 17.8057 10.4584 10.3845 10.3205 5.4474 1.9861 1.9764 0.9304 0.6911 0.702 0.6109 0.6103 0.6097 0.5411 0.5406 0.5401 0.5397
18.5252 18.5237 18.6655 18.2448 17.1877 14.8962 14.7349 13.9505 11.9056 11.8789 11.8455 10.3856 10.3515 10.3032 9.0863 7.9498 7.0285 7.0503 7.0872 6.807 8.6 10.3372 11.2479 13.2209 14.9255 19.8347 19.7229 19.3841 18.3371 17.7188 17.4946 17.3622 16.684 16.4849 14.934 14.728 19.1975 19.7757 26.2008 26.6198 31.5953 29.3981 29.2283 29.0793 28.9519 25.3257 25.1037 22.8251 18.4381 18.2266 18.0465 17.894 17.7653 10.4508 10.3672 10.2957 5.4394 1.9854 1.9746 0.9302 0.6911 0.7021 0.7014 0.6104 0.6098 0.5412 0.5406 0.5401 0.5396 0.5391
18.5263 18.5248 18.523 18.5269 18.2467 17.1896 14.9016 14.7296 13.9374 11.9079 11.8723 11.8267 10.398 10.351 9.1257 9.0624 7.9077 7.0463 7.0865 7.0718 7.06 8.4026 10.0787 12.3492 12.9977 11.7506 15.6188 16.2456 18.1425 17.5888 16.9777 16.4265 16.0062 15.0241 14.7328 18.8461 19.638 23.7602 26.775 31.8034 33.0205 29.3603 29.1658 29.0008 25.4277 25.1518 22.86 18.5017 18.2488 18.0366 17.8596 17.7127 10.4398 10.3446 5.3849 5.429 1.9844 1.9723 0.93 0.6912 0.7023 0.7015 0.6106 0.6098 0.5414 0.5407 0.5401 0.5395 0.539 0.5386
18.2124 18.5262 18.5243 18.5221 18.5271 18.2494 17.1923 14.9093 14.7219 13.9178 11.9106 11.8611 11.796 10.4168 10.3488 9.1402 8.1931 7.8085 7.0557 7.1388 7.4011 7.777 7.0652 7.7979 9.1487 9.9652 10.4745 13.3544 14.6924 17.4745 17.038 15.5995 15.0665 14.6545 13.9006 18.0551 23.2119 26.9814 30.5415 33.13 29.5552 29.2932 29.0724 28.8926 25.2182 22.9045 18.58 18.273 18.0197 17.8122 17.6432 10.4239 10.3148 5.3766 5.4155 1.9831 1.9694 0.9298 0.6912 0.7024 0.7015 0.6107 0.6099 0.5415 0.5407 0.5401 0.5394 0.5389 0.5384 0.538
18.1671 18.2139 18.526 18.5237 18.5209 18.5276 18.2535 17.8684 14.9212 14.7103 13.887 11.9139 11.8407 11.7421 10.7047 10.0539 9.1592 8.8474 7.2933 6.9542 6.738 6.7563 6.1404 6.5552 7.4922 8.4483 8.3686 9.7858 12.4348 13.4161 14.7655 13.5287 12.5561 12.5304 12.3274 18.1681 27.6382 30.7301 33.3106 33.0808 29.49 29.182 28.9357 23.291 22.9626 18.6782 18.2986 17.9917 17.7457 17.55 10.4011 10.2749 5.365 1.9342 1.9195 0.9608 0.9294 0.6913 0.7027 0.7016 0.611 0.61 0.5417 0.5408 0.54 0.5394 0.5388 0.5382 0.5377 0.5375
19.1378 18.1693 18.2158 18.5258 18.5229 18.5192 18.5286 18.1696 16.7184 14.8218 14.6917 12.669 11.917 11.8001 10.7435 10.696 10.0775 9.1683 7.8054 7.3288 6.426 5.2218 5.0004 4.9958 5.6211 6.6344 7.0284 8.0478 9.4244 11.4122 11.5873 11.6489 11.9474 10.4396 15.6679 22.5869 30.9532 31.1745 33.2825 29.8129 29.3601 29.0049 23.4797 23.0408 21.0423 18.3244 17.9462 17.651 10.5516 10.3679 5.4295 5.3486 1.9333 1.9163 0.9605 0.929 0.7391 0.7815 0.7017 0.6112 0.6102 0.5419 0.5409 0.54 0.5393 0.5386 0.538 0.5375 0.5372 0.5378
19.9121 19.1344 18.1723 18.2186 18.5257 18.5218 18.5168 18.5305 18.1741 16.7264 15.5779 14.6594 12.677 11.9156 11.7103 10.7597 10.6568 9.9764 9.3738 7.7854 7.3643 6.3473 4.6816 4.7924 4.9525 5.7058 6.3939 6.8649 8.6014 9.8024 10.2402 10.4492 10.454 10.0141 16.1834 28.2099 31.7105 34.3591 32.0583 29.6726 29.1238 28.7325 23.1487 21.0705 18.3469 17.8721 17.5133 10.7694 10.3189 5.4211 5.325 1.9318 1.9117 0.9602 0.7387 0.7392 0.7815 0.7019 0.6116 0.6103 0.6092 0.541 0.54 0.5392 0.5384 0.5377 0.5372 0.5368 0.5374 0.538
19.8112 19.9135 19.1293 18.1765 18.2227 18.5256 18.5203 18.5132 18.5344 18.1814 16.7387 15.6116 14.5993 12.6894 11.8796 11.5074 10.7464 10.6309 9.6526 8.7274 8.012 7.2273 6.4534 4.467 4.5949 4.7871 5.3958 5.86 7.0334 8.7241 9.7801 10.6092 10.1705 13.8739 26.6629 29.9187 35.0378 32.699 30.2787 29.3447 28.7193 23.301 21.089 20.5995 17.7501 11.6512 10.7255 10.2451 5.6486 5.2906 1.9291 1.9053 0.9598 0.7387 0.7393 0.7815 0.7021 0.7006 0.6106 0.6093 0.5412 0.54 0.5391 0.5382 0.5374 0.5368 0.5363 0.537 0.5377 0.5383
19.8313 19.8172 19.9152 19.705 18.1825 18.2292 18.5258 18.5181 18.5071 18.1772 18.1948 16.7602 15.6781 14.4952 12.8323 11.5744 11.127 10.66 9.7135 8.9398 8.647 7.4832 6.5056 5.0538 4.8391 4.74 4.909 5.8614 6.7123 7.1495 9.3305 10.534 9.8327 17.2821 28.2395 34.6744 35.589 32.7173 29.7854 28.683 23.5145 21.0777 20.411 12.0632 11.6287 11.3251 5.7752 5.6172 5.2393 1.9245 1.8959 0.9592 0.7388 0.7395 0.7816 0.7023 0.7006 0.6109 0.6094 0.5414 0.5401 0.5389 0.5379 0.5371 0.5364 0.5358 0.5366 0.5374 0.5381 0.6312
18.7953 19.8433 19.825 19.917 19.6871 18.1918 18.2399 18.2204 18.5144 18.4955 18.1869 17.7645 16.5033 15.7823 14.0006 12.3763 11.2512 11.3729 10.8504 9.1229 8.6866 8.1901 7.1015 6.351 5.4786 5.1655 4.9361 5.2883 5.6376 6.531 7.3261 9.4654 9.0593 20.3362 32.1307 37.2566 35.6841 31.658 26.784 25.74 20.9907 20.0576 12.1791 11.5665 11.1685 5.7663 5.5635 2.1173 1.9168 0.9007 0.9583 0.7389 0.7397 0.7816 0.7027 0.7007 0.6113 0.6095 0.5417 0.5401 0.5388 0.5376 0.5367 0.5359 0.5352 0.5361 0.5369 0.5377 0.6306 0.6335
18.8083 18.8192 19.8601 19.8353 19.9186 19.6573 18.2071 18.2599 18.2316 18.5073 18.468 18.2076 17.8516 16.6647 15.4311 13.9134 11.4904 11.2524 11.2271 10.4787 8.9322 8.5394 7.9163 6.9192 5.9277 5.3561 4.8808 4.9989 5.3931 5.7728 6.3991 7.4757 19.0713 32.6124 36.8308 34.7843 30.6912 26.1801 25.1137 18.3945 17.1972 14.3717 11.4157 6.9117 5.734 5.4689 2.1135 1.9036 0.8999 0.9568 0.6786 0.7401 0.7818 0.7803 0.7008 0.6118 0.6097 0.5421 0.5402 0.5386 0.5373 0.5362 0.5353 0.5344 0.5354 0.5364 0.5117 0.6299 0.6331 0.662
18.8208 18.8364 18.8522 18.8657 19.8495 19.7892 19.6036 18.2422 18.3021 18.2617 18.4893 18.3756 18.2643 19.7748 14.901 13.0947 12.4572 11.4875 11.5004 11.0255 10.5463 9.4457 8.0645 7.9176 6.3765 5.7886 4.6817 4.5852 4.926 5.477 8.1944 23.7408 30.7814 31.8943 30.4611 28.7558 25.0551 24.2813 20.3855 17.3026 14.1293 9.5937 6.8868 6.4899 2.2046 2.1031 1.88 0.8984 0.8927 0.6792 0.7406 0.782 0.7801 0.7009 0.6126 0.6099 0.5426 0.5403 0.5384 0.5369 0.5356 0.5346 0.4587 0.5346 0.5358 0.4773 0.5127 0.6327 0.6618 0.6643
18.8316 18.8526 18.8762 18.9006 18.9214 19.87 19.7639 19.4953 18.2954 18.4096 18.3849 18.403 17.989 17.8873 15.3449 14.0299 13.0427 14.4988 11.7458 11.4934 11.0032 10.3749 9.0775 8.064 8.2104 7.2325 6.1323 4.4341 7.498 10.9033 17.6299 33.9554 31.6678 28.3359 25.2697 25.151 22.069 19.6263 17.9817 12.4889 9.5153 6.7161 6.1571 2.2322 2.077 1.0625 0.8952 0.6759 0.6801 0.7414 0.8006 0.7523 0.6737 0.6715 0.6104 0.6076 0.5405 0.5382 0.5364 0.5349 0.5337 0.4585 0.5337 0.5351 0.477 0.5125 0.6367 0.6615 0.6644 0.7299
18.8387 18.8651 18.8973 18.9358 18.9783 19.0139 19.8991 19.6743 19.2471 18.4204 18.7753 19.6153 17.8636 17.6951 15.7277 14.6142 15.2882 14.9373 12.3812 11.7939 11.8042 10.6654 10.1495 9.4048 9.0638 8.6416 7.9771 6.6747 9.8405 26.1288 27.7752 31.1481 27.5428 24.7232 22.6038 19.441 19.327 16.5358 12.584 7.7972 6.1423 3.7071 2.2572 2.0105 1.0583 0.8881 0.6754 0.6817 0.7427 0.8004 0.7523 0.6746 0.6717 0.611 0.6075 0.5409 0.538 0.5358 0.534 0.5326 0.4583 0.5325 0.5341 0.4767 0.5123 0.6359 0.6612 0.6644 0.73 0.7361
18.8402 18.8703 18.9097 18.9625 19.0328 19.1201 19.1949 19.9209 19.2738 18.6836 18.81 18.7861 18.022 17.248 16.9467 15.1019 14.8758 14.5782 13.5604 12.5171 12.2308 11.9437 10.4784 10.0023 9.562 9.6563 10.0894 13.423 30.6206 33.9524 29.5741 27.1733 24.3217 21.7127 19.4734 17.7853 15.748 13.6138 8.8484 5.7076 3.5554 2.7138 1.8452 1.0447 0.8698 0.6745 0.6846 0.7451 0.8001 0.7523 0.6762 0.6722 0.612 0.6074 0.5414 0.5378 0.535 0.5328 0.4715 0.458 0.4569 0.4743 0.4762 0.512 0.635 0.6608 0.6645 0.7301 0.7321 0.7379
18.2848 18.3355 18.4039 18.9669 19.0588 19.2065 19.4409 19.665 18.9806 17.1901 17.7621 18.0913 17.5 17.3503 17.1937 16.7977 15.9846 15.6223 14.3061 14.0336 13.6949 12.5284 11.7562 10.3118 9.894 10.3671 19.2109 41.9745 35.679 31.6768 28.0554 25.6476 21.3804 18.8837 16.5744 14.5417 12.4739 11.0545 5.4702 3.2465 1.9196 1.508 0.9732 0.8128 0.6726 0.6911 0.8045 0.7996 0.7525 0.7065 0.673 0.6523 0.6074 0.5422 0.5375 0.5339 0.5313 0.4711 0.4576 0.4563 0.4733 0.4756 0.5117 0.5395 0.6604 0.6647 0.7302 0.7325 0.7699 0.7696
18.2501 18.293 18.3512 18.4342 18.5615 18.7796 19.2243 20.5057 21.0563 17.802 15.8322 16.451 16.8168 17.2729 17.6103 18.19 19.1357 17.7031 16.7387 16.0161 16.7005 14.0535 12.9155 12.2834 11.7334 11.7918 31.6352 33.8859 31.9843 28.2359 23.6435 21.2443 19.3779 15.3257 12.6442 10.9823 9.3152 5.7845 4.3981 2.4673 1.67 0.6495 0.6006 0.6703 0.7107 0.7609 0.7986 0.7942 0.7074 0.6583 0.6524 0.5915 0.5436 0.5372 0.5325 0.5292 0.4705 0.4569 0.4555 0.3974 0.4747 0.4816 0.5393 0.6381 0.6802 0.7304 0.733 0.7702 0.7698 0.7665
18.2053 18.2352 18.2738 18.3252 18.3964 18.4998 18.651 18.6704 16.6546 14.2544 15.2221 15.5067 16.0684 17.1147 18.4575 18.8965 19.2933 19.2378 20.7216 21.7229 17.2449 15.2336 14.5267 13.3314 13.345 26.9022 31.9188 29.6537 28.3496 23.153 19.7133 17.6995 15.529 12.9968 10.0134 7.6281 6.6626 5.0914 2.4509 1.4067 0.8121 0.5303 0.6976 0.7995 0.7874 0.7956 0.7885 0.7094 0.7049 0.653 0.5936 0.5716 0.5369 0.5306 0.4719 0.4696 0.456 0.4543 0.3975 0.4735 0.481 0.4838 0.5418 0.6799 0.7306 0.7337 0.7706 0.7702 0.7667 0.7663
18.1541 18.1684 18.1828 18.1944 18.1942 18.1517 17.9544 17.1952 14.2958 15.1916 14.278 15.9715 16.4062 16.8772 18.8679 20.8601 22.5468 23.9451 26.2448 28.0469 22.4531 15.6796 15.368 18.2074 22.1859 31.3874 28.0164 25.9059 23.7752 21.0102 16.616 14.5163 12.6377 10.9399 8.2633 5.9715 3.8573 2.3803 1.3816 1.0959 0.6402 0.7876 0.8648 0.851 0.7755 0.7739 0.7144 0.7052 0.6549 0.6175 0.5717 0.5367 0.5005 0.4714 0.4683 0.4546 0.3991 0.3975 0.4717 0.4801 0.4836 0.5421 0.6794 0.7308 0.7345 0.7711 0.7706 0.7671 0.7666 0.7662
18.1013 18.1003 18.0924 18.0704 18.0186 17.9025 17.6523 15.8302 14.0937 14.3263 13.9136 15.5489 17.0299 18.5921 19.1042 21.0411 24.3231 26.4432 28.8004 28.512 23.4596 19.5072 20.4809 18.4748 29.2738 27.7221 24.0328 22.2439 19.8602 16.8269 13.761 12.8406 10.3941 7.6288 6.553 3.7415 2.4749 1.5114 1.0499 0.6749 0.6046 0.7925 0.8183 0.7593 0.7408 0.7266 0.7094 0.6397 0.6189 0.5724 0.5599 0.5002 0.4703 0.4662 0.4124 0.3995 0.3975 0.396 0.4788 0.4833 0.5425 0.6788 0.7312 0.7355 0.7672 0.7711 0.7705 0.7669 0.7664 0.8414
18.0512 18.0378 18.0137 17.9711 17.8968 17.7699 16.0264 14.0072 14.5023 14.5882 15.0513 15.5517 17.8976 19.6497 23.0542 26.5613 23.2787 24.5121 31.672 24.8455 18.906 22.2387 28.1731 28.0849 27.7404 22.9217 20.3428 18.0965 15.5123 13.347 11.8636 7.5441 5.2802 4.5055 3.4167 1.3401 1.1064 0.6683 0.5985 0.6799 0.7176 0.8009 0.7957 0.7438 0.7069 0.7194 0.6676 0.627 0.5896 0.5239 0.4898 0.4683 0.4625 0.4127 0.4106 0.3972 0.3998 0.4767 0.4828 0.5241 0.6779 0.7316 0.737 0.7677 0.7717 0.771 0.7673 0.7667 0.8415 0.8414
18.0068 17.985 17.9516 17.9005 17.8236 16.0913 14.4294 14.3491 14.7104 15.0068 15.2667 16.4848 18.9688 22.8592 27.2907 29.2727 23.9937 21.5633 18.0444 21.6328 21.6552 30.4862 32.3256 29.6559 24.1326 20.7193 17.7487 14.4291 13.0756 10.2973 6.7567 5.7189 4.3749 2.1912 0.9842 0.3155 0.5487 0.6985 0.8038 0.7877 0.7707 0.7437 0.7355 0.6886 0.6511 0.6556 0.6387 0.5962 0.5203 0.4977 0.475 0.437 0.4129 0.4099 0.3965 0.3993 0.4733 0.4817 0.5242 0.6766 0.7323 0.7581 0.7683 0.7725 0.7717 0.7678 0.7671 0.8416 0.8415 0.9035
17.9695 17.9432 17.9061 17.8544 15.6572 14.44 14.3389 14.74 15.0405 15.1509 16.5893 17.8731 21.3829 26.1754 31.9705 32.1238 27.7394 19.8893 23.0775 26.83 29.5315 32.9835 30.1923 26.2065 22.6978 19.8666 14.6431 13.1836 10.6605 7.9748 5.4119 3.6304 2.1709 1.2514 0.6715 0.584 0.7309 0.7456 0.7546 0.7534 0.7396 0.6932 0.6541 0.6602 0.6485 0.6018 0.5628 0.5228 0.4861 0.4536 0.4352 0.4125 0.4081 0.3833 0.3982 0.3997 0.4797 0.5242 0.6746 0.7527 0.7581 0.769 0.7735 0.7725 0.7685 0.7675 0.8417 0.8416 0.9033 0.8679
