normal_rasters/0772100001000779.ascii
ncols 68 
nrows 63 
xllcorner 158313.429993
yllcorner 383930.638
cellsize 0.25
nodata_value -9999 
[rows 30 to 59 of 63, columns 0 to 67 of 68]
26.4739 26.4424 26.3951 24.9734 24.9317 24.8409 23.6569 23.4006 22.3631 21.7403 21.4429 21.1541 21.0341 21.0299 20.9094 20.8382 20.8276 20.7036 20.486 20.1393 20.0727 19.9923 19.7503 20.0187 20.2198 20.3454 20.3314 20.3396 20.4004 20.3843 20.3594 20.4567 20.376 19.2168 16.3667 19.1867 18.6805 14.4715 15.0755 11.8692 12.3447 13.9198 15.0298 16.9299 18.9277 21.7242 24.7433 12.7696 5.0466 5.4235 5.5678 5.0387 5.1381 4.5263 4.973 3.2194 3.1505 2.2848 1.5527 2.3701 3.0763 3.2369 3.2999 4.162 4.2053 4.2344 4.2547 4.2696
24.9221 24.9099 24.8868 24.8454 23.6393 23.5533 23.1202 21.9802 21.8507 21.386 21.3249 21.0181 20.9388 20.8808 20.8711 20.799 20.7185 20.5575 20.0837 20.0215 20.0219 19.7664 19.5748 19.7932 20.1995 20.2707 20.3095 20.4304 20.3585 20.359 20.3701 20.3573 20.2678 16.7656 17.0645 19.7379 18.0339 17.4889 11.3574 11.188 12.031 12.5512 13.8584 15.7558 16.9676 18.5582 21.3271 24.1205 16.2964 5.7683 5.8694 6.0202 6.1841 6.0976 6.2258 5.5153 5.1978 3.6682 3.0532 3.8637 4.0364 4.1486 4.2101 4.2455 4.2675 4.2822 4.2926 4.3002
24.8603 24.8369 24.8008 23.5707 23.2265 23.1158 21.9568 21.8918 21.3534 21.3328 21.1086 20.9762 20.8714 20.8355 20.8319 20.7589 20.6261 20.4736 20.1283 20.0117 19.9875 19.7463 19.674 19.7503 20.0867 20.2476 20.2664 20.4381 20.4486 20.4429 20.454 20.3697 19.1131 13.7881 19.1691 11.1342 12.1983 11.8725 10.8458 10.1868 9.8657 12.3045 13.3173 14.2975 16.1498 16.9099 18.8606 22.1319 22.6756 17.67 7.8294 7.9494 8.6955 6.4231 6.2961 6.5964 6.2921 5.3692 5.0697 4.2188 4.3442 4.3528 4.3445 4.3386 4.3352 4.3334 4.3326 4.3323
24.3705 24.3295 23.2481 23.1951 23.118 21.9458 21.9074 21.3398 21.3302 21.2987 21.0282 20.8529 20.8027 20.7308 20.6811 20.6247 20.4737 20.1675 20.0113 19.9617 19.8418 19.6867 19.775 19.8615 20.1611 20.2979 20.3521 20.4655 20.4538 20.4317 20.3681 20.3645 18.9643 19.5291 14.2187 8.4712 8.247 8.1089 8.8592 8.5485 8.8832 10.7202 12.4773 13.483 14.2159 15.3756 16.0897 18.5128 22.3944 22.2107 13.4341 9.9695 11.2086 13.6394 12.8554 7.7473 9.1651 10.4346 6.4462 5.962 5.7168 4.548 4.4703 4.4266 4.4 4.383 4.3716 4.3638
23.2487 23.2192 23.178 23.1216 21.9397 21.9145 21.3328 21.3271 21.3101 21.0484 20.8465 20.793 20.7693 20.7042 20.6201 20.4905 20.4452 20.0541 19.8239 19.7937 19.5694 19.6265 19.7356 19.8594 20.023 20.419 20.4259 20.4665 20.3922 20.4366 20.4183 19.6729 20.1077 15.5756 6.4974 6.4466 7.4534 7.3867 6.2735 7.7283 9.0376 9.9757 10.9736 12.552 12.7952 13.3943 15.6276 16.3363 18.1583 20.2966 22.6435 17.5309 15.0424 16.1219 15.4861 14.6138 13.8688 14.4304 10.8468 8.6142 8.1354 6.079 6.051 6.0578 4.4547 4.4265 4.4069 4.3928
23.2008 23.168 23.1251 21.9359 21.9182 21.3286 21.3242 21.3141 21.0561 20.844 20.8369 20.7806 20.6965 20.6036 20.5733 20.4067 20.0482 19.6789 19.5114 19.3922 19.3567 19.5246 19.7001 19.9523 20.1251 20.3804 20.4038 20.4639 17.3613 19.7837 19.4596 13.771 17.6781 7.8393 5.7511 5.4237 5.7359 5.4382 5.7687 6.8925 8.8026 9.5479 10.1162 10.6033 11.8454 12.7001 13.7335 15.4946 16.8648 19.0416 20.539 23.6624 16.3466 17.397 17.6616 18.956 17.6354 15.7297 13.2225 10.7926 8.9896 8.6289 8.4792 8.4287 7.115 7.1092 7.114 4.4179
23.162 23.1283 21.9333 21.9202 21.3258 21.3223 21.3156 21.0594 20.843 20.8387 20.7844 20.6966 20.6751 20.5848 20.4216 19.976 19.6272 19.2613 19.052 18.7275 18.9515 19.2414 19.7843 20.0388 20.4011 20.4763 20.3817 20.4016 15.6566 19.0728 16.7925 19.4431 9.6355 5.1442 5.3786 4.2537 4.2612 3.7857 6.1068 7.0415 7.9415 9.1935 9.5885 9.6949 10.1723 12.3714 12.9095 13.6852 16.5488 18.9642 16.7471 23.8154 16.714 16.0006 20.0481 20.2537 19.4169 17.7723 15.7473 12.8737 10.2941 9.0594 8.8233 8.6965 8.6317 8.6019 7.2329 7.2212
23.131 21.9316 21.9214 21.3238 21.3209 21.3161 21.3066 20.8424 20.8396 20.786 20.6959 20.6882 20.4588 20.4341 19.8722 19.7868 19.2314 18.9543 18.4419 18.4214 18.7194 18.9955 19.4729 20.2943 20.7055 20.5565 20.4374 19.5215 17.8638 14.5521 6.6723 8.8831 5.0722 3.9668 2.6502 0.2391 2.1917 2.399 5.9972 7.0119 8.0093 8.5697 8.751 8.8262 9.4933 10.7548 11.9007 13.6232 14.5773 16.2585 18.4581 19.9477 24.1874 24.9573 22.4638 20.7448 20.2875 19.145 17.5785 17.2545 14.4612 12.5528 9.9348 8.9088 8.8092 8.7486 8.713 8.6932
21.9302 21.9222 21.9112 21.3199 21.3163 21.3096 20.8421 20.8401 20.7868 20.7835 20.6902 20.6435 20.4378 20.132 19.8086 19.3543 18.9737 18.6772 18.5282 18.5308 18.576 18.8599 19.5506 20.4195 20.6232 20.7176 20.5994 18.6713 18.0324 13.6548 5.4246 4.7671 4.4193 3.4185 1.2807 1.4117 3.0583 3.8344 5.6684 6.1906 7.6693 8.2971 8.3608 8.3645 8.9718 9.6443 11.5304 12.656 14.2634 14.8423 16.8361 20.0549 23.5739 27.9987 26.5893 24.7794 20.7779 19.2299 19.0677 17.4775 17.2918 14.4829 14.2878 11.038 8.9502 8.8723 8.8198 8.7851
21.9227 21.9135 21.3191 21.3163 21.3114 20.8419 20.8404 20.7872 20.7849 20.6911 20.6465 20.4386 20.1409 19.683 19.3705 19.0079 18.7129 18.577 18.5789 18.6183 18.7423 18.957 19.6033 20.2549 20.6629 20.7563 18.676 19.9789 15.405 6.8994 5.1905 4.7149 2.9243 1.3955 0.633 2.5088 3.4893 5.0269 5.4226 5.9829 6.6994 7.8387 7.6962 7.6262 8.6022 9.4374 10.3634 12.574 13.3522 15.1791 19.1155 21.0112 23.3509 27.6838 27.212 26.0147 24.6838 22.6089 19.129 19.0425 17.4207 17.3019 14.4915 14.3532 11.6564 8.9717 8.9098 8.8653
21.9152 21.3184 21.3162 21.3125 20.8418 20.8406 20.7874 20.7858 20.6915 20.648 20.4384 20.145 19.6807 19.3836 19.0115 18.7232 18.6729 18.6094 18.6698 18.8696 19.1032 19.2909 19.6901 19.3698 20.477 18.972 15.7171 15.2537 6.8529 5.2242 4.9053 4.1365 1.2833 1.1598 2.7079 3.8898 4.6187 5.1676 5.13 5.1674 6.4473 7.394 7.6897 7.467 8.0698 8.5555 9.1385 11.4467 13.1226 15.7024 19.1794 21.4698 22.0777 24.778 26.1572 26.135 25.1156 24.6112 22.6992 20.8491 19.033 17.3853 16.3616 14.4944 14.3916 11.7039 11.6024 8.9332
21.3179 21.3161 21.3132 21.0573 20.8408 20.7875 20.7863 20.6917 20.6893 20.438 20.189 19.723 19.0316 19.0142 18.7279 18.6893 18.6183 18.6661 18.9047 19.1357 19.3116 19.6143 18.0519 8.02 19.7707 13.0157 18.6485 4.8101 4.1634 4.7297 4.0537 2.8181 1.2372 3.6852 5.0359 4.8883 5.512 5.3435 4.8033 5.2344 5.7645 6.4556 7.8371 7.2336 7.4555 8.4313 9.1885 11.7616 15.6061 18.2368 21.3597 21.1174 21.4424 22.9203 24.2223 25.7397 25.3145 24.8558 22.9957 22.73 20.9028 20.7543 17.3614 16.3378 14.4947 14.4155 11.7346 11.6511
21.316 21.3136 21.058 20.8409 20.7876 20.7867 20.6918 20.69 20.2023 20.1909 19.7276 19.0289 19.0163 18.8555 18.6969 18.6204 18.8597 18.9193 19.1424 19.2744 19.4964 18.1752 17.0157 18.7323 14.7222 10.1928 6.638 4.7793 3.4088 3.3178 2.9061 2.2901 2.7944 4.5123 4.8529 5.0115 5.3964 5.4498 4.9591 4.795 5.6218 6.2615 6.9782 6.9051 7.3331 8.5775 10.7462 13.5386 18.6635 19.6585 20.5213 21.0039 21.0775 21.4113 23.1498 24.0444 25.045 25.1034 23.9189 22.9205 22.7402 20.9289 20.813 17.3442 16.3217 16.2347 14.4311 11.7551
21.2602 21.0585 20.8409 20.8402 20.7869 20.6918 20.6903 20.5318 20.1919 19.7305 19.0275 19.018 18.8595 18.8551 18.8141 18.8684 18.894 19.1407 19.1844 19.4754 17.5265 17.375 14.9819 14.6363 8.5596 4.3487 4.4376 3.9604 3.2542 3.1069 2.8478 3.1003 4.0521 4.7021 4.4662 4.8606 4.8555 5.3495 4.4086 4.4527 4.7845 6.4983 6.5753 7.2923 8.4876 11.0868 14.358 19.3877 20.0084 20.1506 20.0959 20.8901 20.9899 21.0446 21.0706 23.1617 23.3679 24.9168 24.9949 23.8298 22.8722 22.7424 20.9418 20.8496 20.7816 16.3103 16.2411 14.4416
21.2559 20.841 20.8404 20.7871 20.7863 20.6906 20.5323 20.1924 19.7322 19.2966 19.0193 18.8621 18.8591 18.8215 18.8721 18.8905 19.1384 19.1652 19.393 17.2905 17.1783 14.6272 14.0954 10.8942 8.3709 4.1216 4.1594 3.9317 3.5902 3.1169 3.2938 4.3086 4.7057 5.0014 4.2026 4.5336 4.8001 4.6636 4.7903 4.8284 5.3487 6.0805 7.1403 7.3242 15.0356 16.8879 20.0151 21.3885 21.9686 20.8667 20.8975 20.0555 20.9468 20.9977 21.0286 21.0456 23.1594 23.2922 24.8482 24.9325 23.7754 23.7094 22.7415 20.9479 20.8733 20.816 16.3019 16.2456
20.8411 20.8405 20.7872 20.7866 20.6908 20.5325 20.1926 19.7333 19.3412 19.02 18.8639 18.9729 18.8256 18.8736 18.8873 19.1365 19.3581 19.3812 17.1572 17.0934 14.4544 11.6403 10.8542 9.7882 6.1643 4.0048 3.8268 3.52 3.5734 3.4581 3.5953 4.4928 4.4632 4.2937 4.1211 4.3905 4.8459 4.3418 4.3516 4.8923 5.5283 6.4517 8.3787 12.0651 15.4391 19.7964 16.5085 17.3667 19.9487 20.17 20.7447 20.9671 21.7234 20.9725 21.0015 21.0206 23.0294 23.1551 23.2474 24.1031 24.8936 23.7397 23.691 22.7394 20.9504 20.889 20.8404 16.2955
20.8407 20.7873 20.7867 20.6909 20.5327 20.1926 19.734 19.3439 19.0211 18.8653 18.9773 18.8279 18.8741 19.0835 19.1349 19.3586 19.3749 17.069 17.0286 14.3229 11.4362 10.9808 10.2373 6.8743 3.9805 3.7854 3.447 3.2186 3.5229 4.0494 4.2076 4.8542 4.2616 3.9587 4.0823 4.406 4.6519 4.5646 4.3668 4.2859 5.1045 7.0677 9.7835 18.6462 19.7013 18.6182 15.9208 16.5538 17.7817 20.0965 19.7124 20.6727 20.9853 21.7706 20.985 21.0033 21.0162 23.0619 23.151 23.2189 24.0686 23.702 23.7149 23.6776 21.0137 20.9509 20.8996 20.858
20.7873 20.7869 20.6909 20.4097 19.9036 19.7345 19.3459 19.022 18.978 18.9803 18.9834 18.8741 19.0837 19.0955 19.3591 19.3712 19.3864 16.9783 16.8154 11.2842 11.0026 10.2385 7.1391 6.532 3.8034 3.7219 3.4642 3.5186 3.6623 3.9666 4.3411 4.4031 3.9093 3.8745 4.0892 4.561 4.7427 4.6814 4.2907 4.514 4.9598 11.7443 13.9258 17.5866 20.3942 19.6985 18.3132 16.5445 16.7848 17.8606 20.0178 19.5315 20.639 20.9907 21.7934 20.9918 21.0042 21.0134 23.0814 23.1476 23.1994 24.0454 23.6721 23.6969 23.6674 21.0025 20.9504 20.907
20.787 20.691 20.6903 19.9028 19.4755 19.3473 19.0227 18.9804 18.9825 18.9852 18.8738 19.0838 19.0931 19.3597 19.3689 19.3803 16.9386 16.7858 11.1711 10.9846 10.3421 7.2445 6.6395 3.9339 3.7762 3.5236 3.5769 3.6297 3.8808 4.0396 4.2587 4.1931 4.0881 3.5907 4.0063 3.9476 4.8318 5.1158 4.3439 5.945 7.7714 16.7419 18.5683 16.6656 18.7723 19.0667 18.822 16.8931 16.755 17.5576 17.8736 19.9871 19.4462 21.0017 20.992 21.8059 20.9957 21.0047 21.0116 23.0937 23.1447 23.1856 23.2179 23.6503 23.6835 23.6596 20.9932 20.9492
20.7867 20.6904 20.2402 19.4752 19.1922 19.1825 18.9822 18.9841 18.9864 18.8734 19.0838 19.0914 19.3602 19.3675 19.3763 16.9066 16.7614 13.7321 10.9546 10.3846 9.984 6.7771 3.9503 3.6571 3.6497 3.5879 3.6341 3.8033 3.9083 3.9581 3.7729 3.5051 3.478 3.5622 3.6362 3.4072 3.559 4.9368 4.6532 10.3426 12.9352 17.334 15.9499 16.8975 18.1022 19.6045 18.3813 17.0641 16.9031 16.829 17.6845 17.8738 19.9718 19.9994 20.9986 20.9919 21.8133 20.9982 21.005 21.0103 23.1018 23.1422 23.1754 23.2021 22.6007 23.6731 23.6533 20.9853
20.6905 20.2401 19.4748 19.193 19.1846 18.9836 18.9852 18.9873 19.0785 19.0838 19.0901 19.3606 19.3665 19.3736 16.797 16.741 13.7053 10.9229 10.3995 10.1082 6.8547 6.5846 3.6687 3.6659 3.6033 3.6297 3.6572 3.8789 3.75 3.7321 3.6857 3.6552 3.2955 3.2825 3.6015 3.5416 4.1061 4.7659 6.4271 10.8496 17.9944 13.5958 16.3742 17.0647 16.9971 19.1795 16.9058 17.5153 16.9896 16.9084 16.8627 17.7468 17.8712 19.9629 19.1107 20.9962 20.8904 21.818 20.9998 21.0051 21.0094 22.6292 23.1402 23.1675 23.1901 22.5858 23.6649 22.0126
20.24 19.4745 19.1936 19.1863 18.9846 18.9861 18.988 19.0793 19.0838 19.089 19.361 19.3659 19.3716 19.3783 16.7238 13.6813 13.5418 10.4015 10.1821 6.9015 6.7016 3.7977 3.6745 3.6573 3.6315 3.6476 3.6692 3.7183 3.7336 3.7433 3.6614 3.682 3.5834 3.271 3.8742 4.404 4.6624 7.8047 14.656 18.8415 18.3679 15.3703 16.0298 15.3714 17.1173 17.1471 19.3172 17.0659 17.4589 16.9603 16.9117 16.8807 17.7807 17.8681 19.9571 19.0912 20.9943 20.8889 21.8212 21.001 21.0052 21.0086 22.6316 23.1385 23.1614 23.1806 22.9842 22.5658
19.4743 19.194 19.1877 18.9855 18.9868 18.9884 19.0799 19.0837 19.0882 19.3614 19.3654 19.3702 19.3757 16.7091 13.66 13.5487 10.3975 10.2272 6.9314 6.7788 3.8054 3.6609 3.6612 3.632 3.6425 3.6561 3.7575 3.7785 3.7673 3.7522 3.6838 3.7097 3.6093 2.811 3.369 4.1048 5.6796 10.2131 14.5872 19.2167 19.6422 18.0528 15.9362 16.1011 15.1988 15.2265 17.4139 17.5316 17.0124 15.3749 16.9461 16.9138 16.8915 17.8007 17.8653 19.9531 19.0777 20.9928 20.8876 21.8235 21.0018 21.0052 21.0081 22.6333 22.6606 23.1565 23.1731 22.9751
19.1943 19.2718 18.9861 18.9874 18.9888 19.0803 19.0837 19.0876 19.3616 19.3651 19.3691 19.3737 16.6966 13.6411 13.5504 10.3907 10.2552 9.9073 6.7452 3.8108 3.6632 3.6266 3.6322 3.6395 3.6487 3.7563 3.7812 3.776 3.7696 3.5494 3.5381 3.3143 2.8674 2.3752 2.8489 6.7246 10.6852 15.7347 15.8489 19.093 19.7435 18.6487 18.1512 16.0612 16.1265 15.1438 15.1693 17.4544 17.9991 16.9843 16.9693 16.9384 16.9153 16.8985 17.8131 17.8627 19.9502 19.068 20.9914 20.8865 21.8251 21.0024 21.0052 21.0077 22.6344 22.6578 23.1525 23.167
19.2729 18.9867 18.9878 18.9891 19.0807 19.0837 19.0871 19.3619 19.3649 19.3683 19.3722 16.6856 13.6244 13.5492 10.3829 10.2727 9.9538 6.7762 3.6647 3.6647 3.6278 3.6321 3.6375 3.7562 3.756 3.7829 3.78 3.7765 3.5094 3.3099 3.2605 3.0038 2.7905 2.7958 4.3202 11.1184 10.1319 11.8988 13.2905 15.627 18.5072 18.7304 18.4036 18.1887 16.105 16.139 15.1203 15.1403 17.4757 18.0053 16.968 16.956 16.9337 16.9164 16.9033 17.8213 20.3578 20.3597 19.0607 20.9903 20.8855 21.8262 21.0028 21.0052 21.0073 22.6353 22.6555 23.1492
19.2698 18.9881 18.9893 19.081 19.0837 19.0866 19.3621 19.3647 19.3677 19.371 16.6761 13.6095 13.5462 10.3748 10.1329 9.9869 6.7992 3.6656 3.6657 3.6286 3.632 3.6362 3.7561 3.756 3.784 3.7822 3.78 3.4897 3.2825 3.2523 3.0201 2.9327 4.2434 6.2253 8.8592 10.9794 9.4016 9.3128 11.464 12.6223 16.9777 18.3735 18.4952 18.3237 18.2072 16.1257 16.1464 15.1083 15.1238 17.4878 18.0079 16.9577 16.9475 16.9307 16.9173 16.9067 17.8268 20.3578 20.3593 19.0551 20.9893 20.8847 20.8814 21.0031 21.0052 22.6158 22.6358 22.6535
18.9884 18.9894 19.0813 19.0836 19.1071 19.3624 19.3646 19.3672 19.37 19.3732 13.5963 13.5422 10.3668 10.1335 10.011 6.8166 3.6663 3.6663 3.6291 3.6318 3.6351 3.7562 3.7859 3.7848 3.7835 3.4864 3.4794 3.2699 3.2502 3.2183 2.9768 2.9116 5.8402 6.9804 9.7408 10.1199 9.6311 10.145 11.1593 11.6188 12.4472 17.0745 18.3182 18.3923 18.2906 18.2182 16.1374 16.1513 15.1015 15.1136 17.4952 18.0085 16.9509 16.9418 16.9286 16.9179 16.9093 17.8306 20.3577 20.3589 19.0507 20.9884 20.884 20.8812 21.0034 21.0052 22.6188 22.6363
18.9896 19.0815 19.0836 19.1069 19.3625 19.3645 19.3668 19.3693 19.3721 13.5844 13.5378 13.2172 10.1329 10.0287 6.8088 3.6668 3.6669 3.6294 3.6317 3.6344 3.7562 3.7862 3.7854 3.7844 3.4796 3.4737 3.2632 3.2496 3.2293 2.9946 2.9565 5.9389 6.844 9.5072 9.1986 9.8449 9.6491 10.1716 10.6568 11.5124 11.7149 13.1163 18.1481 18.2912 18.3408 18.2746 18.2253 16.1448 15.0841 15.0973 15.107 17.5 18.0083 15.2746 16.9378 16.9272 16.9185 16.9113 17.8333 16.4795 20.3585 19.0472 20.8862 20.8834 21.9193 21.0036 21.0052 22.6211
19.0817 19.0836 19.1068 19.3627 19.3645 19.3665 19.3687 19.3711 16.5312 13.289 13.218 10.1316 10.0421 6.8306 3.6672 3.628 3.6296 3.6315 3.7563 3.7563 3.7864 3.7858 3.7851 3.4751 3.4702 3.2593 3.2493 3.2354 3.0032 2.9788 6.0074 6.1951 7.0287 8.9912 9.1294 9.737 9.6375 10.3344 10.768 11.0797 11.6601 12.4357 13.1487 15.0973 16.6154 18.3122 18.266 18.2304 16.1498 15.0842 15.0945 15.1024 17.5031 16.9758 15.2631 16.9349 16.9262 16.9189 16.9128 17.8353 16.4779 20.3581 19.4048 20.8853 20.8828 21.9198 21.9136 21.0051
19.0836 19.1067 19.3629 19.3645 19.3662 19.3682 19.3703 16.526 13.2804 13.218 10.1299 10.0521 6.8475 3.6675 3.6283 3.6297 3.6314 3.7563 3.7563 3.7866 3.7861 3.7856 3.4721 3.468 3.2568 3.2492 3.2391 3.0079 2.9912 6.0561 6.175 6.9453 9.5881 8.9941 9.0771 9.6834 9.6246 10.4185 10.8488 10.8958 11.1951 11.7395 12.4856 13.8104 15.0777 16.5722 18.295 18.261 18.2342 16.1534 15.0843 15.0926 15.0992 15.349 16.9678 15.2543 16.9327 16.9255 16.9193 16.9141 17.8368 16.4765 20.3578 19.4033 20.8845 20.8823 21.9202 21.9147
