normal_rasters/0772100001002377.ascii
ncols 66 
nrows 83 
xllcorner 158338.34201
yllcorner 383906.496002
cellsize 0.25
nodata_value -9999 
[rows 30 to 59 of 83, columns 0 to 65 of 66]
34.5087 34.5219 34.5369 34.9895 31.9034 31.8488 28.9863 28.9257 25.0886 26.0795 25.9928 25.9516 24.4907 26.0202 31.1332 31.1925 32.8755 32.9181 32.96 33.0693 33.7247 32.2154 32.3647 33.919 34.0506 34.2491 35.4761 34.369 34.5516 31.515 26.3956 23.2783 23.9568 18.7417 18.8631 19.2607 17.9694 17.1277 16.5005 15.9966 15.0451 13.1942 12.4057 12.2962 11.829 10.8444 10.0978 9.9799 9.4112 8.3862 7.8489 6.8051 5.9737 5.9233 5.8926 5.3704 5.3552 5.5298 5.7472 5.7877 5.82 7.47 7.5189 9.1868 9.2559 10.2679
34.5193 34.5323 34.9866 32.0938 31.8483 28.9849 28.9337 28.8745 26.0826 27.0123 26.9836 26.9522 26.4619 27.4205 30.8071 31.8105 31.9157 32.3725 33.4331 33.4513 33.8459 33.8345 31.9336 32.0292 34.1333 34.7248 34.7596 32.6028 32.3695 31.4492 29.5848 25.6079 21.086 20.3834 17.9194 18.128 16.0784 15.71 15.2493 13.1903 12.8235 11.7521 11.4095 11.3008 10.5452 10.3499 9.9134 9.4258 8.4082 7.8434 7.4331 5.9807 5.8988 5.855 5.3439 4.8269 5.0987 5.7354 5.789 6.0923 7.4733 7.533 9.1923 10.2317 10.2693 12.7517
41.3376 41.3206 37.6345 34.1101 34.0321 31.8108 31.3373 27.4587 27.4628 27.2845 27.8273 27.8436 27.8984 30.187 31.1877 31.3098 31.3495 31.4002 31.59 31.613 30.958 31.3517 31.2781 31.0421 30.0174 30.241 31.2272 30.715 30.3323 30.7893 28.6865 36.7752 21.1886 18.0774 17.3196 14.5416 14.2309 14.7291 13.7323 12.2224 11.4648 11.0931 10.7329 9.8666 10.0689 9.8053 9.4787 8.4709 8.1438 7.3496 6.002 5.853 5.7864 4.8302 4.8186 5.0864 5.717 5.7907 6.1051 7.4783 7.5526 7.6089 10.2237 10.2704 12.7305 12.7873
43.2263 41.3345 41.3148 37.6314 34.05 34.0331 31.8041 31.3194 27.6134 27.619 28.0424 28.0599 28.0383 28.0558 28.0773 30.2436 30.398 30.6916 31.1006 30.6434 30.6537 30.6514 30.0901 29.9757 29.0774 29.8904 30.2919 31.5318 32.1204 32.5756 22.7513 24.0016 18.4785 16.9097 15.0104 14.3281 12.9496 11.6762 11.6608 10.766 10.003 9.9502 9.9098 9.439 8.9574 9.1524 8.443 7.5772 6.9724 6.1762 5.7572 4.9524 4.8154 4.8013 5.0664 5.6868 5.8477 6.1252 7.4858 7.5801 8.5841 10.2117 10.271 11.2364 12.7736 13.5341
43.2292 43.2247 41.3304 37.0311 34.1161 34.0539 33.2437 31.7941 31.2949 27.6135 27.6202 27.487 28.0598 28.0406 28.0625 28.09 30.2184 30.3908 30.6969 31.1343 30.7249 30.7574 30.5016 30.1932 29.9619 29.0135 29.4781 30.1931 31.2983 31.4691 22.6736 19.384 18.2 16.2973 14.3843 13.4954 11.7148 11.4999 10.5907 10.2495 9.8014 8.8558 8.6588 8.4296 7.9464 7.9792 7.349 7.2466 5.9136 5.4575 4.9131 4.7621 4.759 4.9252 5.6891 5.8469 6.1587 7.4978 8.5371 8.5961 10.1928 10.8666 11.2321 12.7562 13.5261 13.5934
43.2326 43.2279 43.2227 41.3251 37.6406 34.1256 34.0578 33.2389 31.7792 31.261 27.6132 27.6214 27.4916 28.0213 28.0428 28.0709 28.1074 30.1779 30.3747 30.6974 30.845 30.9526 30.9592 30.7555 30.6194 29.7873 27.7378 26.9231 25.92 24.1942 22.1501 19.6309 18.2837 15.7336 14.099 11.5855 11.3473 10.2903 9.934 9.4347 8.48 8.314 8.2335 7.7588 7.4166 6.5822 6.544 5.5968 5.2617 4.9305 4.4767 4.6439 4.917 5.0341 5.8449 6.4652 7.5168 8.5275 8.6112 10.1623 10.8486 11.2265 12.7338 13.5179 13.6009 14.0042
44.0371 43.2319 43.2264 43.2201 41.3181 34.1227 34.1375 34.0616 31.9345 31.7567 27.8287 27.6125 27.6226 27.4974 27.5121 28.0448 28.082 28.305 28.3493 30.3399 30.682 30.544 30.8224 31.1909 31.4817 31.1258 29.0024 27.1993 24.7923 22.2534 21.1061 19.9085 17.0326 16.1391 13.1789 11.0132 9.8033 9.6 9.3687 8.3267 7.8046 7.6327 7.3895 7.0498 6.1269 5.5988 5.5967 4.5264 4.7426 4.5442 4.4308 4.8835 5.099 5.8422 6.5409 7.1666 8.5042 8.964 10.1108 10.8196 11.2188 12.4051 13.51 13.6145 15.4392 15.4805
45.8735 44.0349 43.231 43.2245 43.2169 41.3085 34.1345 34.1526 34.0651 31.9221 31.05 27.8241 27.6107 27.6235 27.5049 27.5254 28.0462 28.0974 28.3303 28.4991 30.4021 30.6117 30.5331 30.9914 31.9954 35.0319 29.1976 26.8619 24.964 22.6609 21.267 18.5332 17.7412 15.6779 13.089 11.5723 9.0917 8.7205 8.0525 7.8709 7.3822 7.0284 6.9176 5.934 5.5071 4.728 3.8795 3.7547 3.8858 4.1793 4.7652 5.523 5.8744 6.8271 7.301 8.6751 8.9354 9.3737 10.7704 11.3516 12.3915 13.5042 13.6387 15.4353 15.4878 15.5264
43.8322 45.873 44.0322 43.2299 43.2219 41.3379 37.0394 34.1497 34.1724 33.4387 31.8999 30.9949 27.8169 27.607 27.2968 27.5147 27.5452 28.0464 28.1205 28.3689 28.5486 28.6641 30.1287 30.253 30.6489 30.1156 29.2531 25.5822 23.9308 21.4745 20.4152 18.9003 17.1537 16.186 14.3209 12.5 9.4711 7.8819 7.6483 7.0682 6.566 6.3789 5.8474 4.441 4.3584 3.9962 3.3956 3.083 2.9761 4.194 5.7095 6.0798 6.5138 7.3161 8.1747 8.8427 9.3593 10.6831 11.3293 11.6094 12.5293 13.6819 15.4329 15.5012 15.5487 15.5814
44.127 43.833 45.8723 39.8104 43.2284 43.2185 41.3302 37.0388 34.1698 34.1208 32.7736 31.8603 30.9061 26.8808 27.5997 27.3008 27.528 27.5769 28.0474 28.1628 28.2666 28.624 28.9585 29.4553 28.2114 27.5627 26.619 24.8816 23.1207 21.2766 20.522 19.3166 17.0183 16.1647 14.2861 12.3526 10.8654 7.8544 6.7047 5.3475 5.9193 5.2707 4.4076 4.2315 3.3155 3.1971 2.3863 2.3439 2.461 4.1809 5.4947 6.4785 6.9152 8.1213 8.3253 9.4023 10.103 11.3021 11.6591 12.5914 14.3387 15.4347 15.5263 15.5852 15.6223 20.4118
42.3536 44.1279 43.8341 45.8714 39.82 43.2265 43.2138 41.3186 34.1637 34.1977 34.1787 32.7619 31.7881 27.2731 26.8817 27.2476 27.301 27.545 27.4372 27.6697 27.9702 28.2592 28.5784 28.6651 27.9275 26.8616 25.078 24.7862 22.704 21.2688 19.7338 18.9812 17.9048 16.4797 15.0809 12.4846 11.1231 9.4492 5.811 4.6725 4.155 3.9914 3.8998 3.6613 2.8729 2.6503 2.0096 2.2263 2.7232 3.6489 5.1307 6.4244 7.4024 8.3338 9.0628 10.0614 11.1731 11.7645 13.1012 14.3252 15.4481 15.5749 15.6472 20.2728 20.3861 20.4727
42.3383 42.3574 44.1292 43.8355 45.8701 39.8325 43.2238 43.2071 37.0531 34.1914 34.2381 34.1928 32.0507 30.9425 27.2714 26.8804 26.7136 27.2876 27.3671 27.5506 28.1495 28.5681 27.3798 27.4542 25.9847 25.3521 24.3024 24.0934 22.3946 21.2592 19.0239 18.4892 17.5373 16.8811 15.4612 12.9317 11.0499 9.8236 8.1432 4.2461 3.2865 3.2076 2.925 2.7032 2.2452 1.8993 1.9323 3.1691 3.5625 4.0265 5.7209 6.7049 8.2772 9.4823 10.3359 11.3607 11.9325 13.1074 14.3219 15.4916 15.6722 20.0095 20.2181 20.3667 20.474 20.5526
40.783 42.339 42.3625 43.8382 43.8373 45.8683 39.8494 43.2199 43.1967 37.051 34.2331 34.3003 32.894 31.9534 28.2467 26.974 26.8711 26.7262 27.2334 27.3008 27.5357 27.687 26.4521 26.4656 25.0032 24.1488 23.5675 22.8777 22.4132 21.3152 19.5418 17.7669 17.4359 16.809 15.7393 14.3755 11.7637 10.0132 7.0451 6.2788 3.0182 2.2681 1.9605 1.9195 1.7492 1.7478 2.5886 3.5111 4.1475 5.3831 6.3556 6.9573 8.5043 9.6559 10.7136 11.5591 13.2555 14.1626 15.6748 19.3864 19.8665 20.17 20.3675 20.4991 21.1382 21.2003
40.7818 40.7827 42.34 42.3697 43.8408 43.8398 43.1709 39.8733 39.8127 43.1799 34.215 34.3007 34.3448 32.2169 31.7417 28.2165 26.9657 26.8308 26.7283 26.9032 26.9267 26.2572 25.7763 25.0535 24.8235 24.2124 23.1555 22.884 22.0115 21.4067 20.6473 18.5088 17.325 16.744 16.0437 14.7102 13.4793 11.4684 8.1457 6.9651 5.4274 1.6722 1.4451 1.5539 1.6554 2.9025 3.9174 5.2081 6.5711 7.0373 7.1044 7.6366 8.0101 10.3987 11.6043 12.2866 14.7193 15.6336 18.9188 19.7065 20.1582 20.9241 21.0794 21.1775 21.2424 21.2869
41.0903 40.7813 40.7824 42.3415 42.3803 43.8447 43.8435 43.1677 39.9093 39.8216 40.6448 34.2794 34.4244 34.4293 32.0602 28.4011 28.1459 26.9235 26.7094 26.5049 26.3893 25.3576 24.6242 23.8625 23.3996 23.81 23.1638 22.866 22.4275 21.4684 20.4084 19.8379 17.9404 17.0495 16.3981 15.2178 14.2577 13.4002 10.4697 6.5599 6.2718 4.346 1.7843 2.0495 1.9813 3.2233 3.849 6.2695 6.9045 7.6871 8.4971 9.0874 10.0539 10.1213 12.1199 14.1635 15.6737 18.9172 19.4637 20.5747 21.075 21.3048 21.4247 21.4942 21.5378 21.5668
39.895 40.7795 40.7806 40.7821 42.3438 41.2212 41.9459 43.8491 43.1569 39.9689 39.8304 40.5623 34.4076 34.6921 33.3403 28.4208 28.3357 27.8016 26.8318 26.1951 25.8061 24.4092 23.8477 24.2924 23.187 22.99 23.3509 22.9966 22.7281 22.0577 20.7267 20.2411 19.0301 17.563 16.3561 15.8828 15.073 13.8385 13.0532 10.3265 7.5544 7.248 5.1685 2.7513 3.3666 4.6998 6.3959 7.1825 8.1206 8.8327 9.5095 9.8391 10.3698 11.4948 13.4301 14.3944 17.6916 26.0392 20.2057 21.1744 21.442 21.5426 21.5893 21.6144 21.6292 21.6386
39.8834 39.8967 40.7784 40.7798 40.7819 42.3477 41.2386 38.9168 43.8584 39.3176 40.0818 39.8314 40.3181 34.7482 35.4057 32.4016 28.4248 28.0154 27.0689 26.7735 26.8344 26.1206 25.3376 27.3305 26.0815 22.6971 23.0588 23.4304 22.816 22.5105 21.5035 20.7989 19.7601 18.4135 17.3435 17.1696 15.7107 15.3722 13.8687 12.7859 10.642 9.138 7.3673 6.4388 4.4297 4.9145 5.9934 7.2194 9.0635 9.5441 10.5755 11.4302 12.2921 13.8628 14.4688 22.2107 33.1655 28.0067 25.6998 24.9513 25.0816 25.3027 25.4963 25.6524 25.7775 25.8789
39.8689 39.8819 39.8993 40.7768 40.7789 40.782 42.3548 41.2636 39.0126 41.9603 39.3943 40.524 39.7661 34.3377 36.522 34.5059 28.4908 28.8839 28.5604 28.346 29.1758 29.154 27.7811 29.1988 27.7651 23.0679 22.7372 23.2837 23.5906 22.7019 22.4555 21.8075 21.3561 20.4681 18.5483 17.4767 16.8952 15.951 15.697 14.3669 13.3368 12.1057 10.1066 8.2457 6.5901 6.2821 6.7228 8.1832 9.3384 10.2932 10.9179 12.2208 13.0223 14.6535 18.2285 25.1346 27.2195 27.9723 27.2398 26.3827 25.9623 25.8605 25.871 25.918 25.9744 26.03
39.8508 39.8626 39.8795 41.3896 40.7747 40.7779 40.2292 42.369 41.3032 39.1964 41.8564 39.503 40.2712 38.6591 33.8667 30.5547 29.5178 29.0087 28.8185 28.9619 28.8742 28.991 28.5051 29.1051 29.1296 26.8214 23.0787 22.6618 23.5617 23.7831 23.0374 22.3717 21.8897 21.1169 20.6413 18.0395 17.8169 17.4404 16.0982 15.9106 14.3293 13.4334 12.2468 11.2592 9.4852 8.0857 7.441 8.1786 9.522 11.4378 11.7924 13.5787 14.3672 18.9237 23.6945 24.0306 26.9097 27.1213 30.8957 26.9165 26.608 26.3408 26.2236 26.1811 26.1753 26.1871
36.8228 39.838 39.8528 39.8759 41.387 40.7716 40.7772 37.7115 41.1922 39.5064 39.6524 41.2099 39.1588 48.9688 28.9634 28.6639 28.9662 28.7816 28.4565 28.3711 28.3522 28.1585 28.0693 27.8941 28.4293 28.6795 26.2103 23.4283 23.6116 23.921 23.7037 23.2119 22.5022 22.0671 21.7308 20.5752 18.2528 18.1203 17.6301 16.0497 16.074 15.5647 14.5716 13.7522 12.3808 9.6864 9.43 10.7496 11.2368 11.4949 13.3733 14.0241 20.6437 22.911 23.252 26.6738 26.5401 26.7387 26.8312 30.8854 26.797 26.693 26.5136 26.414 26.362 26.338
36.8019 36.8391 36.8879 39.8366 39.8698 41.3828 40.7668 40.7782 37.6879 41.1617 39.9392 41.2502 32.0577 31.3147 29.0626 29.1857 28.2108 27.9312 27.6606 27.7774 27.7519 27.5632 27.7566 27.6139 27.8091 27.956 28.6882 25.3493 23.7766 23.7583 23.9148 23.6592 23.4481 22.51 22.0386 21.8598 20.3106 18.7374 18.5007 18.203 16.5183 16.2252 16.3725 14.9063 14.7902 14.2695 11.8774 11.8599 12.7663 14.2836 18.3564 15.4366 17.0491 20.9914 22.4449 22.5289 26.7937 26.5506 26.6422 27.0592 30.8686 26.7382 26.7313 26.6042 26.5238 26.4744
36.772 36.8068 36.8555 36.9243 39.8072 39.859 41.3749 40.7586 40.7887 38.6524 38.5082 43.1215 35.2652 28.406 30.5601 28.6652 27.4783 27.2656 26.6134 27.1061 27.3118 27.5062 27.6016 27.5243 27.4449 27.9155 28.2036 28.396 25.7952 23.9348 24.0035 23.9257 23.7546 23.659 22.8257 22.5107 21.6417 20.3229 18.8192 19.2624 18.6015 17.3763 16.9728 17.2741 15.8303 15.4704 15.7581 14.2833 16.3668 17.1059 31.4079 24.6536 21.0184 20.8927 22.4513 22.1758 26.3969 26.9078 26.5257 26.5703 31.1019 31.005 26.7039 26.7509 26.6567 26.5918
34.9489 35.0054 35.0814 36.8661 36.9681 37.1344 39.8411 41.3509 39.2968 40.3288 34.1695 30.0745 39.1203 31.1692 28.6985 27.095 26.3901 26.3254 26.3423 26.4041 27.2577 27.4149 27.5366 27.5988 27.6118 27.9247 28.3189 28.5253 28.1212 25.7838 24.1454 24.0839 23.8702 23.787 23.7306 22.9162 22.5687 22.2914 21.2756 19.7672 19.5488 18.7159 17.9534 18.4589 18.2878 18.1676 17.7094 17.9948 17.3579 18.4235 22.449 23.8464 23.0272 22.3808 18.3635 22.6524 22.1883 26.7023 26.8656 26.4938 26.5179 31.0638 30.9751 26.8595 26.7618 26.6894
34.9154 34.9658 35.035 35.1347 35.2883 35.5456 37.3373 38.6321 39.8311 41.6652 29.1986 27.7275 31.382 29.4141 26.3898 25.9217 25.3977 25.1075 25.7109 25.914 26.602 27.4149 27.5181 27.5968 27.6824 28.2081 28.2868 28.5865 28.7925 28.0314 24.2906 24.1564 24.0552 23.9589 23.9434 23.7517 23.112 22.6798 22.5269 21.4167 20.7255 20.3879 19.3742 18.7948 19.5272 20.0606 19.6547 20.3335 21.2354 20.1586 22.0224 23.8043 24.392 23.1803 18.4571 18.4103 22.7532 22.9902 26.7178 31.5074 26.8335 26.8978 31.0392 30.958 26.8425 26.7682
34.8697 34.9076 34.9585 35.0304 35.1397 35.3256 35.7055 36.7264 41.7456 28.5261 30.6823 27.8965 26.6229 26.1565 23.7404 24.5499 24.808 24.819 24.9767 26.1927 26.2421 26.7315 27.4147 27.5972 27.7438 28.2854 27.9106 27.6582 28.2185 27.5292 28.5687 25.4766 24.0606 23.9629 23.8796 23.9201 23.9617 23.3015 23.0364 22.7924 21.7742 21.1571 20.5021 20.2624 20.7239 21.2015 22.0229 22.5973 24.0232 22.6795 21.6594 23.4126 24.3804 19.5013 19.224 18.4549 18.428 22.8154 22.9731 26.7318 31.5744 26.7833 30.5572 31.0222 30.9476 30.8699
34.8154 34.8363 34.8609 34.8891 34.9179 34.9319 34.8481 33.9805 29.4758 30.2058 29.7966 28.0909 24.9731 23.738 22.8367 23.1166 23.675 23.344 23.6695 25.3423 25.6618 26.444 26.7498 27.6121 27.5371 27.6883 26.8704 25.6323 28.2361 29.0342 28.9665 27.7884 25.2479 23.9454 23.8936 24.0587 24.222 24.216 23.4017 23.207 23.4255 22.267 22.4172 21.486 22.0516 24.3126 24.1768 25.805 26.3741 24.1321 22.6473 22.0234 21.6467 19.5514 19.475 19.2422 18.4537 18.4362 22.8579 22.9702 26.7434 26.6641 26.7583 31.0023 31.0097 30.9409
34.7574 34.7605 34.7581 34.7431 34.6983 34.5783 34.2556 33.439 30.9505 29.6247 27.7499 26.7198 22.2642 22.2793 22.9624 22.5374 22.878 22.5476 23.2648 25.6463 25.0582 26.0426 26.1951 27.0708 27.2894 26.7223 27.1394 27.1845 28.5343 28.4766 28.7044 29.1132 28.5857 25.2146 24.0997 23.9273 24.0484 24.4732 24.36 24.0531 23.9667 24.1183 23.4431 23.5779 26.0637 26.8722 28.3051 28.729 26.9103 26.417 25.8697 22.809 22.0723 21.7807 19.5061 19.3286 19.2525 18.4529 18.4406 22.8888 22.9727 26.753 26.6685 26.7392 30.9943 30.9974
34.7011 34.689 34.6654 34.6209 34.5375 34.3816 34.1026 31.6086 29.6563 25.8071 24.6493 22.8487 21.2563 19.4936 20.0784 22.5577 22.8595 21.9038 22.3558 23.0327 25.1543 24.8909 26.4641 26.8033 27.1053 26.8943 27.8085 27.9476 28.3776 28.1044 28.2919 29.2011 29.8742 29.9486 25.753 26.4215 24.7773 24.279 24.8252 25.0009 25.032 25.1996 25.3117 26.721 27.2119 30.619 30.1482 28.5525 28.7898 26.5546 26.3282 25.8742 22.7437 22.0824 21.8483 19.4811 19.3121 19.2587 18.4522 18.4432 18.4367 22.1841 26.7611 26.6701 26.7243 30.9879
34.6506 34.6277 34.5913 34.5334 34.4421 34.3024 31.8029 29.5447 25.1848 22.7057 18.4743 17.6957 20.1522 17.9858 17.9733 19.072 21.1681 24.0445 21.6056 22.3932 23.0143 25.0441 26.2475 27.6795 26.6526 27.1831 27.7223 27.8081 27.5821 28.0052 28.5987 28.9722 31.0589 31.4488 26.0915 29.014 31.2606 25.3361 25.0941 25.2924 25.7865 25.9372 26.0449 27.4546 32.584 30.7785 30.0729 30.4301 28.9189 28.6739 28.5365 26.2644 25.8679 22.2204 22.0827 21.8852 19.4658 19.3021 19.2626 18.4517 18.4448 18.4395 22.2074 26.7679 26.6701 30.8891
34.6081 34.579 34.5372 34.4773 34.3936 31.8645 29.4811 26.7411 23.4383 21.1969 19.1743 18.4484 18.334 16.9577 16.275 16.0738 17.6633 19.2552 20.4971 21.1122 22.6539 22.9881 27.1034 27.0202 25.6395 26.5749 27.139 26.9437 27.3064 27.7867 29.0548 29.8203 31.5738 32.4959 33.5725 32.2445 30.712 32.2799 27.2431 25.876 26.7632 27.1336 28.0383 31.2296 31.1859 31.5072 29.8915 30.8119 30.6666 28.7407 28.6102 27.9549 25.981 25.8586 22.1769 22.0804 21.907 19.4557 19.2955 19.2653 18.4513 18.4458 18.4415 22.2235 26.5639 26.6694
