normal_rasters/0772100000302913.ascii
ncols 49 
nrows 68 
xllcorner 159157.427002
yllcorner 384393.664001
cellsize 0.25
nodata_value -9999 
[rows 0 to 40 of 68, columns 0 to 48 of 49]
48.2581 47.6437 47.6465 48.2057 48.2126 48.2208 48.2305 48.2417 48.4007 48.4124 48.68 48.6942 48.7679 48.8279 48.8238 48.8195 48.4945 48.4985 48.502 48.1475 48.1439 48.1381 48.2742 48.6928 48.0314 45.5904 45.6009 45.6077 44.7326 44.7337 44.076 44.0261 43.9709 43.9139 41.3478 41.2668 41.1918 39.0255 38.9316 38.8497 38.7789 37.0752 36.9984 34.2327 34.1707 34.1175 34.0719 34.0325 33.9986
48.2594 48.2533 47.6461 47.6494 48.2054 48.2139 48.2243 48.2366 48.2508 48.4097 48.675 48.6914 48.7722 48.8305 48.8257 48.8207 48.4974 48.5026 48.5071 48.16 48.1556 48.1481 48.2785 48.6919 48.0261 45.6157 45.6308 45.6417 44.7899 44.7914 44.135 44.0716 44.002 41.4779 41.3739 41.2773 41.1906 39.0014 38.8997 38.8131 37.1028 37.0122 34.2443 34.1734 34.1136 34.063 34.0201 33.9836 33.9525
48.2613 48.2544 47.6454 47.649 48.1967 48.2055 48.2164 48.2297 48.2456 48.4056 48.4227 48.6874 48.7072 48.7722 48.8282 48.8222 48.5005 48.5073 48.5134 48.1759 48.1704 48.1603 48.2834 48.6905 48.0166 45.6453 45.6673 45.6849 44.8638 44.8659 44.2078 44.1247 44.0348 41.5216 41.3929 41.2781 39.0909 38.961 38.853 37.1325 37.0244 34.253 34.1715 34.1042 34.0482 34.0016 33.9626 33.9299 33.9023
48.264 48.2564 48.2481 47.6481 47.6526 48.195 48.2063 48.2206 48.2382 48.2593 48.4197 48.4077 48.7052 48.7786 48.8317 48.8243 48.5036 48.5128 48.5214 48.1968 48.1898 48.1757 48.2884 48.0871 48.0 45.6794 45.7123 44.928 44.9631 44.3908 44.3003 44.1865 41.7355 41.5568 41.3982 39.2092 39.038 38.8995 37.1636 37.0327 34.2561 34.1622 34.0863 34.0248 33.9745 33.9334 33.8995 33.8715 33.8483
48.2677 48.2593 48.2499 47.6468 47.6516 47.6571 48.1936 48.2086 48.2279 48.252 48.4146 48.4094 48.7024 48.6814 48.5572 48.8271 48.5062 48.5191 48.5318 48.2255 48.2161 48.1951 48.2931 48.0807 46.9001 45.7182 45.7676 45.0436 45.1044 44.5527 44.4209 44.2564 41.8046 41.572 39.3724 39.1368 38.9535 37.1936 34.3883 34.249 34.1406 34.0557 33.9887 33.9355 33.893 33.8589 33.8314 31.358 31.3231
47.626 48.2636 48.2531 48.2413 47.65 47.6559 47.663 48.1928 48.2135 48.2407 48.2748 48.4397 48.436 48.6811 48.6755 48.5538 48.8192 48.5257 48.5458 48.2672 48.2538 48.22 48.2957 48.0655 45.7065 45.7609 45.8331 45.2039 45.323 44.796 44.5816 42.2147 41.8435 39.6101 39.267 39.0144 37.2166 34.3898 34.2232 34.0989 34.0052 33.934 33.8793 33.8371 33.8044 31.3345 31.2935 31.2603 24.837
46.9342 47.4415 48.2581 48.2446 48.2295 47.6539 47.6616 47.6711 48.1936 48.2237 48.2639 48.4342 48.4433 48.3533 48.615 48.5728 48.5412 48.5306 48.5648 48.3327 48.3119 48.2508 48.174 48.033 45.4501 45.8093 45.9018 45.4298 45.709 45.2 42.9899 42.3178 39.9816 39.442 39.076 37.2178 34.3606 34.1628 34.0234 33.9237 33.8515 33.7987 33.7599 31.2951 31.2472 31.2097 24.8447 24.8153 24.7908
46.9359 46.9519 47.4487 47.6301 48.2325 47.6506 47.6589 47.6694 47.6826 48.1984 48.245 48.2604 48.4506 48.3805 48.3853 48.4351 48.5525 48.5273 48.5881 48.4489 48.4104 48.2806 48.1482 47.4757 44.2181 45.8889 45.9554 45.7046 46.5474 45.9179 43.3026 42.2425 39.672 39.1121 34.6216 34.2651 34.0383 33.8907 33.7929 33.7273 33.6829 31.2271 28.3518 24.9013 24.8546 24.8167 24.7859 24.7607 21.4477
46.9362 46.9542 46.9332 47.4569 47.451 48.2147 47.6544 47.6655 47.6804 47.7006 48.2133 48.25 48.3235 48.4182 48.4345 48.4756 48.2458 48.5014 48.59 48.6899 48.5806 48.2645 48.0587 46.7296 45.1174 45.0828 46.1221 45.5322 48.415 45.8357 42.9912 39.8941 39.0191 34.4427 34.0258 33.7936 33.661 33.5844 33.5406 28.3772 28.343 24.9325 24.8681 24.8174 24.7774 24.7458 21.4375 21.4049 21.3786
46.9347 46.9547 46.9771 46.9584 46.9584 47.4572 48.1867 47.659 47.6746 47.6977 47.7326 48.0419 48.325 48.4679 48.5265 48.1372 48.0916 48.1996 48.45 48.6298 48.3603 48.146 47.4014 46.8925 45.6485 45.138 47.4393 43.56 43.5925 42.7393 39.4603 38.4039 33.854 33.4847 33.3285 33.2691 28.4538 28.3787 28.3273 25.7927 24.8873 24.8162 24.7624 21.4728 21.4207 21.38 19.8937 19.8754 19.861
46.4445 46.5004 46.9781 47.0067 46.99 46.988 47.462 47.6496 47.6644 47.6877 47.7287 47.9894 48.3154 48.2494 48.7081 48.5512 47.9942 48.4913 47.7653 47.5248 47.8895 47.0887 47.4895 46.0861 44.0853 45.5254 43.2709 41.4333 39.2069 36.245 31.8734 31.1553 30.9266 30.8781 28.5177 28.3805 28.2954 25.8162 25.7447 24.8099 24.7342 22.7484 21.3918 19.8943 19.8653 19.8437 15.9552 15.9281 13.5661
46.3954 46.4503 46.5208 47.0093 47.0467 47.0299 47.0224 47.0205 47.066 47.6709 47.7075 47.8071 48.2222 48.2167 48.5102 48.9703 47.4042 47.1293 45.7498 45.7628 44.7693 47.4225 47.3183 45.2366 41.3915 40.1339 38.7827 37.9621 35.3007 33.361 30.6926 30.3477 29.0215 28.3805 26.6722 25.8444 25.7254 22.8747 22.7723 22.7049 19.9064 19.8549 19.8189 19.7939 15.9505 15.9158 13.5601 13.5332 11.4799
45.8819 45.9321 45.999 46.5447 47.0544 47.1046 47.0795 47.0568 46.6874 47.2879 47.6953 47.722 48.2231 48.139 47.5706 47.0359 46.749 45.3164 44.0654 42.64 41.6651 41.3679 44.0677 40.6918 38.3096 36.0897 34.4528 33.2766 30.9564 29.1927 28.1987 27.6479 26.7831 25.8508 25.6263 22.8772 22.706 22.6081 19.8517 19.7816 19.7376 16.0026 15.9413 13.5914 13.5481 11.5036 11.4848 11.4695 11.4571
45.8301 45.8748 45.938 46.0278 46.1551 46.71 47.2002 47.133 47.0762 47.0984 47.4259 47.2054 47.5644 46.1217 45.5773 45.3899 44.7501 42.8548 40.6078 40.7656 38.5863 38.429 37.3429 37.0703 34.3048 32.4262 31.6365 30.2142 27.7843 25.7622 26.191 25.2881 24.261 22.78 22.4909 19.9052 19.7271 19.631 19.5821 16.0115 15.9221 13.5819 13.5245 11.5151 11.4897 11.4699 11.4544 11.3902 11.373
45.7669 45.801 45.8529 45.9338 46.0625 46.2672 46.9233 47.3156 47.0116 47.0002 46.6608 46.0996 45.6971 43.942 43.6067 43.4345 42.2747 39.612 39.0369 37.8016 36.9951 36.6034 33.7905 31.5343 31.5059 30.3219 28.9104 26.3892 25.7389 24.9034 22.8545 22.1755 21.1445 19.3639 19.4199 19.2859 16.3399 16.0182 15.879 13.5553 13.4763 11.5297 11.4937 11.4672 11.4475 11.4327 11.3608 10.8845 10.8832
43.7483 43.8418 45.7429 45.7986 45.9033 46.111 46.5413 47.3238 47.757 46.1044 44.1368 43.9137 42.0529 42.0819 41.4585 39.9119 37.5027 37.9893 37.2173 33.7656 34.4091 30.9683 31.7604 28.9537 27.7655 26.7693 25.9714 24.5772 22.3995 21.6459 21.0255 20.674 18.8137 17.3089 17.0284 16.0889 13.5322 13.3385 13.2239 11.5472 11.493 11.4565 11.4314 11.4138 10.8804 10.8787 10.8777 10.8771 11.6578
43.6537 43.7273 43.8277 43.9707 44.186 44.5394 46.0924 47.4441 49.3437 46.0137 45.4687 41.4431 39.5492 38.493 37.5641 36.6482 35.2933 34.5439 32.9554 31.2576 30.3637 29.7483 27.059 26.8869 25.6576 24.3188 22.4474 22.2903 21.1666 19.2091 17.8125 16.6693 16.2747 14.9638 12.8144 12.3576 12.1212 11.9983 11.474 11.4234 11.3932 9.8651 10.8687 10.8683 10.8684 10.8688 11.6515 11.6795 11.7018
43.5415 43.5866 43.6463 43.7281 43.844 44.0127 44.2518 44.5249 45.0652 45.0198 41.0523 37.1803 36.4019 34.8335 33.7594 33.0216 33.0131 29.8235 28.2706 29.5227 27.742 25.5769 25.2422 24.2061 22.9863 21.8146 21.2091 19.985 19.0083 17.8185 16.4946 14.8925 14.0518 12.9559 12.1779 11.8853 10.4731 11.3159 11.2942 9.8491 10.8441 10.848 9.3837 9.3928 11.6421 11.6807 11.7103 13.6443 13.6679
41.8871 41.9376 41.9986 42.073 42.1645 42.2794 42.4516 42.8616 41.5685 38.3665 37.1697 35.887 34.1283 33.087 31.305 30.4787 29.3183 27.8439 26.1707 25.5276 25.3982 24.0057 22.2758 21.8138 20.2657 19.2614 18.1348 17.0117 15.3013 15.642 14.6547 13.6998 12.0828 10.0797 9.6755 8.5268 9.3946 9.3904 9.7866 9.3817 9.4068 9.42 9.4264 11.3851 11.4236 13.6311 13.6635 13.6886 13.7082
41.731 41.7401 41.742 41.7291 41.6861 41.5821 41.3392 40.3807 37.1417 35.5434 33.9321 32.563 29.8047 28.8868 28.2783 26.6474 26.1336 23.9605 24.85 23.3536 22.0193 21.7858 21.1136 18.9695 17.9414 16.821 15.9673 14.8123 13.0622 11.6856 12.4358 10.4492 8.3357 7.602 6.5424 7.7986 8.3673 9.4017 9.4523 9.4726 11.2861 11.374 13.5478 13.6124 13.6595 13.6941 13.7196 13.7387 15.4164
41.5792 41.5513 41.5025 41.4185 41.2727 38.2605 38.0544 37.3045 32.9565 31.4391 30.4048 28.3683 27.9226 25.4219 26.0141 23.3533 23.7437 22.3961 22.1147 20.5836 19.5436 18.4106 17.0978 16.9679 14.9902 14.5097 12.7477 12.1116 11.0193 8.5831 5.8291 4.6241 4.7595 5.9136 7.4144 9.4189 9.5679 9.5983 11.1756 11.342 13.473 13.584 13.6583 13.7086 13.7429 13.7664 17.3202 17.3803 17.426
41.4407 41.3842 37.8154 37.7956 37.7145 37.5051 37.0375 30.4733 29.167 28.4274 27.6996 26.3066 24.0493 23.5977 22.144 21.4784 20.6221 20.4365 18.2526 17.4265 15.9296 16.0736 15.5728 13.5296 12.3912 10.1038 10.2722 8.4423 6.9644 4.0938 3.3536 2.1311 4.2565 6.2518 9.7177 9.6692 10.9039 11.2408 13.308 13.5368 13.67 13.7481 13.7943 13.8216 17.3441 17.4261 20.1379 20.1835 20.217
36.7334 36.6972 36.6231 36.4831 34.8018 31.3351 29.9242 29.2957 25.2371 24.4726 23.9671 23.6999 21.7311 20.1792 19.356 18.6511 18.4839 18.1474 16.4138 14.6663 14.5219 13.0246 12.0866 10.9777 7.9951 6.2673 5.2118 3.2588 2.8383 2.2168 3.6539 4.9522 7.5025 10.0486 9.9677 10.816 12.8253 13.4519 13.7442 13.872 13.9258 13.9459 16.8671 20.0907 20.1801 20.2412 21.7978 23.6907 26.4585
36.4524 34.9543 34.7769 34.4982 31.147 27.2698 26.9756 24.9107 24.5896 23.9743 21.3671 20.4409 17.865 18.7532 16.5989 16.0653 15.8424 14.2139 13.2844 11.7856 9.6125 9.1805 7.2716 6.3696 5.1345 3.4939 3.2051 2.3466 2.4849 3.3995 6.2171 6.8207 11.3142 11.2216 11.741 13.791 14.2414 14.3976 14.3563 14.2843 19.8975 21.576 21.6988 21.7774 21.8279 23.1113 26.4369 26.5247 26.591
34.7643 34.6008 34.366 31.0953 27.1281 26.904 24.8236 24.6245 22.6469 20.9788 20.2838 18.056 16.537 14.8859 14.6885 14.2198 12.5669 11.5396 10.0859 8.1319 7.994 5.6906 3.3249 2.8445 3.1749 2.1118 2.9744 3.9873 4.9827 8.632 8.241 10.3603 11.5946 13.059 14.8939 16.7135 17.4638 17.4475 20.9185 21.3908 21.6602 21.8098 21.8918 23.1593 25.834 26.533 28.694 28.7314 28.7592
34.507 34.3129 27.1919 27.0709 24.8924 24.8059 24.6737 22.5136 19.5701 18.2874 17.6364 15.7509 14.3008 13.3263 11.76 11.4833 10.7051 8.9461 7.2065 5.7398 4.0389 3.5259 1.6013 2.1797 3.0663 3.1693 5.6244 6.4954 7.799 9.8635 11.7141 12.5966 14.5734 15.6345 17.9393 18.0993 19.348 20.2895 21.5521 21.9079 22.0574 24.751 25.8316 28.5778 28.6643 28.7244 29.5234 29.5457 29.5619
27.2253 27.1507 27.0513 22.5597 22.4363 20.1714 19.2066 16.3513 15.9845 15.2801 13.0683 11.6242 10.8321 10.3175 9.9383 8.0145 8.1183 5.5899 3.9442 2.0407 2.6366 2.531 2.315 3.2383 5.3495 6.8282 7.1943 9.5196 12.3303 13.5615 14.8558 16.0535 18.3857 19.5577 20.7159 21.4731 21.3359 22.8837 23.8175 23.8942 25.0303 28.423 28.5975 29.453 29.5084 29.5447 29.5688 29.5849 29.5958
27.1309 22.4418 22.3463 20.0599 16.098 15.9689 15.7451 15.3664 11.8719 11.365 9.5793 8.9275 9.83 8.4851 8.5097 5.7034 3.5688 3.3564 1.8701 0.8068 3.9457 3.9961 5.1909 6.4404 7.727 9.5295 11.3054 12.5106 14.2273 15.3411 16.3858 18.546 19.6611 21.1033 22.2005 22.8671 24.6806 25.1103 26.5671 26.8076 27.8971 29.3572 29.4785 29.5466 29.5856 29.6083 29.6214 29.6289 30.8958
18.2904 18.1921 18.0546 15.8104 15.6644 13.5441 13.1835 11.5594 6.5888 6.7185 6.8743 6.938 6.8007 5.7856 4.5281 3.4114 1.4567 2.2224 2.4924 2.7501 5.2509 6.8104 7.8334 9.3957 10.6247 12.1883 13.2059 15.1225 16.195 17.6512 18.7221 20.147 21.2758 22.2167 24.4604 24.9101 25.8469 26.1863 26.7954 29.0167 29.4029 29.5654 29.6352 29.6651 29.6768 29.6799 29.6788 32.1629 32.2218
17.9971 15.7383 13.683 13.5268 13.308 13.0039 6.2532 6.331 6.3552 6.3564 6.2877 6.0505 4.8193 3.3426 1.8474 1.4084 1.1859 3.2914 4.0179 5.2118 6.465 8.2199 10.3513 11.4482 11.6475 12.9882 15.3882 15.8118 17.3011 18.8504 19.9992 21.128 22.5015 24.5725 25.3755 26.8624 27.434 28.058 28.7493 29.7144 29.8363 29.8421 29.8214 29.7968 31.5925 34.547 34.6087 34.6515 34.6817
13.6297 13.5205 13.3758 9.9015 6.0947 6.0978 6.0941 6.0769 6.0327 5.935 4.4616 3.799 3.4614 2.5742 1.8821 2.9091 3.8836 5.556 6.7226 7.8193 9.4044 10.167 11.6491 12.7547 13.6504 14.7328 16.4738 17.9508 19.0099 20.6425 21.2014 23.8118 24.7188 26.6827 27.9681 28.422 28.7173 29.2187 30.8248 30.7881 30.6242 30.5173 33.1861 34.4764 34.5871 34.6548 34.6975 34.7252 34.3527
10.0308 9.9149 6.0164 6.0112 6.0006 5.9359 5.8966 5.8299 5.7171 3.7773 3.6826 3.4952 2.9758 2.9871 4.0326 4.9772 5.8811 7.4601 8.6263 9.3717 10.4329 11.2684 12.6748 13.8436 14.7969 16.5676 17.6927 18.8786 20.6014 21.7005 24.0206 25.6946 27.0119 27.8128 30.1359 29.8231 31.4179 31.0936 31.9015 31.7782 33.1552 34.3551 34.8513 34.6917 34.7496 35.6846 35.6939 35.6996 35.7033
5.926 5.9168 5.903 5.8826 5.8526 5.8083 5.7424 4.2625 4.2758 4.2149 4.1221 4.8445 4.3787 4.7202 6.1936 6.9713 8.1343 8.9289 10.4934 11.1851 11.7389 12.3772 14.1578 15.5693 16.1273 17.4414 18.9139 20.4595 22.9378 23.9145 25.9402 28.0574 28.238 30.3306 30.8458 32.2318 32.7002 34.7046 34.6331 35.0508 34.8383 35.2235 35.7906 35.7712 35.7586 35.7502 35.7442 35.7398 35.7362
5.8735 5.8568 5.834 5.8031 5.7606 5.7647 4.3179 4.2934 5.5225 6.1773 6.1794 6.2527 6.5237 8.6554 9.0264 9.6216 9.6665 10.9829 11.4912 12.2689 13.5711 14.4397 15.4389 16.5285 18.1119 19.3467 20.644 22.7923 24.5209 25.7467 26.976 28.6818 30.6492 31.2792 32.2111 33.139 34.7384 36.0621 38.0821 37.7108 37.0539 36.781 36.7128 36.7142 36.3296 36.3359 36.0827 36.0796 36.0784
5.8255 5.8028 5.8367 5.7992 5.667 5.6577 5.6487 6.4283 6.4624 6.5328 6.6734 8.0665 9.0673 10.0401 10.4858 11.1571 12.3068 12.5915 13.3393 14.2359 15.2245 15.7649 17.4401 18.2064 19.5154 21.8118 22.4748 24.2513 25.4565 27.6643 27.9523 30.1018 31.753 32.5182 33.6834 34.1954 34.6646 36.5698 38.0932 36.9708 36.4081 36.1324 36.1731 36.2202 36.0156 36.0252 36.0334 36.0405 36.0465
5.8468 5.8206 5.7104 5.708 6.5114 6.5311 6.563 6.614 6.6961 6.8293 8.1886 9.9586 10.0893 11.3389 11.4356 12.149 13.5736 13.7161 14.4505 15.4886 16.7885 17.8102 18.6395 19.9677 21.4295 22.4375 24.4345 25.7455 27.2448 28.0307 29.5597 32.1853 33.262 33.723 34.0066 34.3521 34.6581 35.8638 35.8814 36.16 35.4007 35.4688 35.4927 35.4967 35.4969 35.4964 35.4959 35.4954 35.4951
5.7362 5.7364 6.562 6.5801 6.6059 6.6426 6.6952 6.7714 8.1032 8.9571 10.3 11.4331 11.4782 12.3007 12.537 13.802 14.5604 15.1914 15.7765 17.1216 18.5052 19.0193 20.4669 21.3396 22.7479 24.6151 26.0332 28.1364 28.5319 29.8337 30.5951 32.8965 33.7739 34.4524 34.9254 34.3313 33.9929 35.6611 36.5166 36.4172 35.6639 35.3772 36.1956 36.3113 36.3833 36.4324 36.4681 36.4951 36.5164
6.5907 6.6061 6.6265 6.6537 6.6901 6.739 8.8302 8.9085 9.019 10.7963 12.8044 12.8511 12.953 14.5998 14.8694 16.2143 16.6218 16.7478 17.846 18.2644 19.5726 20.1687 22.187 23.0671 25.0409 26.5066 28.8113 31.2277 29.7815 30.7864 31.7571 33.1222 34.0389 34.5347 36.3918 34.6698 33.4651 34.3193 36.5205 36.0762 36.2858 36.1768 36.1915 36.2287 36.4325 36.4658 36.4922 36.5134 36.5306
6.6373 6.6581 6.6846 6.7185 8.8345 8.8856 8.954 11.7262 14.0381 14.0825 14.1605 14.2962 15.5362 15.7754 16.5568 17.3196 17.6934 18.2201 18.8606 19.4898 20.3539 21.9898 23.3945 24.6046 26.6397 29.1059 30.0242 31.0821 30.9598 31.2022 31.8404 36.6118 33.5619 34.3694 34.0766 35.9062 34.6843 34.0828 34.6375 35.7211 36.0777 36.0438 36.3227 36.3124 36.3181 36.3287 36.5217 36.5356 36.5479
6.6797 6.7045 8.8372 8.8732 11.0593 14.1032 14.1281 14.1655 14.2217 14.3063 15.5377 15.6514 17.3991 17.4944 18.2958 18.3398 18.6299 18.8164 19.7245 20.6975 21.5761 22.2821 24.4961 25.5812 28.184 29.2414 29.3587 30.2069 30.874 31.1612 34.256 36.9414 34.3861 36.4432 35.7038 35.5536 35.0934 34.0966 34.8373 35.4544 35.7292 35.7368 36.0269 36.3817 36.3695 36.3671 36.3694 36.3737 36.3789
8.8391 9.5205 11.0649 14.1513 14.173 14.2027 14.2436 14.3002 16.2797 16.3558 16.4674 17.508 18.3991 18.4431 18.5293 19.1836 19.5133 20.4889 20.9586 21.0576 22.3002 22.9597 24.5205 25.4063 27.1314 27.8274 28.4068 29.5408 30.4787 31.0681 36.3323 32.2834 35.5555 36.5202 36.8118 35.9151 35.2021 34.8196 34.8505 35.4363 35.6304 35.6574 35.707 35.731 36.0212 36.4009 36.3965 36.3956 36.3967
