normal_rasters/0772100001000777.ascii
ncols 64 
nrows 65 
xllcorner 158303.865997
yllcorner 383921.401001
cellsize 0.25
nodata_value -9999 
[rows 32 to 63 of 65, columns 0 to 63 of 64]
30.4744 30.4576 30.4289 30.3817 29.1757 29.0981 28.9682 26.7058 25.4088 24.3306 23.4059 22.8541 21.6683 21.08 21.1172 19.0792 18.1827 17.34 15.1189 14.9994 12.6548 10.4981 9.0893 8.0584 4.7391 2.0805 1.291 3.159 7.6407 10.9719 14.6736 18.7604 20.0956 22.5454 24.0896 27.0519 28.7596 31.8104 33.6645 34.8186 35.3186 36.1631 37.1065 36.1298 36.8458 37.4017 38.6399 38.2703 34.4504 24.8298 17.5324 16.5376 10.6465 10.0754 9.5833 9.584 9.2696 11.5759 11.8084 12.516 12.0596 12.0967 12.1202 12.134
30.4161 30.3903 30.352 29.1336 29.0814 28.1474 26.6761 25.7495 24.259 23.2976 23.1186 21.6582 21.1225 20.8465 20.1204 18.4045 16.8083 14.9322 14.3365 12.1082 10.6265 9.7835 6.2421 3.8883 2.5451 1.3456 4.3205 7.0129 12.4286 15.2381 18.1056 21.3535 23.718 25.614 27.6301 29.2833 30.3146 33.3022 35.5344 36.0431 36.998 37.2667 36.5725 36.795 37.7922 38.5723 38.9475 37.0979 29.1142 16.7766 15.7306 10.7349 9.8639 9.5825 9.5827 9.2909 11.3883 11.7327 12.5087 12.0824 12.1338 12.1629 12.1776 12.1834
30.366 29.1327 29.1076 29.0702 28.1411 28.0409 25.7534 24.2377 24.1369 23.0369 21.613 21.5089 21.0248 20.3553 18.9224 17.3083 15.0613 13.7598 12.6153 11.1048 9.6031 6.4025 5.5213 2.8945 2.3825 3.2189 7.6042 10.1207 14.5434 15.7071 22.1231 23.1554 27.3565 27.9775 29.6689 30.77 33.9451 34.676 36.0945 36.8619 37.6536 38.1134 38.5547 38.2036 38.3713 39.0332 39.3372 38.9689 37.3544 19.1753 13.3173 9.8297 9.5931 9.5746 9.2455 11.0587 11.5879 11.9782 12.1173 12.1926 12.2286 12.2421 12.2432 12.2377
29.1103 29.0903 29.0622 28.1349 28.0643 25.1241 24.231 24.1669 23.0351 22.2658 21.5481 21.0763 20.1234 18.5815 17.8691 15.6475 13.6047 12.21 10.228 9.2194 6.4459 4.7318 1.9354 1.4568 2.6265 6.3661 9.4311 14.0141 15.8044 21.7971 24.9957 27.2723 29.5772 30.3505 31.2253 33.3804 34.8905 35.7442 36.5976 37.4575 37.8456 38.3516 38.7001 37.8029 38.1981 39.486 39.8748 40.3086 33.7609 27.302 16.3263 9.4775 9.5953 9.3571 9.2718 11.2701 11.9101 12.1764 12.2964 12.3382 12.3431 12.3319 12.3141 11.6916
29.0781 29.0562 28.1293 27.238 25.1147 24.2293 23.0933 23.0388 22.3677 21.5643 21.0895 20.1926 19.0607 18.2207 14.4915 13.8366 12.5468 11.0272 9.0243 6.8747 4.37 2.7363 1.7906 3.4791 6.7257 9.0482 12.0241 16.9791 19.4282 24.9877 26.7368 30.0578 30.1856 32.1805 33.2822 34.8546 35.8271 36.9991 37.3407 37.904 38.0875 38.5886 38.2393 37.2317 35.3175 39.6619 40.2939 40.3855 25.4212 10.2683 13.1313 20.3919 11.0081 9.5233 9.1711 11.6413 12.2908 12.51 12.5419 12.5132 11.9045 11.8358 11.7773 11.7278
28.1559 28.1245 27.2388 25.1093 24.2294 23.0841 23.0439 22.9884 21.5721 21.4359 20.1836 19.0167 17.1341 15.6201 14.0621 11.44 10.493 8.8227 7.8466 5.6596 2.0179 1.2715 4.2864 5.0814 8.3437 12.4545 14.9291 19.3141 25.3625 26.3586 28.6869 31.1169 31.6558 33.9429 34.7213 35.5148 36.6053 37.2743 37.6892 37.9312 38.0748 37.7925 35.8577 34.9479 34.3336 32.1554 36.1624 35.5038 37.7416 25.4078 30.819 27.8733 14.5656 9.1732 10.3719 12.5048 13.0664 12.4925 12.2821 12.1146 11.988 11.8913 11.8159 15.3985
28.1204 27.2388 25.106 24.2302 23.0798 23.049 23.0085 21.5763 21.4478 20.1762 19.1161 17.4481 15.6931 13.1329 11.1551 10.1217 8.5193 7.279 5.5194 1.8863 1.495 4.1559 5.6282 7.5531 12.134 14.4227 18.2239 22.5055 27.1008 28.7524 31.2088 31.7878 33.8599 34.5399 35.6488 36.1874 36.9748 37.5364 37.8867 37.6491 37.1641 35.3251 33.3817 25.6061 25.5151 29.6914 33.7019 36.4223 33.3591 30.8203 31.3425 16.424 11.0639 8.7403 11.4129 14.7726 13.5976 12.8401 15.2101 15.2127 15.2212 15.2295 15.2367 15.2425
27.2383 25.1039 23.4267 23.0779 23.0536 23.0229 22.3773 21.4545 20.7923 19.3981 15.8833 15.7192 13.0379 11.0759 8.6406 8.3342 5.9489 4.6495 2.8231 0.9546 3.8949 6.0848 8.1541 13.6078 14.7788 19.7343 22.3249 23.9495 27.4266 28.633 32.9711 34.1252 34.8515 35.4661 36.5851 37.1184 37.5721 37.5829 37.2483 36.5676 35.879 31.1736 28.5461 14.9555 17.0915 17.4478 38.0587 17.0854 20.8904 29.4259 23.3451 10.7894 7.9104 6.4427 12.4764 15.0818 15.2376 15.219 15.2279 15.2375 16.8567 16.9207 16.9694 17.0076
25.1026 23.4223 23.3958 23.0577 23.0336 22.3902 20.8304 20.7989 17.9109 15.8395 15.7275 13.6574 11.053 8.4497 8.2463 5.7381 4.5741 4.0272 3.5383 3.8781 5.8727 7.727 13.3485 15.5121 17.8755 21.6603 24.073 28.2031 29.8226 30.0212 34.308 35.3225 36.2918 37.0274 37.0379 37.5941 37.7762 37.9006 36.2773 33.5287 31.7952 24.6479 20.3689 21.9431 32.9283 11.7404 13.7438 19.2952 18.2356 23.563 12.5577 7.5115 6.2448 12.3382 17.0006 16.3915 16.3825 16.6052 16.746 16.8408 16.9089 16.9603 17.0003 17.0324
23.4195 23.3974 23.0613 23.0419 22.3995 20.8269 20.8027 17.8917 15.8099 15.729 12.1797 11.0474 8.3549 8.2127 5.6899 4.5889 4.3554 4.5828 4.7238 6.576 9.7717 11.8299 15.4998 17.5637 21.6499 23.3566 27.209 28.997 31.0843 33.9925 35.5908 36.0034 36.9624 37.4147 37.7175 37.9847 37.5535 37.2269 33.1371 28.4126 29.1048 33.3425 20.1791 20.7885 32.4255 11.2029 10.4176 12.4222 8.8876 7.3339 6.6077 9.3669 10.6343 12.3773 15.63 15.8914 17.0141 16.9019 16.9122 16.9461 16.9813 17.0129 17.0402 17.0636
23.399 23.0645 23.0485 23.0298 20.824 20.8048 17.8771 15.7888 15.7278 12.1842 11.0478 8.3041 6.2024 4.6897 4.6061 4.4795 4.9697 5.0703 6.9394 8.2381 11.4112 16.3281 18.312 21.1511 25.7382 26.0011 30.8668 31.6313 34.3743 35.0398 36.0855 37.0365 37.7443 38.0657 37.9024 37.7591 36.6596 34.9876 29.9211 27.1976 24.6799 33.282 25.4937 19.3612 8.2664 8.5431 8.2034 8.3891 7.6579 6.7898 4.7615 8.8489 13.6348 13.061 15.3599 15.9347 15.6825 17.1495 17.0775 17.0586 17.0611 17.0717 17.0851 17.0988
23.0672 23.0539 23.0384 20.8215 20.8059 17.8657 15.7732 13.7886 12.1854 12.0522 8.275 6.1712 4.6757 4.6191 4.5401 5.1383 5.209 7.1677 7.8848 11.8362 14.9965 18.2215 21.3262 24.0959 27.1916 28.9442 31.6891 33.2471 35.3139 36.0819 37.0862 37.6063 38.2104 38.531 37.9785 35.9061 34.7883 29.3261 27.0795 25.7188 15.8316 18.9173 19.8293 12.0557 8.3483 8.9229 9.1485 8.0354 5.4047 4.7934 14.2376 10.251 10.1563 12.7413 12.8714 15.7739 16.0045 15.6392 17.2041 17.1569 17.1363 17.1298 17.1307 17.1353
23.0583 23.0454 20.8194 20.8065 17.8565 16.9474 13.7732 12.185 12.0805 8.2576 6.1545 4.6695 4.6288 4.5749 5.2231 5.274 7.2915 7.734 11.8219 12.8862 15.8807 21.4875 24.7536 26.8563 29.677 32.0413 34.0209 35.6428 35.5927 36.4813 37.656 38.5363 38.5743 38.1405 36.0587 31.4824 31.6819 26.2107 23.3372 24.8351 20.6826 18.9174 12.7054 9.5154 8.6118 8.3308 9.5237 8.4239 5.5466 14.6332 20.1956 15.6542 15.3136 15.038 12.7285 12.8033 15.9119 16.0314 15.6273 17.2329 17.2 17.1822 17.1736 17.1706
23.051 21.6467 19.2885 17.8489 16.944 12.2537 12.1838 12.0999 6.2048 6.1454 4.6668 4.6361 5.25 5.2707 5.3087 7.3606 7.6566 11.8467 12.5231 17.6487 21.5264 25.5519 26.3707 29.8926 32.5024 33.9322 34.6573 35.4416 36.336 36.7303 37.7986 38.5789 38.2723 37.6241 33.842 31.9389 28.767 30.3132 14.9728 12.1972 14.431 8.178 8.5627 9.4954 8.8432 8.3517 7.59 11.4178 9.8788 13.2995 18.9099 18.0815 15.025 16.2602 10.2434 12.7279 12.7714 15.9726 16.0448 15.6242 17.2505 17.2265 17.2116 17.203
21.6489 19.2816 19.2481 16.9409 12.2403 12.1823 12.1135 6.1896 6.1405 4.6657 4.6418 5.2815 5.2997 5.329 7.4017 7.612 11.8741 12.331 17.6525 22.5462 23.2529 27.8738 29.92 31.6864 33.8993 34.8419 35.6575 36.4178 35.9134 37.4124 37.5059 38.2354 37.543 34.833 29.4696 23.0382 22.3108 22.0906 12.3416 9.3647 8.4346 7.7413 8.5154 9.7309 9.1312 6.0022 5.7832 9.2071 15.8413 16.2669 17.5207 18.629 18.3963 14.7826 10.0301 10.2143 12.7256 13.2984 16.0046 16.0527 15.6239 17.2623 17.244 17.2317
19.2758 19.2469 14.9872 12.2295 12.1806 12.1233 6.1792 4.6813 4.6655 4.6463 5.3028 5.3185 7.3112 7.4276 7.5842 11.8973 12.2228 17.6724 18.1731 23.1964 27.9438 28.5088 31.5252 34.0176 34.3464 35.5297 36.2641 36.4738 36.7319 37.8109 38.355 38.2836 35.4053 30.4205 27.1746 15.9006 14.3379 15.9479 12.9782 10.5687 7.6924 8.0934 9.0151 9.9134 8.6779 5.831 7.6446 11.5906 14.2814 16.656 16.5623 18.0337 18.3938 18.2856 14.6919 10.0671 10.2006 12.723 13.2882 16.0235 16.0577 15.6247 17.2708 17.2564
19.2458 14.9786 12.2207 12.1789 12.1305 6.172 4.6789 4.6657 4.65 5.3178 5.3313 7.3516 7.4448 7.5656 11.916 12.1582 17.6948 18.0552 23.1747 27.9847 28.347 31.4683 34.0766 34.2494 35.4376 36.1125 36.5085 37.0718 37.5403 38.0837 38.614 38.3233 38.9075 27.6455 17.4055 9.175 7.7167 8.3369 10.1073 8.7129 8.2772 8.4521 7.7565 7.6245 6.3591 9.3757 5.7929 10.2086 12.3327 13.6755 16.6226 16.7176 22.9893 18.3101 18.2539 17.3474 10.0856 10.1932 12.322 13.2823 16.0356 12.0182 15.6259 13.7054
14.9713 12.2133 12.1773 10.0779 6.1669 4.6774 4.6662 4.653 5.3288 5.3404 7.3805 7.4566 7.5526 11.9309 12.1175 17.7156 17.9854 23.1688 28.0116 28.2597 31.4452 34.1051 34.2084 35.4202 35.5378 36.5294 37.0339 37.5987 37.9685 38.7884 39.289 39.5463 35.4021 31.0998 10.4497 7.1437 7.3459 7.7847 8.0429 8.1006 8.4851 8.2362 6.864 11.4503 9.7346 15.1863 12.2971 11.4191 11.538 12.371 13.4774 16.6246 16.6833 23.159 18.2784 18.2458 17.3629 10.0962 10.1887 12.3139 13.2785 16.044 12.014 15.6271
12.2071 12.1757 10.0763 6.1633 4.6764 4.6668 5.3291 5.3369 5.347 7.4018 7.4651 7.5431 11.943 12.0909 12.2727 17.9424 23.1699 28.0305 28.2097 31.4346 34.1205 34.1885 35.417 35.4849 36.5318 37.0233 37.6035 37.939 38.8275 39.0468 39.5708 40.1555 36.3116 24.0792 16.9094 6.3273 6.6275 7.4726 7.9767 8.184 7.9675 7.4597 7.3642 33.1507 19.0445 18.6151 13.4844 12.5311 12.291 11.9426 12.3558 13.3993 16.6287 16.6677 23.2531 18.2664 18.2457 17.3755 10.1029 10.1859 12.3085 14.6656 16.0499 12.0111
12.1742 10.0751 6.1607 4.6757 4.6674 5.3361 5.3431 5.352 7.4179 7.4714 7.536 11.9529 12.0728 12.2177 17.9153 23.174 28.0445 28.1794 31.4294 34.1297 34.1777 34.2424 35.4607 35.5199 37.0213 37.084 38.2766 38.8371 38.9175 39.7339 40.0947 40.4105 38.0846 30.7258 24.855 8.9179 6.3533 6.6423 7.599 7.9941 6.5053 6.543 8.2248 15.0975 17.3078 15.5813 20.3772 13.0397 12.6297 8.3684 12.0988 12.3407 13.3615 16.632 16.6597 23.3112 18.2627 18.2487 17.3859 10.1073 10.184 12.3048 14.667 16.0543
7.7262 4.6817 4.6753 4.668 5.3417 5.348 5.3558 7.4304 7.4761 7.5305 11.9612 12.0602 12.1782 17.8978 23.1792 28.0552 28.1602 31.4267 34.1356 34.1712 34.2174 35.4482 35.4879 37.0221 37.0615 38.2888 38.8399 38.8792 39.8179 40.0659 39.887 39.7507 34.3198 27.8227 30.9353 30.6969 8.1654 6.5356 6.5787 5.9997 5.7323 6.9762 7.2231 13.6185 15.5975 16.247 15.6953 20.8931 12.9132 12.6916 8.4265 12.1716 12.3292 13.3405 16.6347 17.2472 23.35 18.2626 18.2527 17.3944 10.1105 12.279 12.3021 14.7211
4.6808 4.6751 4.6686 5.3461 5.3519 5.3587 7.4402 7.4797 7.5261 11.9681 12.0513 12.1491 17.8863 23.1848 28.0636 28.1476 31.4252 34.1396 34.167 34.2016 35.4412 35.4695 36.5591 37.0504 38.2959 38.8411 39.3631 39.8336 40.0531 39.7565 38.884 33.4642 32.6314 32.7149 22.9069 16.8732 9.4281 5.7963 4.5346 8.2704 4.4461 7.6218 6.5519 7.1848 14.9441 15.6223 16.0108 15.7547 21.1177 12.8712 12.7338 8.4565 12.2101 13.3031 13.3277 16.6368 17.2438 23.3773 18.2642 18.2569 17.4016 10.1127 12.2809 12.3002
4.675 4.6692 5.3498 5.355 5.3611 7.448 7.4825 7.5225 11.974 12.0448 12.1271 17.8787 23.1903 28.0705 28.1391 28.2209 31.4698 34.1642 34.191 35.4371 35.458 36.554 37.0446 37.9844 38.329 39.3692 39.8388 39.7361 39.7194 38.7851 33.6825 30.1581 28.9716 22.9394 28.3706 13.0869 8.3568 4.9388 3.4856 12.8246 14.6516 11.3574 10.3503 6.5196 8.8395 15.6232 15.2762 15.2438 15.7914 21.2394 12.8574 12.7643 8.4736 12.2323 13.3005 13.3192 16.6385 17.2419 17.2076 18.2666 18.261 17.4077 10.1144 12.2825
5.3488 5.3528 5.3575 5.363 7.4544 7.4848 7.5197 11.9791 12.0401 12.1103 17.8738 23.1956 23.2774 28.1332 28.2003 31.4611 34.1622 34.1836 35.4344 35.4506 36.551 37.0413 37.9852 38.3243 39.3723 39.8407 39.5518 38.701 33.4548 32.994 29.4571 28.7359 22.8225 19.0213 16.2266 14.2598 6.2624 4.7483 13.1454 15.1714 14.3857 13.7123 12.4247 11.3443 6.6928 8.8988 15.7264 15.2276 9.6191 15.8162 21.3146 12.8543 12.7872 8.4842 12.246 13.2986 13.3134 16.6398 17.241 17.2131 18.2693 18.2649 17.413 10.1158
5.3553 5.3596 5.3645 7.4597 7.4866 7.5172 11.9835 12.0366 12.0971 17.8707 23.2005 23.2699 28.129 28.1851 31.4548 34.1608 34.1782 35.4328 35.4456 36.5491 37.0395 37.986 38.3216 39.374 39.5468 39.5428 38.6714 33.0965 31.7568 29.2944 28.873 19.7123 19.2141 13.797 12.5053 6.7757 5.7514 11.4887 11.7185 10.0785 15.7813 15.2254 13.3872 12.6723 11.7267 6.6918 8.9258 15.7816 15.2064 9.6134 15.834 15.0012 12.8556 12.805 8.4912 12.2549 13.2973 13.3092 16.641 17.2406 17.2175 18.2719 18.2684 17.4175
5.3613 5.3658 7.464 7.4881 7.5152 11.9874 12.034 12.0867 17.8688 23.205 23.2647 28.1261 28.1735 32.022 34.1598 34.1742 35.4316 35.442 36.548 36.5593 37.3543 38.8403 39.3749 39.5413 39.5376 38.6549 32.9112 31.6521 29.2637 28.9954 19.5996 19.311 13.6606 8.789 7.1421 8.0445 8.7075 11.5137 12.6857 12.1664 15.3928 15.8105 15.0443 13.2793 12.7611 11.9043 6.6911 8.9398 15.8158 15.197 9.6102 15.8475 15.0087 12.8587 7.0213 8.4959 12.2608 13.2962 13.3061 16.6419 17.2405 15.7308 18.2746 15.2478
5.3668 7.4677 7.4893 7.5135 11.9908 12.032 12.0784 17.8677 23.2092 24.318 28.1239 28.1647 32.0192 34.159 34.1711 35.4309 35.4395 35.4495 36.5565 37.3518 38.842 39.6127 39.5377 39.5345 32.9728 32.8116 30.4903 29.27 29.0861 19.5657 19.3797 13.6168 8.6479 8.0234 8.411 8.6676 9.2698 10.2557 10.2438 12.4137 12.831 15.5982 15.8069 14.9787 13.2323 12.8016 11.9995 6.6904 8.837 15.839 16.5948 9.6083 15.858 15.0153 12.8625 7.0197 8.4993 12.2649 13.2954 13.3037 16.6427 17.2406 15.7312 18.2771
7.4708 7.4903 7.512 11.9938 12.0306 12.0716 17.8672 23.2131 24.3167 28.1224 28.1577 32.0171 34.1583 34.1687 35.4304 35.4376 35.4459 36.5545 37.3501 38.8432 39.6136 39.5352 33.9409 32.8921 30.6135 29.3878 29.2868 19.6504 19.5584 19.4292 13.601 8.5946 8.0405 8.5234 8.6403 8.8625 9.1861 9.4721 10.0009 9.9464 12.3224 12.7574 15.6785 15.8012 14.9487 13.2082 12.8228 12.056 6.6897 8.8387 15.8557 16.6001 9.6071 9.6038 15.0212 12.8664 7.0184 12.235 12.2678 13.2947 13.3018 16.6434 17.2409 15.7316
7.4911 7.5107 11.9966 12.0295 12.0661 17.8672 17.9134 24.316 28.1213 28.1522 32.0154 34.1579 34.1668 35.4301 35.4362 35.4432 36.5531 37.3489 38.5214 38.8586 39.5335 33.872 32.8406 30.5795 29.3854 29.3057 19.6321 19.5607 19.4661 13.595 8.5696 8.0499 8.5761 8.641 8.7505 8.9112 9.1019 9.2646 9.8608 9.8557 12.2432 12.2771 12.7208 15.7161 15.7962 14.9328 13.1943 13.1333 12.0921 6.6892 8.8399 15.8684 16.6049 9.6063 9.6037 9.4959 12.8702 7.0175 12.2422 12.2699 13.2942 13.3003 16.644 13.5502
7.5096 11.999 12.0287 12.0615 12.0977 17.9087 24.3157 28.1206 28.1478 32.0141 34.1575 34.1653 35.4298 35.4351 35.4411 36.552 37.3481 38.5216 39.0743 39.5323 33.8241 32.8072 30.5596 29.3882 25.7319 19.6233 19.5666 13.6529 13.5928 8.5562 8.0558 8.6065 8.6474 8.7109 8.8013 8.916 9.0394 9.1448 9.7782 9.7873 9.775 12.2273 12.2501 12.7006 15.736 15.7922 14.9236 13.1857 13.1395 12.1165 6.6886 8.8409 15.8783 9.6083 9.6058 9.6037 9.4962 12.8739 7.0166 12.2477 12.2714 13.2938 13.2991 13.5585
12.0012 12.0281 12.0577 12.0902 17.9049 24.3156 24.3611 28.1442 32.0131 34.1571 34.164 34.1717 35.4343 35.4395 36.5512 37.3475 38.5217 38.5343 33.8637 33.7904 30.6159 30.5483 29.3935 25.7314 19.6197 19.5736 13.6392 13.4465 8.5483 8.0599 7.4321 8.6542 8.6951 8.7514 8.8236 8.9075 8.9933 9.0672 9.7257 9.7381 9.7361 9.7252 12.2159 12.2322 12.6884 15.7475 15.789 14.9178 13.18 13.1438 12.1338 6.6882 8.8417 15.8863 9.6075 9.6055 9.6037 9.4965 12.8773 7.016 12.252 12.2724 13.2934 13.2981
12.0277 12.0545 12.0839 18.3592 24.3158 24.3567 28.1413 32.0123 34.1569 34.163 34.1698 35.4336 35.4382 36.5506 37.3471 38.5218 38.533 33.8318 33.7664 30.6008 30.6052 29.3998 25.7336 19.6188 19.5807 13.6303 13.439 8.5433 8.8413 7.4469 8.6602 8.6886 8.7265 8.7747 8.8321 8.8954 8.9582 9.013 9.6901 9.7023 9.7048 9.7003 12.1899 12.2073 12.2194 12.6805 15.7545 15.7864 14.914 13.176 13.147 12.1464 6.6877 8.8423 15.8928 9.607 9.6053 9.6038 9.4968 12.8804 7.0154 12.2554 12.2732 13.2931
