normal_rasters/0772100000297601.ascii
ncols 74 
nrows 60 
xllcorner 159469.880981
yllcorner 383899.927002
cellsize 0.25
nodata_value -9999 
[rows 0 to 30 of 60, columns 0 to 69 of 74]
3.6734 3.6748 3.6763 3.6779 3.8202 3.8232 3.9636 3.9654 3.9986 4.0529 4.0533 4.1011 4.1363 4.1939 6.982 7.0251 7.0889 7.13 9.9381 12.9018 12.9558 13.0136 13.0749 15.9012 15.9606 18.8966 18.9886 19.0965 19.0986 19.163 19.1654 19.2786 19.3462 19.4223 19.4238 19.527 19.5302 19.6431 19.6466 19.7042 19.7811 19.8934 19.9607 19.9642 19.968 20.0352 20.0389 20.1049 20.1607 20.1718 20.1726 20.1735 20.2167 20.2186 20.2514 20.2534 20.2555 20.3194 20.3226 20.3257 20.3285 20.3311 20.3332 20.335 20.3365 20.3377 20.3386 20.3393 20.3923 20.3927
3.6728 3.6742 3.6758 3.6775 3.79 3.8221 3.963 3.965 3.9985 3.9995 4.0532 4.0536 4.1362 4.1936 4.1943 7.0031 7.0731 7.1178 9.9204 10.072 12.9352 12.9984 13.0659 15.8071 15.9507 18.7621 18.9882 19.0426 19.0978 19.162 19.1647 19.1676 19.3452 19.3483 19.4232 19.5254 19.529 19.5329 19.6453 19.7033 19.7802 19.8921 19.9587 19.9626 19.967 20.034 20.0383 20.104 20.1601 20.1619 20.1724 20.1736 20.216 20.2182 20.2506 20.2531 20.2556 20.3184 20.3223 20.3261 20.3295 20.3324 20.3348 20.3367 20.3381 20.3393 20.3401 20.3929 20.489 20.4898
3.672 3.6735 3.6752 3.677 3.7895 3.821 3.8246 3.9645 3.9983 3.9995 4.0531 4.0536 4.1016 4.1066 4.1939 6.9772 7.0313 7.1029 7.1549 9.9555 12.91 12.9792 13.0537 15.7955 15.9379 16.0143 18.9876 18.9897 19.0967 19.1428 19.1639 19.1671 19.3439 19.3474 19.4224 19.4245 19.5274 19.5319 19.6436 19.7022 19.7066 19.7827 19.8931 19.9605 19.9656 19.9713 20.0374 20.1026 20.1071 20.1613 20.1722 20.1735 20.2149 20.2176 20.2496 20.2527 20.2558 20.3174 20.3224 20.327 20.331 20.3343 20.3368 20.3388 20.3402 20.3412 20.3936 20.4891 20.4901 20.4909
3.6711 3.6727 3.6745 3.6764 3.7889 3.7908 3.8235 3.9638 3.9663 3.9994 4.053 4.0535 4.1013 4.1065 4.1935 4.2589 7.0048 7.0846 7.1418 9.9353 12.8792 12.955 13.0375 13.1258 15.8441 16.007 18.8986 18.9892 19.043 19.0984 19.1628 19.1665 19.2779 19.3462 19.4215 19.4238 19.5254 19.5304 19.5881 19.7005 19.7057 19.7816 19.8913 19.9577 19.9636 19.9704 20.0361 20.0427 20.106 20.1603 20.1717 20.1734 20.2135 20.2168 20.2482 20.2521 20.3099 20.3165 20.3229 20.3286 20.3333 20.3369 20.3395 20.3414 20.3937 20.3947 20.4892 20.4904 20.6765 20.6802
3.6701 3.6718 3.6737 3.6758 3.678 3.7902 3.8221 3.963 3.9657 3.9992 4.0529 4.0535 4.0541 4.1366 4.1073 4.194 4.2594 7.0621 7.1252 9.9103 9.984 12.9244 13.0161 13.1152 15.8337 15.9967 18.8529 18.9885 19.0426 19.0971 19.1435 19.1656 19.2138 19.3446 19.3495 19.4228 19.4258 19.5284 19.5871 19.6447 19.7043 19.7192 19.7856 19.893 19.9606 19.9688 20.0339 20.0421 20.0873 20.1502 20.1709 20.173 20.2115 20.2156 20.2462 20.2513 20.3068 20.3158 20.3243 20.3314 20.3368 20.3406 20.3431 20.395 20.3961 20.4895 20.4909 20.6765 20.6808 20.6843
3.6689 3.6707 3.6727 3.675 3.6774 3.7896 3.792 3.9578 3.965 3.9991 4.0006 4.0533 4.054 4.102 4.1072 4.1934 4.2587 7.0105 7.1041 9.8791 9.9614 12.8859 12.9878 13.0995 15.8196 15.9056 18.7648 18.9875 19.0421 19.0439 19.1422 19.1645 19.2134 19.2788 19.3482 19.4215 19.4249 19.5257 19.5331 19.5895 19.7022 19.7185 19.7846 19.8901 19.9563 19.9661 19.9777 20.0409 20.0871 20.1316 20.1695 20.1722 20.2084 20.2136 20.2432 20.2501 20.3032 20.3162 20.3276 20.3362 20.342 20.3456 20.3968 20.4876 20.4899 20.4917 20.6766 20.6818 20.6859 20.8002
3.6675 3.6695 3.6716 3.674 3.6766 3.7888 3.7914 3.8239 3.9641 3.9988 4.0006 4.0447 4.0539 4.0587 4.107 4.1927 4.2579 4.2595 7.0772 7.1762 9.9321 12.837 12.9505 13.077 15.8005 15.9002 18.7634 18.9863 18.99 19.0434 19.0982 19.1451 19.2127 19.2148 19.3463 19.4196 19.4237 19.4283 19.5305 19.588 19.6555 19.7172 19.7247 19.8861 19.8931 19.9617 19.9763 20.0386 20.0865 20.1316 20.1508 20.1705 20.1754 20.2106 20.2379 20.2477 20.2996 20.3192 20.3342 20.3441 20.3497 20.3998 20.4876 20.4907 20.4929 20.6771 20.6835 20.7978 20.8014 20.8042
3.666 3.668 3.6703 3.6728 3.6756 3.6787 3.7907 3.7938 3.963 3.9668 4.0004 4.0447 4.0538 4.0587 4.1068 4.1082 4.1933 4.2586 7.0429 7.152 9.8942 10.0082 12.9013 13.0449 15.7742 15.8909 18.7614 18.9846 18.9888 19.0427 19.0455 19.1437 19.2119 19.2143 19.3435 19.3586 19.4218 19.4275 19.5267 19.5855 19.5924 19.7147 19.7245 19.7911 19.8883 19.9544 19.9728 20.0279 20.0851 20.0964 20.1341 20.1671 20.1885 20.206 20.2277 20.2505 20.2994 20.3286 20.3471 20.4004 20.4049 20.488 20.4921 20.4949 20.6784 20.7933 20.7992 20.8035 20.8067 20.809
3.6642 3.6663 3.6687 3.6714 3.6744 3.6778 3.7898 3.7932 3.9574 3.9658 4.0002 4.0446 4.0452 4.0546 4.1065 4.1081 4.1925 4.2575 4.2597 7.1197 9.8445 9.975 12.8363 12.9997 13.1835 15.876 16.0212 18.8983 18.9872 19.0418 19.0451 19.1417 19.1487 19.2136 19.2169 19.3559 19.4189 19.426 19.5212 19.5816 19.5899 19.6508 19.7233 19.7898 19.8316 19.8945 19.9654 20.0179 20.0823 20.0998 20.1348 20.1437 20.1791 20.1935 20.2088 20.238 20.3175 20.3511 20.4074 20.4149 20.4893 20.4949 20.6663 20.7836 20.7944 20.8019 20.807 20.8104 20.8127 20.8143
3.6621 3.6643 3.6668 3.6697 3.673 3.6766 3.7887 3.7925 3.7966 3.9646 3.9999 4.0367 4.0452 4.0459 4.1061 4.1079 4.1098 4.1933 4.2586 7.0763 7.186 9.929 12.7502 12.9362 13.1508 15.8522 16.0286 18.8967 18.9848 19.0403 19.0445 19.0491 19.1474 19.2124 19.2166 19.3517 19.3608 19.4234 19.4342 19.5756 19.5852 19.6471 19.7202 19.7404 19.8294 19.8853 19.9505 20.0074 20.0639 20.1086 20.1372 20.1435 20.1531 20.1873 20.2306 20.2972 20.3693 20.4176 20.4824 20.4937 20.5006 20.6656 20.7827 20.7978 20.8072 20.8129 20.8164 20.8184 20.8196 21.2281
3.4425 3.662 3.6646 3.6676 3.6712 3.6752 3.7873 3.7916 3.7962 3.963 4.0246 4.0367 4.0452 4.0459 4.0596 4.1076 4.1098 4.1921 4.2572 7.018 7.1432 9.8646 10.0615 12.8474 13.099 15.8149 16.0326 18.6929 18.9009 19.0381 19.0433 19.0493 19.1455 19.2104 19.2159 19.3453 19.3561 19.4187 19.4336 19.4884 19.5766 19.6384 19.7132 19.7436 19.8251 19.8375 19.9148 19.9755 20.0554 20.1123 20.1425 20.1338 20.1532 20.2051 20.287 20.3398 20.3794 20.5072 20.5097 20.5128 20.7461 20.7852 20.8066 20.8178 20.8235 20.8261 20.8272 21.2246 21.2389 21.2496
3.4426 3.4445 3.6619 3.6651 3.6689 3.6733 3.6783 3.7904 3.7956 3.9327 4.0236 4.0366 4.0451 4.046 4.047 4.1071 4.1097 4.2015 4.2552 4.259 7.0815 9.7738 10.0082 12.7229 13.0189 15.7577 16.0296 18.6947 18.8986 18.9538 19.0412 19.0494 19.0965 19.2072 19.2144 19.2231 19.3476 19.3725 19.4314 19.489 19.5627 19.5816 19.6618 19.75 19.7944 19.8387 19.8669 19.9272 20.0052 20.0794 20.1101 20.1308 20.1666 20.2393 20.2782 20.364 20.441 20.4948 20.5722 20.7369 20.8008 20.8299 20.8405 20.8432 20.8426 21.2197 21.2409 21.2561 21.2668 21.2743
3.4427 3.4447 3.6554 3.6621 3.6662 3.671 3.6765 3.7887 3.7948 3.9319 4.0223 4.0364 4.0373 4.0459 4.0472 4.1064 4.1095 4.1126 4.2028 4.257 6.9927 7.1948 9.9246 10.2289 12.8975 13.3201 16.0131 18.6964 18.895 18.9509 19.0375 19.0489 19.0973 19.2018 19.2112 19.2237 19.333 19.3609 19.4254 19.4819 19.5184 19.5567 19.6297 19.7382 19.8027 19.8305 19.8689 19.9566 20.0065 20.0477 20.0598 20.1412 20.2302 20.2614 20.3174 20.3755 20.4449 20.5502 20.674 20.8492 20.8931 20.8918 20.8814 21.2121 21.2458 21.4947 21.5139 21.5267 21.5352 21.5408
3.4425 3.4448 3.4474 3.6552 3.6627 3.6679 3.6741 3.7865 3.7936 3.8012 3.9355 4.026 4.0372 4.0458 4.0473 4.0612 4.109 4.1129 4.2003 4.2541 6.8645 7.1012 9.7922 10.1947 10.4461 13.2371 15.9761 18.6971 18.795 18.9461 19.0305 19.0471 19.0663 19.1561 19.2049 19.2227 19.285 19.335 19.3822 19.492 19.5121 19.5192 19.5584 19.6366 19.8013 19.7633 19.869 19.9794 19.9747 20.053 20.121 20.1437 20.2535 20.3834 20.4581 20.4414 20.5244 20.6494 20.8726 21.0587 21.1124 21.3512 21.4324 21.4875 21.5213 21.5413 21.5527 21.559 21.5622 22.2632
3.4422 3.4447 3.4475 3.4506 3.6553 3.6641 3.6709 3.7834 3.7917 3.8009 3.9348 4.0245 4.0368 4.0092 4.0473 4.0495 4.1082 4.113 4.1169 4.2025 4.2574 6.9515 9.5805 10.0854 10.4575 13.1051 15.9054 18.6946 18.7995 18.8826 18.9538 19.0419 19.0739 19.1387 19.1759 19.2166 19.2524 19.2842 19.3415 19.4956 19.5144 19.497 19.5346 19.5691 19.6199 19.7459 19.8413 19.9003 19.905 20.0077 20.1651 20.218 20.266 20.4537 20.5484 20.6649 20.7482 21.0477 21.0758 21.28 21.3627 21.473 21.5447 21.5799 21.5943 21.9076 21.9866 22.4375 22.7472 22.7632
3.4416 3.4443 3.4474 3.451 3.4549 3.6561 3.6666 3.6759 3.789 3.8 3.9338 3.9412 4.0362 4.0089 4.0471 4.0499 4.1069 4.1129 4.118 4.1985 4.2524 6.7156 7.1558 9.8613 10.4152 11.052 15.7604 18.6837 18.8018 18.889 18.9449 19.0284 19.0832 19.1389 19.159 19.1832 19.2263 19.2792 19.2771 19.373 19.4676 19.4692 19.4666 19.5248 19.527 19.6639 19.7806 19.8693 19.9793 20.0635 20.1847 20.3072 20.4585 20.6189 20.7373 20.8646 21.1233 21.3231 21.4276 21.5253 21.7637 21.8578 21.9571 21.9687 22.2928 22.3046 22.7566 22.7773 22.7911 22.8003
3.4406 3.4435 3.4469 3.4509 3.4555 3.6514 3.658 3.6714 3.7849 3.7984 3.9322 3.9416 4.0354 4.0082 4.0124 4.0501 4.0653 4.1125 4.119 4.123 4.2022 4.2617 6.8571 9.4054 10.1997 11.3476 13.9407 18.6551 18.7883 18.8994 18.9315 18.9636 19.0703 19.1357 19.1674 19.1633 19.1865 19.2302 19.233 19.2429 19.3385 19.433 19.4195 19.4604 19.576 19.6867 19.7324 19.8674 20.0237 20.1368 20.228 20.4485 20.6708 20.9284 20.9915 21.2959 21.4163 21.582 21.8981 22.0575 22.2911 22.3009 22.3789 22.3702 22.9888 23.0129 23.0278 23.037 23.0427 23.0462
3.4391 3.4422 3.4459 3.4503 3.4556 3.4618 3.6526 3.6622 3.7789 3.7955 3.8144 3.9418 3.9793 4.0069 4.0115 4.0497 4.0332 4.1116 4.1199 4.1253 4.17 4.2481 6.3601 8.5223 9.3704 11.8428 14.8916 18.5501 18.7027 18.7975 18.8783 18.948 19.0 19.0913 19.1325 19.135 19.1439 19.1426 19.1816 19.2165 19.3174 19.3581 19.4269 19.474 19.5395 19.6983 19.8222 19.9365 20.0269 20.2371 20.2717 20.5258 20.865 21.1742 21.4203 21.4842 21.8373 22.0374 22.1217 22.3848 22.6622 22.6188 22.8118 22.9858 23.0217 23.0405 23.0501 23.055 23.0573 23.0581
3.4372 3.4402 3.4441 3.4488 3.4548 3.4622 3.471 3.6564 3.671 3.7904 3.8149 3.9416 3.9743 4.005 4.0091 4.0476 4.0463 4.0379 4.1209 4.1275 4.1701 4.1566 4.2585 6.1035 6.9322 12.2293 16.7948 17.0918 18.6382 18.7189 18.7465 18.8902 18.9211 18.9254 19.0621 19.0838 19.1289 19.1197 19.1085 19.1873 19.2756 19.3761 19.4045 19.4504 19.5286 19.6504 19.8829 19.98 20.1774 20.3672 20.5737 20.8501 21.2823 21.4485 21.6017 21.8372 21.987 22.183 22.3426 22.5895 22.7262 22.8114 23.0046 23.0525 23.0707 23.0744 23.0744 23.1045 23.1243 23.1213
3.4346 3.4375 3.4413 3.4462 3.4526 3.4611 3.4721 3.6477 3.6663 3.7819 3.8138 3.9407 3.9789 3.9853 4.0051 4.0126 4.0457 4.0605 4.1027 4.1258 4.1349 4.1372 4.1635 4.3142 4.4943 7.2976 7.2315 17.3545 16.6192 18.6691 18.7199 18.7354 18.8476 18.8935 18.9032 19.0091 19.0441 19.0913 19.0879 19.1127 19.2556 19.3221 19.363 19.3792 19.6486 19.7405 20.0259 20.0735 20.3475 20.5559 20.812 21.0198 21.4106 21.6116 21.8269 21.9266 22.1533 22.2597 22.3902 22.5959 22.9044 23.0743 23.1359 23.1349 23.1219 23.1363 23.124 23.1387 23.1475 23.1415
3.4315 3.434 3.4374 3.442 3.4484 3.4574 3.4705 3.489 3.6585 3.7683 3.8092 3.8721 3.9861 3.9948 4.0016 4.0016 4.0264 4.0909 4.136 4.0969 4.1662 4.1579 4.1472 4.1151 4.1635 4.4962 7.7515 9.8658 17.6657 15.9301 18.7094 18.7527 18.7947 18.8226 18.852 18.8583 18.9906 19.0311 19.074 19.0921 19.1456 19.2637 19.3081 19.4611 19.6221 19.8124 20.0124 20.3429 20.6348 20.8438 21.0056 21.3437 21.5593 21.8 22.0257 22.3103 22.3649 22.3619 22.4886 22.6849 23.0814 23.3536 23.2939 23.2542 23.2182 23.1759 23.1586 23.1476 23.1404 22.8954
3.26 3.2723 3.4324 3.4362 3.4417 3.4501 3.4636 3.4869 3.5249 3.6912 3.7992 3.8708 3.986 3.9852 3.9966 4.0 3.9577 3.947 4.0255 4.0502 3.9463 3.9178 3.9522 3.8786 3.7836 3.9198 6.642 12.9498 13.0544 11.0966 17.686 18.712 18.7071 18.6678 18.7233 18.7403 18.8942 18.9452 18.9697 19.0632 19.1953 19.2344 19.3673 19.4822 19.7386 20.0056 20.1659 20.6393 20.8587 21.1474 21.3236 21.5229 21.758 22.0877 22.1567 22.2946 22.3462 22.3445 22.4969 22.8152 23.1912 23.4171 23.3155 23.2311 23.1775 22.9439 22.9129 22.8938 22.8815 22.8732
3.0879 3.2533 3.2677 3.4289 3.4326 3.4384 3.4483 3.4695 3.5274 3.6752 3.7419 3.8624 3.9537 4.0359 3.9852 4.0376 3.9151 3.8722 3.8944 3.8635 3.6218 3.574 3.5274 3.4888 3.4943 3.8906 9.2857 18.1107 15.2338 14.7696 17.5306 18.5652 18.569 18.5633 18.5859 18.6124 18.6995 18.8661 18.859 18.9237 19.1844 19.2753 19.3904 19.5977 19.8276 20.2507 20.5892 20.8815 21.154 21.4059 21.5709 21.7742 21.9791 22.0945 22.1754 22.1866 22.2355 22.3575 22.5308 22.7102 23.0113 23.0523 23.1348 22.9182 22.8849 22.8678 22.8587 22.8536 22.8506 22.8488
2.923 2.9394 3.0959 3.1182 3.1513 3.4241 3.4273 3.43 3.4519 3.7482 3.7149 3.7084 4.0054 3.8974 3.8602 3.8073 3.6109 3.6693 3.6312 3.2963 3.4724 3.256 3.1767 2.9895 3.0766 3.1672 7.5814 13.317 17.4856 18.1981 18.3346 18.4319 18.4184 18.4101 18.4275 18.5503 18.6496 18.6761 18.8218 18.9208 19.1249 19.3355 19.5268 19.9098 20.0679 20.5694 20.9577 21.2622 21.4393 21.5761 21.8551 21.9338 22.0581 22.0752 22.1425 22.1205 22.1289 22.3368 22.414 22.4795 22.606 22.6894 22.6585 22.6654 22.4387 22.2758 22.2252 22.1919 20.8535 19.4703
2.7 2.7148 2.7362 2.792 2.8421 3.0077 3.3113 3.376 3.3547 3.3966 3.4007 3.4837 3.5047 3.4043 3.3028 3.4969 3.1023 3.137 3.0505 3.1596 2.9425 2.7778 2.8732 2.8168 2.8946 2.939 5.0974 10.3335 11.6942 16.6986 17.2081 18.3339 18.3488 18.3817 18.4365 18.4185 18.6245 18.6881 18.8157 19.0162 19.0951 19.5909 19.9043 20.1114 20.5776 20.9455 21.3258 21.6519 21.6946 21.8919 22.1039 22.1708 22.1677 22.0991 22.0869 22.0647 22.0863 22.2071 22.1495 21.9478 22.0259 21.8951 22.7003 22.0977 21.8658 21.3862 20.291 20.1248 19.38 19.2857
2.6754 2.6835 2.6951 2.7127 2.7415 2.794 2.9022 3.1701 3.054 2.7856 2.8494 2.9702 2.9154 3.0855 2.937 2.9628 3.0281 2.832 2.8041 2.7799 2.6334 2.6812 2.6204 2.7181 2.8198 2.7976 2.977 8.2394 12.0217 15.6418 17.1658 18.1961 18.2582 18.3684 18.4621 18.6884 18.735 18.8315 19.0946 19.286 19.5697 19.766 20.1668 20.5936 20.8668 21.2582 21.7234 21.947 22.1791 22.1213 22.2451 22.2934 22.3156 22.227 22.1489 22.0298 21.9086 21.8242 21.5813 21.2416 20.8647 21.1791 21.5606 21.2384 20.5906 20.142 19.0445 18.905 18.5957 18.5612
2.6487 2.6488 2.6482 2.646 2.6401 2.624 2.5765 2.386 2.2796 2.4891 2.377 2.3845 2.4651 2.7263 2.6678 2.5274 2.477 2.7099 2.7136 2.6975 2.5481 2.5301 2.5417 2.5467 2.6345 2.7538 3.1152 9.2655 15.0735 14.2925 17.5642 18.1796 18.2611 18.4262 18.5147 18.7357 18.7629 18.9871 19.3169 19.6391 20.0841 20.2627 20.7327 20.9139 21.5521 21.8584 21.9959 22.3853 22.5373 22.5092 22.4266 22.3879 22.2951 22.1075 21.751 21.7471 21.2439 20.7996 20.3897 20.442 20.0901 19.9416 19.8687 19.9227 19.1937 18.0545 17.9629 17.9269 17.9171 16.7493
2.4516 2.4464 2.4372 2.4208 2.3902 2.2447 2.1588 1.9966 1.8427 1.8689 2.074 2.1647 2.0858 2.0921 2.3852 2.1987 2.1593 2.1742 2.5836 2.5313 2.3802 2.3903 2.3714 2.5114 2.6211 3.0545 5.028 6.4626 14.1387 16.745 18.1727 18.2585 18.2953 18.2685 18.6735 18.7831 18.9359 19.0602 19.6186 20.0524 20.5224 20.9238 21.1712 21.7865 21.8783 22.1874 22.4291 22.618 22.7393 22.7583 22.5823 22.4905 22.1599 21.7701 21.2796 20.8874 20.4449 20.1615 19.1578 18.9329 19.1842 19.4375 18.9639 18.3699 17.9904 17.8283 17.7984 16.8161 16.7162 16.6511
2.4183 2.405 2.3851 2.2521 2.2188 2.1643 1.9755 1.7557 1.7355 1.649 1.6474 1.855 1.9224 1.8585 1.8753 2.0541 2.0241 1.9974 2.0941 2.2992 2.3214 2.257 2.28 2.3035 2.6795 3.2889 5.1463 6.5664 9.1694 13.2726 16.9274 17.8872 18.2244 18.3906 18.8756 19.2334 19.6011 19.6033 20.1624 20.6767 21.3317 21.6173 21.9045 22.2993 22.3733 22.5836 22.6839 23.0215 23.0216 22.71 22.4345 22.2393 21.9369 21.2718 20.605 20.1604 19.5618 18.8414 18.535 18.1178 17.3506 17.8916 18.3975 18.0957 17.2771 17.1729 16.764 16.2525 16.1533 16.0959
2.3895 2.2594 2.0256 2.0057 1.9757 1.7006 1.6998 1.6865 1.6411 1.5104 1.2888 1.4792 1.5043 1.589 1.7031 1.6199 1.8097 1.8411 1.8211 1.8476 2.042 2.0966 2.0865 2.2608 3.0048 3.6997 5.6781 7.0965 8.4711 12.3326 14.6742 17.8479 18.2452 18.3758 19.1506 19.7181 20.6748 20.8072 20.7244 21.3272 21.8189 22.5894 22.723 22.7476 23.09 23.0929 22.9876 23.0608 22.748 22.4377 22.1564 21.9979 21.4313 20.8832 20.2103 19.4196 18.789 18.2972 17.3265 16.9042 16.9335 16.4402 17.1522 17.0652 16.6285 16.3843 16.1421 16.0275 15.9818 15.966
2.0204 2.0081 1.9909 1.9668 1.6813 1.6769 1.6655 1.6389 1.2856 1.2266 1.1581 1.1068 1.3575 1.3925 1.3771 1.3329 1.3677 1.5164 1.5516 1.6043 1.603 1.6807 1.6447 2.709 3.9507 4.7749 5.9298 7.6588 9.3543 13.5293 17.528 18.4645 18.3886 19.276 19.763 20.3204 21.193 21.7211 22.0923 22.0599 22.4651 22.9487 23.1997 23.3769 23.1761 23.0675 22.8061 22.7083 22.4696 22.2386 21.6782 21.3175 20.866 20.688 19.894 18.6073 18.0559 17.1459 16.4553 15.8021 15.5146 15.2165 15.3915 15.5714 15.9692 15.6591 15.6473 14.6711 14.286 13.2525
