normal_rasters/0772100001000771.ascii
ncols 77 
nrows 72 
xllcorner 158387.149994
yllcorner 383914.220001
cellsize 0.25
nodata_value -9999 
[rows 0 to 30 of 72, columns 0 to 69 of 77]
9.4923 8.6345 8.5824 8.578 11.9048 12.6868 12.7235 12.4201 12.4433 12.47 19.4596 19.5031 14.5 14.4685 21.3911 21.3548 21.3077 29.0717 28.959 28.8509 28.7584 28.6957 28.6786 28.7196 28.8231 28.9816 29.2876 29.5682 29.8327 30.0669 30.2649 30.4266 30.5554 30.6561 30.7338 30.793 30.8376 31.6065 38.2053 44.5714 45.906 45.856 38.4431 30.6921 22.6995 15.6552 15.5287 15.419 7.4312 7.4278 7.4247 7.4219 7.4195 7.4173 7.4154 6.6424 5.9822 5.9715 5.9618 5.7679 4.5529 4.5432 3.5021 3.0272 3.019 1.8729 1.8701 1.8674 1.865 1.8627
9.4931 9.4914 8.6349 8.5826 8.5776 11.8963 12.6809 12.7238 12.4236 12.4514 12.4837 19.4563 19.51 14.5042 14.4648 21.3831 21.336 26.6169 28.8513 28.7032 28.5664 28.462 28.4164 28.4537 28.5847 28.7982 29.1949 29.5555 29.8823 30.1581 30.3794 30.5508 30.6803 30.7765 30.8467 30.8972 37.4546 44.5606 44.5726 45.9057 45.8581 38.4631 30.7033 22.6976 15.662 15.5166 15.3918 7.4321 7.4281 7.4246 7.4214 7.4187 7.4163 7.4142 6.6429 5.9834 5.9717 5.9611 4.8274 4.553 4.5425 3.5022 3.0272 3.0182 1.8734 1.8703 1.8674 1.8647 1.8623 1.86
10.2579 9.4924 9.4903 9.4954 8.5829 8.5771 12.7427 12.6733 12.3995 12.4279 12.4618 12.5017 19.4543 19.5224 14.5092 21.4195 21.3758 21.3119 28.8071 28.5483 28.3467 28.1738 28.0742 28.096 28.2661 28.5674 29.1051 29.5793 29.9847 30.3046 30.5438 30.7165 30.8382 30.9222 30.9788 38.2434 44.5606 45.2299 45.9063 45.8615 38.4907 30.72 23.0858 15.6725 15.504 15.3608 7.4332 7.4285 7.4245 7.4209 7.4178 7.4152 7.4128 6.7787 6.2213 5.9718 5.9601 4.8279 4.5531 4.5417 3.5023 3.0271 3.0174 1.8739 1.8705 1.8674 1.8645 1.8618 1.8594 1.8572
10.2552 10.2576 9.4914 9.4891 9.4949 9.4902 8.5765 12.7245 12.6633 12.3987 12.4334 12.4756 19.3851 19.4553 19.5439 20.6108 21.428 21.371 23.7408 28.4006 28.1064 27.8209 27.6164 27.5921 27.8196 28.2723 29.0404 29.6771 30.1755 30.5323 30.7741 30.9323 31.0328 37.513 43.8182 44.5617 45.229 45.9082 45.8668 38.5293 30.6688 23.4997 15.6886 15.491 15.3251 7.4345 7.4292 7.4245 7.4204 7.4168 7.4138 7.4112 6.7786 6.2217 5.9717 5.9589 4.8284 4.5531 4.5406 3.5024 3.0269 3.0163 1.8746 1.8708 1.8674 1.8642 1.8614 1.8587 1.8563 1.3147
9.2653 10.2547 10.2575 9.4904 9.4876 9.4946 9.489 8.5759 12.7006 12.6498 12.3971 12.4406 12.4946 19.3691 19.4618 19.5812 20.6208 21.451 21.374 28.4451 27.8732 27.4061 26.9926 26.8395 27.1511 27.9918 29.0598 29.9236 30.5109 30.8737 31.0857 31.2037 37.6148 43.8222 44.5645 45.2292 45.8468 45.8751 38.5841 38.2651 23.5252 15.7125 15.4777 15.2834 7.4363 7.43 7.4245 7.4197 7.4157 7.4123 7.4094 6.7783 6.222 5.9715 5.9573 4.8289 4.553 4.5392 3.5024 3.4935 3.0151 1.8753 1.8712 1.8674 1.864 1.8608 1.858 1.8554 1.3146 1.3114
9.27 9.2649 10.2542 11.2092 9.4891 9.5433 9.4943 9.4878 8.5751 12.6683 12.6311 12.3943 12.4503 12.5217 19.352 19.4794 19.647 26.0992 21.5073 22.9462 27.7177 26.9832 26.1528 25.6289 26.0514 27.6023 29.3278 30.463 31.0686 31.3596 31.4859 43.7945 44.5365 44.571 45.2316 45.8545 45.8881 38.6634 38.2702 23.5662 15.7479 15.4648 15.2343 7.4387 7.4311 7.4246 7.419 7.4143 7.4104 7.4071 6.7778 6.2221 5.971 5.9552 4.8292 4.5528 4.5375 3.5024 3.4926 3.0137 1.8762 1.8717 1.8675 1.8637 1.8603 1.8571 1.8543 1.3146 1.3111 1.3078
10.0756 9.2704 9.2645 10.2538 11.2057 9.4875 9.5434 9.4944 9.4865 8.5743 9.3931 12.6041 12.3893 12.4641 12.5626 19.3353 19.5197 25.645 26.1554 23.325 28.1789 26.7594 25.1766 23.5257 23.9702 27.3963 30.3048 31.5307 31.9171 37.9309 43.7965 44.5394 45.2115 45.2384 45.8685 45.9085 45.9371 38.8086 23.6313 15.8006 15.453 15.1757 7.442 7.4327 7.4248 7.4182 7.4127 7.4081 7.4044 6.7771 6.2219 5.9702 5.9525 4.8295 4.8162 3.9379 3.5023 3.4914 3.012 1.8773 1.8722 1.8676 1.8634 1.8596 1.8562 1.8531 1.3146 1.3108 1.3072 0.9385
10.0777 10.075 9.2709 9.2638 10.2536 11.2014 9.4856 9.5441 9.495 9.4853 8.5734 9.3811 12.5633 12.3802 12.4847 12.6287 19.3242 19.6094 25.4791 26.3446 23.7857 27.4331 24.9252 20.073 19.3235 29.0596 33.0627 33.2914 38.5042 43.808 44.5538 45.2218 45.2539 45.8939 45.9412 39.5092 38.8674 23.7356 15.8795 15.4438 15.1044 7.4465 7.435 7.4253 7.4172 7.4106 7.4053 6.9365 6.7761 6.2215 5.9689 4.8465 4.8296 4.8147 3.9379 3.502 3.4899 2.5297 1.8786 1.8729 1.8678 1.8631 1.8589 1.8552 1.8518 1.3146 1.3104 1.3065 0.9383 0.9365
9.8162 10.0774 10.0742 10.0704 9.263 10.2538 11.1962 9.4833 9.5456 9.4965 9.4844 9.4098 9.3643 12.4977 12.3621 12.5181 19.0275 19.334 19.8143 25.2798 26.9592 29.9225 28.4585 22.6246 17.9592 40.0427 37.5379 43.6278 43.8542 44.6029 45.254 45.2874 46.4285 46.4637 39.8262 38.9765 23.9056 23.0168 15.4395 15.0159 7.4529 7.4382 7.4261 7.4161 7.4081 7.4018 6.9353 6.7745 6.2205 5.967 5.1631 4.8294 4.8126 3.9379 3.5017 3.4881 2.5303 1.8802 1.8738 1.868 1.8628 1.8582 1.854 1.8503 1.3147 1.31 1.3058 0.9381 0.9361 0.9343
9.8247 9.8167 10.0771 10.0732 10.0685 10.2476 10.2547 11.1897 9.4801 9.5489 9.4998 9.4842 9.3985 9.3393 12.4884 12.3227 12.5775 19.0672 19.41 20.3031 25.3497 28.8771 33.9317 40.9555 40.7643 42.7012 43.6018 44.5459 45.2916 45.7495 46.3519 46.4351 46.4882 46.5184 39.1802 24.1903 22.988 15.4441 14.9033 7.4623 7.4431 7.4274 7.4148 7.405 7.3974 6.9334 6.5224 6.2188 6.1997 5.1637 4.8288 4.8098 3.9376 3.501 3.4858 2.5312 1.8822 1.8749 1.8684 1.8625 1.8573 1.8527 1.8486 1.3147 1.3096 1.305 1.3008 0.9357 0.9337 0.9319
9.1161 9.8275 9.818 10.0768 10.072 10.0661 10.2473 10.2568 11.1813 11.176 11.1888 9.5067 9.4859 9.3855 9.2992 15.0565 19.1767 19.1692 18.8532 19.5953 23.9841 28.2018 33.9888 39.7986 44.3167 44.8416 45.528 45.7802 45.758 45.7435 46.39 46.48 46.5209 39.5684 31.4454 22.9869 15.4632 7.5076 7.4767 7.4507 7.4297 7.4133 7.4008 7.3915 6.9307 6.5205 6.2161 5.1833 5.1639 4.8277 4.8059 3.9371 3.5001 3.4829 2.5323 2.5254 1.8763 1.8688 1.8622 1.8564 1.8512 1.8467 1.3148 1.3091 1.3041 1.2995 0.9352 0.9331 0.9311 1.1396
8.6007 9.1202 9.8312 9.8197 10.0765 10.0704 10.0627 10.2479 10.2613 11.1701 11.2184 11.1544 9.5216 9.4923 10.2038 10.1186 11.0559 19.6546 19.14 18.8478 16.7083 37.0355 35.9835 44.2143 45.1753 45.6837 45.8995 45.793 45.7415 46.396 46.5896 46.6471 39.1869 30.5828 21.9627 22.4778 7.5431 7.4996 7.463 7.4338 7.4115 7.3952 7.3835 6.9265 6.5172 6.2118 5.1866 5.1637 4.8258 3.9541 3.9362 3.9212 3.4792 2.5337 2.5258 1.878 1.8694 1.8619 1.8553 1.8495 1.8445 1.3149 1.3086 1.303 1.298 0.9347 0.9323 0.9302 1.1384 1.1423
8.5714 8.6063 9.126 9.8364 9.8223 10.0763 10.0682 10.0579 10.2505 10.2703 11.1544 11.2006 11.1113 10.3513 10.2795 10.102 9.9648 11.387 16.317 23.7673 19.7959 36.8039 45.2686 46.5055 46.1182 45.7004 45.7455 45.7431 46.2126 46.909 46.2627 40.8124 31.766 22.5576 22.2053 14.6417 7.5386 7.4841 7.4412 7.4095 7.3872 6.9366 6.92 6.5117 6.2049 5.1902 5.1627 4.8226 3.9558 3.9348 3.9175 3.4744 2.5356 2.5263 1.8802 1.8703 1.8616 1.8541 1.8475 1.8419 1.315 1.308 1.3018 1.2962 0.9341 0.9315 0.9292 1.1369 1.1413 1.1454
8.3534 8.5707 8.6143 9.4137 9.8439 9.8263 10.0762 10.0652 10.0504 10.2577 10.2893 11.1306 12.765 11.0667 10.3664 10.239 9.894 9.5168 12.8129 17.5958 25.0615 43.1829 44.4853 46.0319 47.0209 46.145 45.9772 45.9841 47.6831 47.8587 43.701 34.3488 29.8237 20.2269 14.4282 7.8467 7.5232 7.4556 7.4074 7.3754 6.9303 6.9095 6.5025 5.5979 5.1938 5.1603 4.8175 3.9575 3.9326 3.9124 3.1017 2.538 2.5271 1.883 1.8715 1.8614 1.8527 1.8452 1.8389 1.3152 1.3074 1.3004 1.2943 0.9334 0.9305 0.928 1.1353 1.1401 1.1446 1.9365
8.3413 8.3518 8.57 8.6262 9.4255 9.8551 9.8327 10.0765 10.0604 10.038 10.2761 10.3321 11.863 12.5869 11.0164 10.5026 10.3752 10.341 12.1605 32.1436 38.0641 28.0192 46.3241 46.1701 46.8084 46.7257 46.5011 46.8255 47.8236 47.3505 38.4242 31.7167 26.5813 14.2299 13.8276 7.6026 7.4859 7.4058 7.3564 6.918 6.892 6.487 5.6025 5.1972 5.1556 4.3709 4.345 3.9291 3.9053 3.1024 2.5414 2.5282 1.8868 1.8731 1.8612 1.8511 1.8425 1.8353 1.3155 1.3066 1.2988 1.2919 0.9326 0.9294 0.9266 1.1334 1.1388 1.1438 1.9338 1.9456
8.3267 8.3364 8.3501 8.5697 8.6444 9.4442 10.6134 9.8439 10.0776 10.0523 10.0148 10.3248 11.8113 11.7956 15.6397 11.1502 11.6694 12.157 18.0888 38.4434 37.1649 47.5664 45.2578 45.4124 44.7709 43.9537 45.8337 44.403 44.217 42.9644 35.269 23.4733 18.2118 13.1718 7.939 7.5561 7.4072 7.3229 6.8933 6.5941 5.8635 5.6069 5.4206 5.147 4.3731 4.3408 3.9237 3.8955 3.1035 2.5459 2.5298 1.8918 1.8753 1.8612 1.8492 1.8392 1.8309 1.8241 1.3057 1.2969 1.2892 0.9316 0.928 0.925 1.1312 1.1372 1.1428 1.9307 1.9438 1.9557
8.3094 8.3173 8.3297 8.3483 8.1751 9.5157 9.3122 10.6174 10.5984 10.0812 10.0359 10.8334 10.4663 11.8698 15.7002 10.0993 14.5221 14.5801 23.8229 37.8234 39.7371 44.6465 43.2103 39.5145 40.9116 40.3528 40.6481 40.7681 37.958 38.1682 36.3341 23.6216 12.693 11.2213 7.865 7.4158 7.0073 6.8397 6.2527 5.8682 5.8347 5.4115 4.7099 4.3745 4.3335 3.9153 3.8816 3.1053 2.5523 2.5323 1.8986 1.8784 1.8613 1.8471 1.8353 1.8257 1.8179 1.3047 1.2946 1.286 0.9304 0.9265 0.9231 1.1286 1.1354 1.1416 1.9272 1.9417 1.9549 2.7272
8.2809 8.2944 8.3039 8.3203 8.3469 8.1993 9.8352 10.4834 10.6296 10.6017 10.092 9.9894 10.5889 12.934 16.6137 37.9539 21.2684 16.6915 19.1173 23.2245 22.2683 28.9078 35.896 37.1554 39.3291 39.9312 39.7253 38.8444 34.5302 34.4844 33.7299 30.8311 8.7325 8.0748 7.327 6.9512 6.3042 6.2315 5.8675 5.6815 5.391 4.7125 4.3739 4.3208 3.902 3.1355 3.1083 2.5615 2.536 2.5152 1.8828 1.8618 1.8445 1.8305 1.8192 1.8103 1.3034 1.2919 1.2821 0.9291 0.9246 0.9208 1.1256 1.1333 1.1403 1.9231 1.9393 1.954 2.7239 2.7334
8.2834 8.2707 8.2554 8.2835 8.3061 8.3471 8.2475 9.6626 10.529 10.6687 10.8201 10.6113 9.692 12.914 16.6493 20.5919 19.4301 16.9955 21.0899 21.9049 25.9006 30.9837 35.992 38.8786 40.1685 40.3662 39.9036 35.4064 32.5384 35.7669 22.3608 28.3016 10.7994 7.011 6.8732 6.2309 6.14 5.851 5.4149 5.085 4.7099 4.4828 4.2982 3.5025 3.3792 3.1131 3.0846 2.5418 2.515 1.8892 1.8628 1.8414 1.8244 1.8111 1.8008 1.3018 1.2885 1.2773 0.9274 0.9223 0.9181 1.122 1.1308 1.1388 1.9184 1.9366 1.953 2.4557 2.7307 3.1457
8.2882 8.2745 8.2571 8.2351 8.2501 8.2826 8.1687 9.3826 9.7532 10.9043 10.6763 11.0797 10.362 28.0886 17.0916 16.0365 16.5339 17.5534 24.1995 25.8383 28.0987 33.528 37.8717 41.0185 41.2648 40.3411 38.7855 32.6928 25.0408 20.7276 9.0974 7.1544 6.8094 6.2417 5.9812 5.9941 5.6378 5.4163 5.0674 4.6905 4.4412 3.8908 3.605 3.3819 3.1213 3.0827 2.5508 2.5154 1.8989 1.8647 1.8377 1.8166 1.8006 1.7886 1.2997 1.2843 1.2715 0.9253 0.9195 0.9148 1.1177 1.1279 1.137 1.9129 1.9335 2.4414 2.4524 2.7278 2.7385 3.1578
8.2961 8.2823 8.2636 8.2382 8.2041 8.1891 8.2381 8.2354 9.4746 10.5949 11.0885 11.6623 11.8832 11.8914 13.0587 16.5339 17.336 21.8408 33.0319 30.4852 33.284 38.3373 41.3422 43.4523 43.3902 42.2161 37.3576 34.2155 13.7971 7.7932 7.2187 6.6746 6.1944 5.7304 5.5557 5.3763 5.2 4.9616 4.6499 4.1946 3.89 3.6074 3.3873 3.3564 3.0812 2.5657 2.5171 1.9137 1.8683 1.8331 1.8064 1.7868 1.7727 1.2969 1.2789 1.2641 0.9227 0.916 0.9107 1.1125 1.1243 0.9705 1.0594 1.9299 2.436 2.4485 2.7244 2.7366 3.1558 3.1715
8.3075 8.295 8.2771 8.2505 8.2102 8.1504 8.0707 8.1348 9.1003 9.9874 10.6661 11.0862 11.7077 11.8914 12.2198 16.8725 22.7626 29.1898 35.4391 36.7804 36.5975 40.1528 43.9907 46.0364 44.3439 43.3905 28.3 15.844 8.932 7.6161 6.9618 5.9991 5.7121 5.5551 5.0875 4.8583 4.7618 4.3204 4.164 3.8981 3.6136 3.3983 3.3494 2.9046 2.591 2.5218 1.9374 1.8749 1.8274 1.7927 1.7681 1.3264 1.2929 1.2718 0.8463 0.9193 0.9116 0.6155 1.106 1.1199 0.9686 1.0588 1.9255 2.4295 2.444 2.7206 2.7344 3.1536 3.1712 3.1868
8.3301 8.3188 8.3011 8.2766 8.2375 8.1652 8.0306 7.8639 7.7327 9.3401 10.4797 10.9255 11.2798 12.5181 15.7275 28.8536 33.5783 37.0046 41.031 41.8709 40.7473 42.5722 45.6555 46.066 46.2226 31.9267 13.9071 7.7006 7.5141 7.0062 6.2941 5.8011 5.2092 4.7791 4.5084 4.5215 4.2921 4.0963 3.8814 3.6253 3.5518 3.3392 2.9354 2.8651 2.5329 1.9766 1.887 1.8205 1.7736 1.7421 1.3167 1.245 1.262 0.8441 0.8314 0.9059 0.6136 0.6127 0.9512 0.9662 1.0581 2.0063 2.4217 2.4387 2.7161 2.732 3.1513 3.1712 3.1887 4.6151
8.3618 8.3597 8.3554 9.1446 9.0937 8.9967 8.754 7.3474 8.5186 9.6116 19.5674 13.0025 11.2427 12.3889 18.1262 32.793 39.8548 41.1602 41.0971 40.2358 40.4607 43.217 44.83 41.262 32.3097 20.3147 14.5053 6.8504 6.4182 6.2266 5.9613 5.4378 4.9552 4.5896 4.295 4.0212 3.8589 3.804 3.5881 3.5291 3.2118 3.1319 2.8804 2.4749 2.3032 1.91 1.8127 1.7464 1.3305 1.3013 1.228 0.8215 0.8406 0.8255 0.6249 0.6109 0.6101 0.9451 0.963 1.0571 1.5475 2.4122 2.4323 2.7109 2.7294 3.1487 3.1714 3.1912 4.6158 4.6316
13.4989 13.4101 13.2938 13.1354 12.908 12.5582 11.9784 11.1367 10.7437 14.8014 24.9163 12.5157 11.1069 17.2194 13.4848 35.7644 41.7722 44.5405 41.9383 40.1662 41.0248 36.7346 29.946 23.4304 12.6432 10.0254 7.7026 6.1598 5.8452 5.5129 5.4076 5.1203 4.7398 4.1184 3.9596 3.7944 3.5051 3.3291 3.3071 3.2241 3.1504 2.9226 2.6727 2.3364 1.9537 1.8058 1.5097 1.3151 1.2758 1.2009 0.8175 0.8348 0.8169 0.5248 0.6071 0.6065 0.9369 0.9588 1.0557 1.5417 2.4003 2.4244 2.7047 2.7264 2.745 3.172 3.1945 4.6168 4.6347 6.3111
13.6068 13.5511 13.4856 13.4104 13.3319 13.2813 13.392 22.4881 29.5574 13.3965 18.98 16.5888 20.9119 30.0251 28.3247 30.7892 39.6624 44.3005 44.2866 42.6875 38.7993 25.3385 7.628 6.977 6.9838 6.6765 6.1425 5.6848 5.4754 5.1127 4.907 4.6313 4.2385 3.799 3.4553 3.3213 3.298 3.1533 2.9744 2.9767 2.9421 2.7411 2.4374 2.1969 1.674 1.5034 1.2876 1.2314 0.8455 0.8061 0.7875 0.8041 0.5216 0.6016 0.4441 0.4495 0.9528 1.0589 1.5343 2.3852 2.4146 2.4399 2.7231 2.745 3.1732 3.1991 4.6183 6.2956 6.3123 7.8778
13.7242 13.7039 13.6911 13.6982 13.7537 23.9929 24.3298 25.0188 23.3928 21.452 33.5761 34.2115 33.2651 36.054 37.583 37.4825 41.0266 44.3914 44.8278 44.3156 35.2263 8.4459 7.6571 7.2236 6.4978 6.2348 5.9204 5.2164 4.8804 4.7875 4.446 4.2802 3.9203 3.4941 3.1066 3.101 2.9766 2.852 2.7495 2.7358 2.6109 2.6022 2.0945 1.8556 1.5059 1.2432 0.8775 0.8221 0.7967 0.7626 0.5012 0.5163 0.5934 0.4428 0.4498 0.9443 1.0513 1.5244 1.5425 2.4021 2.4332 2.7195 2.7454 3.1752 4.1853 4.6206 6.2946 6.3139 7.8774 9.3457
13.8408 13.8517 13.8852 13.9915 24.462 24.618 24.7191 24.617 24.5015 29.2235 34.4571 34.2147 33.6411 35.6966 38.534 39.6297 42.4212 43.9761 44.5174 40.438 17.5003 9.8739 7.9463 6.7367 6.2274 5.8264 5.3302 5.0409 4.7146 4.3831 4.1015 3.9655 3.6683 3.1686 2.9949 2.8414 2.778 2.6925 2.607 2.5113 2.3906 2.2496 1.8993 1.4781 1.1665 0.8756 0.7546 0.737 0.7156 0.4923 0.5073 0.499 0.4406 0.45 1.0125 1.0398 1.0631 1.5344 2.3858 2.4248 2.7154 2.7468 3.1786 4.1862 4.6239 5.5433 6.316 7.8769 9.3436 9.3631
13.9627 14.021 18.813 24.6621 24.6927 24.7193 20.2354 29.4476 30.3111 31.9174 34.3941 33.8417 33.5911 34.193 38.0376 41.1322 44.1651 43.8163 39.6977 28.433 7.7145 8.7921 6.9449 6.3543 5.8432 5.2864 5.06 4.6323 4.3481 4.0174 3.8877 3.6029 3.4716 3.0101 2.7809 2.678 2.593 2.5108 2.3994 2.3791 2.2213 1.8171 1.5672 1.2789 0.9089 0.457 0.471 0.4838 0.4613 0.4921 0.3489 0.4368 0.4495 0.5378 1.0217 1.0537 1.5231 2.3638 2.4141 2.711 2.7496 3.0043 4.188 4.2138 5.5446 6.3188 7.8762 9.3407 9.3636 9.8281
18.8221 24.7067 24.7437 24.7422 24.7497 20.1789 29.6527 30.0472 30.6634 34.3352 34.2318 33.8548 33.6545 33.7709 36.9189 40.6622 38.9942 43.9108 28.5483 8.6084 7.0912 6.5819 6.4364 5.8364 5.3964 5.0599 4.6141 4.3364 4.1167 3.697 3.5206 3.4567 3.2809 3.0486 2.7312 2.5789 2.4376 2.3666 2.1839 2.0927 2.0284 1.584 1.0488 0.6461 0.4422 0.3193 0.379 0.4217 0.3182 0.3498 0.3531 0.4646 0.5336 0.9921 1.0379 1.5064 2.3331 2.4 2.7063 2.7548 3.7512 4.1913 5.5279 5.5465 6.3227 7.8752 9.3367 9.3639 9.8297 9.8431
24.7783 24.7812 24.7781 24.7794 24.8286 29.7352 29.959 30.1694 34.3063 34.2653 33.9834 33.8588 33.6011 33.9658 34.917 35.8256 35.2045 27.7543 13.395 7.9698 6.6805 6.325 5.693 5.2861 5.0188 4.6753 4.3807 4.1228 3.7668 3.5365 3.3674 3.1564 2.9923 2.8945 2.5051 2.3951 2.3023 2.1703 2.0706 1.9458 1.5504 1.0137 0.6861 0.4668 0.2599 0.2703 0.2909 0.3216 0.3519 0.3558 0.453 0.5242 0.5417 1.0096 1.4802 1.5326 2.3807 2.7017 2.7642 3.7517 4.1969 5.5265 5.5494 6.8016 7.8737 8.5604 9.8123 9.8313 9.8472 10.1225
