normal_rasters/0772100000295738.ascii
ncols 51 
nrows 48 
xllcorner 159489.69397
yllcorner 383832.647003
cellsize 0.25
nodata_value -9999 
15.9481 15.8866 11.6878 11.6336 11.5747 7.755 5.0653 3.0423 2.782 2.788 3.5309 4.087 4.1065 6.8949 11.806 14.9283 16.9538 18.3207 18.3449 19.5398 19.5616 21.2691 21.3183 24.5172 27.0221 27.223 31.9023 34.2174 36.2547 36.3112 36.728 36.814 37.8842 38.8166 38.7987 39.0756 39.0203 39.0329 39.0464 39.0599 38.8958 38.8923 38.8861 38.878 38.8687 38.8591 38.8499 38.8414 38.8339 38.8275 38.822 
15.9857 15.9206 11.7188 11.6606 11.5966 11.5272 5.0807 3.042 3.04 2.7859 3.5229 4.082 4.1038 4.1267 9.4616 11.8838 16.9443 16.9679 18.3343 18.3643 19.554 21.2467 21.3023 24.4584 26.9538 27.1857 30.0235 34.1583 36.2195 36.2849 36.3604 36.8081 37.5841 38.7699 38.7996 39.0702 39.0164 39.0318 39.0489 39.0662 38.9089 38.9046 38.8965 38.8856 38.8735 38.8613 38.85 38.8401 38.8317 38.8246 38.8189 
16.0297 15.9611 15.8843 11.6932 11.6237 11.5475 7.7296 3.0417 3.0394 2.7833 2.7913 4.0755 4.1001 4.1262 6.9243 11.8407 14.9515 16.9579 18.3203 18.3541 19.544 19.5752 21.2812 21.352 26.861 27.1303 30.0131 31.9533 36.1722 36.2479 36.3388 36.7971 37.5922 38.4833 38.7681 38.7961 39.0099 39.0291 39.0512 39.0741 38.926 38.9207 38.9095 38.8944 38.8781 38.8624 38.8487 38.8372 38.8279 38.8205 38.8147 
16.0812 16.0094 15.9277 11.7327 11.6573 11.5734 11.4819 5.0521 3.0387 2.78 2.7888 4.0672 4.095 4.1248 5.4653 11.7846 14.9039 16.9445 16.9777 18.3398 18.3834 19.5666 21.2529 21.3355 24.472 27.0484 29.9937 30.113 33.8935 36.195 36.3055 36.4337 37.6007 38.4882 38.7713 38.7965 38.9995 39.0232 39.0525 39.0841 38.9493 38.9426 38.9262 38.9043 38.8816 38.8614 38.8449 38.832 38.8222 38.8148 38.8092 
16.1415 16.0668 15.9804 15.8817 11.6991 11.6068 11.5046 5.0743 3.038 3.0348 2.7856 2.7967 4.0881 4.1225 5.4539 9.4365 11.9075 16.9266 16.9636 18.3199 18.3702 19.5542 19.602 21.3115 23.1861 26.9274 28.3213 30.1069 32.4178 36.1178 36.2528 36.4182 37.6092 38.4942 38.7684 38.7974 38.7733 39.0114 39.051 39.0967 38.9826 38.9742 38.948 38.9141 38.8821 38.8564 38.8374 38.8237 38.8141 38.8073 38.8024 
16.212 16.1351 16.0443 15.9388 11.7513 11.6497 11.5353 7.7199 3.0375 3.0334 2.7812 2.7939 4.0785 4.1185 3.8282 7.9522 11.8405 14.4407 16.9435 18.2922 18.3501 19.5358 19.594 21.2766 23.1431 25.4839 28.5197 30.0857 30.2961 36.0028 36.167 36.3853 37.6162 38.5322 38.775 38.7474 38.7852 38.9886 39.0421 39.1117 39.0341 39.024 38.9763 38.9201 38.8751 38.8443 38.8243 38.8115 38.8032 38.5619 38.5488 
16.294 16.2161 16.1219 16.0099 15.8788 11.7052 11.5769 11.4333 5.0296 3.0319 2.7754 2.7899 4.0654 4.1123 3.8311 5.5012 10.6196 13.4941 16.9151 16.9718 18.3197 18.4017 19.58 21.2252 23.0795 23.2375 28.39 30.0358 30.317 35.8292 36.0229 36.3168 37.6176 38.5421 38.786 38.7554 38.78 38.6824 39.0146 39.1224 39.1227 39.1136 39.007 38.9105 38.8526 38.8211 38.8041 38.7947 38.5547 38.5401 38.5296 
16.7864 16.312 16.2157 16.0982 15.9571 11.7771 11.6334 11.4686 5.0644 3.0304 3.0244 2.7841 2.8036 4.1025 3.8328 5.4891 9.7101 13.4366 15.5044 16.9387 18.2735 18.3719 19.5558 19.6611 21.3492 23.1863 25.6323 29.9301 30.3149 31.5896 35.7742 36.1716 36.7146 38.5552 38.8286 38.7816 38.7241 38.6227 38.9457 39.0887 39.2905 39.3013 38.9966 38.8558 38.8039 38.7843 38.5613 38.5385 38.5236 38.2537 38.2431 
16.8707 16.8136 16.329 16.2077 16.0576 11.8707 11.7102 11.5207 7.5631 4.9467 3.0209 2.7756 2.7988 4.0873 3.8321 5.4706 7.9517 11.9199 13.5815 16.8883 16.984 18.3198 19.5129 19.6552 21.2824 23.0958 24.3393 29.7163 30.2469 31.7033 34.0462 35.8582 36.7223 38.5718 38.6932 38.8278 38.7211 38.6064 38.6614 38.9213 38.9319 39.1888 38.7716 38.7248 39.6774 38.523 38.26 38.2384 38.2256 38.218 38.2135 
19.2531 16.9149 16.8428 16.343 16.1861 15.9893 11.8153 11.5973 11.3417 4.9849 3.017 2.7633 2.791 4.0637 3.8271 5.4421 7.5449 9.8049 13.5074 15.5148 16.9211 18.2292 18.4288 19.6338 21.1678 22.9269 23.455 28.1872 29.9984 31.8194 33.8613 34.7826 36.6033 38.5503 38.884 38.8432 38.7054 38.6058 38.5979 38.6115 38.6351 38.1497 38.8887 39.5186 38.2125 38.1897 38.1799 39.2657 39.289 39.3091 39.3264 
19.7786 19.2636 16.9667 16.8728 16.3496 16.1403 11.9595 11.7101 11.4045 7.4398 3.0133 2.9983 2.7779 2.8207 3.8136 4.9639 6.5092 9.7138 11.9873 14.6873 15.6003 17.0012 18.3203 19.5728 20.5201 22.0066 23.4312 26.3282 28.2815 31.8232 33.2798 33.9726 35.8744 38.0398 38.6998 38.8382 38.5948 38.5371 38.3886 38.3148 37.9745 39.1819 39.3194 39.1991 39.174 39.1948 39.226 39.256 39.2823 39.3046 39.3235 
19.8262 19.3152 19.2754 17.0273 16.9006 16.3399 16.0504 11.8769 11.5111 7.5296 4.8093 2.9871 2.7559 2.811 3.7844 3.9834 6.4762 9.5601 11.4527 14.6053 15.5307 16.8551 18.0789 19.3998 20.0142 21.6519 23.2646 26.3814 27.2232 30.8142 33.1164 33.7924 35.2619 36.8796 38.1927 38.8106 38.6627 38.4197 38.2248 38.0587 38.3914 43.2106 39.219 38.9454 39.0677 39.1444 39.201 39.2432 39.2756 39.3012 39.322 
19.8841 19.851 19.3428 19.2881 17.0976 16.9189 16.6698 12.1241 11.6902 11.1286 4.8709 2.9751 2.7189 2.789 3.7247 4.0031 6.4185 7.5339 11.2923 13.1975 14.659 15.8052 17.0027 18.5848 20.045 21.2117 22.1766 26.387 26.9011 28.9123 31.9861 33.7389 34.7076 35.9176 36.9494 38.2258 38.542 38.299 38.1632 38.9676 40.1329 39.1427 37.6654 38.463 38.8598 39.0334 39.1278 39.2326 39.2715 39.3003 39.3225 
19.9531 19.9279 19.8867 19.3796 19.3003 17.1757 16.9091 16.5315 11.9896 11.2736 7.2178 2.4612 2.9014 2.739 2.8957 4.0054 5.2498 7.5124 10.2651 11.8287 14.3723 15.5264 16.7144 17.3143 19.8988 21.5629 22.0628 25.2213 27.0961 28.759 30.136 32.5423 34.4254 35.4798 36.9932 37.5806 37.8873 38.0522 37.9362 37.8585 39.475 38.7079 38.223 38.4572 38.706 38.8589 38.9519 39.0581 39.0968 39.1247 39.1459 
20.0332 20.0211 19.9935 19.9411 19.4309 19.3067 18.096 16.8244 12.4844 11.5907 7.4245 2.557 2.3865 2.6253 2.8676 3.9645 5.3392 7.4703 8.8923 11.7631 13.3465 14.4621 15.6342 17.3681 18.7922 20.6388 22.377 23.6544 25.0146 28.6947 29.9257 30.912 33.1695 35.3335 36.1105 37.3257 37.2357 37.7937 37.4806 37.3948 37.274 37.2894 38.3348 38.5175 38.6639 38.7883 38.8813 38.8053 38.8387 38.8641 38.8842 
20.1229 20.1299 20.1253 20.0986 20.0313 19.5067 19.2889 18.0082 16.5437 12.2353 8.4594 4.9456 2.5076 2.111 2.6503 3.9717 5.4824 7.4381 8.4765 10.148 12.7109 13.5972 15.9473 17.0582 18.7956 19.8596 21.1566 22.9235 24.444 25.7883 29.0235 31.1023 32.7372 34.8474 36.0922 37.1682 37.5742 37.5185 37.386 37.3507 37.1616 37.138 37.249 37.2506 37.2656 37.2687 38.5977 38.6644 38.7176 37.2399 37.238 
20.2184 20.2503 20.279 20.2964 20.2834 20.1991 19.626 19.1759 17.6305 14.2443 9.9816 6.5031 3.0438 2.056 1.7598 3.7197 4.9819 6.9761 8.6461 9.6049 10.6021 13.8658 15.1263 16.775 17.6273 19.3378 20.9024 22.2056 24.0397 25.0917 27.6819 29.9127 32.0404 34.2492 35.5728 37.1143 37.4473 37.7034 37.5059 37.3098 37.2275 37.1247 37.1258 37.1145 37.1776 37.1945 37.2054 37.2124 37.2169 37.2199 37.2218 
20.3137 20.3737 20.4438 20.5231 20.6041 20.6552 20.5692 19.8199 18.6755 16.2608 13.4127 6.3045 4.1801 1.9539 1.3025 2.5977 4.6773 5.9978 6.9626 9.5646 10.6339 12.3082 14.2492 16.4377 17.4077 18.644 20.1431 22.2259 23.1277 24.1238 26.9073 29.8686 30.7813 32.9562 35.249 36.3558 37.585 37.7295 37.6792 37.4136 37.2959 37.1053 37.0702 37.0684 37.0763 37.0838 37.1219 37.1832 37.1937 37.2011 37.2065 
22.6693 22.6886 22.7112 20.7473 20.9486 21.2276 21.5756 21.5846 20.2686 15.394 14.2996 8.8533 5.7343 4.1941 1.7826 1.5499 2.664 5.5971 5.9418 7.2208 10.2996 11.5114 12.6549 15.5385 17.0496 18.7515 19.4279 21.0641 22.7732 24.5614 25.2611 28.8861 30.387 32.1198 33.8722 35.8389 37.7005 37.7939 37.6595 37.4535 37.2106 37.0342 36.9923 37.0359 37.0122 37.0154 37.0163 37.0165 37.0166 37.0167 37.0698 
25.3765 25.347 25.3055 22.9541 23.0731 22.1775 22.9692 24.8999 23.1862 18.2439 13.1338 11.2076 7.0077 5.2566 4.5408 2.1891 1.9583 3.921 5.4715 7.059 8.1281 10.2342 13.1174 14.3036 16.3858 18.2507 19.4545 20.4448 21.9267 24.0222 25.6994 27.621 29.4866 32.1389 33.8787 34.747 36.973 37.4483 37.5787 37.3838 37.1782 37.0522 36.966 37.0177 37.0329 37.0508 37.0588 37.0646 37.0688 37.2292 37.2401 
25.4878 25.4843 25.4781 25.4677 25.4517 25.4327 24.2043 24.678 23.2716 21.0672 17.1368 12.5037 9.3631 7.556 5.046 4.1832 2.5268 3.5908 4.412 6.7982 8.2272 9.4945 11.9753 13.3702 16.3764 17.2893 18.9522 19.9895 21.3672 23.2706 24.884 26.8975 28.8289 30.8909 33.6578 35.3016 36.2346 37.323 37.5468 37.3831 37.2243 37.1331 37.0631 36.9967 37.0161 37.0207 37.0246 37.2202 37.2359 37.2473 37.2556 
25.603 25.6284 25.6623 25.7092 25.7758 25.872 26.0045 25.8357 25.6428 21.4292 17.4064 15.2964 11.9412 8.7191 6.2748 4.7288 1.7022 3.4866 4.448 5.8021 7.4557 8.9731 11.135 12.9553 14.4286 17.5497 18.0506 19.0551 20.784 21.8647 24.4133 25.6968 28.5707 30.0015 32.7322 34.3796 35.7527 37.366 37.3996 37.3631 37.1694 37.0329 36.9971 37.0157 37.0241 37.2162 37.2383 37.2529 37.2625 37.2691 37.2737 
25.7147 25.7677 25.8407 25.9449 26.1008 26.6239 26.906 27.4752 27.8666 25.9987 18.9089 16.1168 12.9194 11.5443 8.318 5.1305 4.3989 3.7454 4.3186 5.5161 7.1741 8.9788 9.7777 13.0307 14.2922 16.0297 17.9305 18.537 19.686 21.0762 23.6746 25.6634 28.4142 29.5254 32.3597 34.6009 36.047 37.4113 38.1864 37.9802 36.9604 36.8433 37.0781 37.1967 37.2626 37.2818 37.2895 37.2925 37.2935 37.2938 37.2936 
27.9295 27.9536 27.9903 28.0479 28.142 29.3398 28.9513 29.1002 29.6917 27.6994 22.5743 18.1346 15.9523 11.0601 8.8907 6.6883 4.5599 4.0411 4.6321 6.4779 7.2303 8.8397 9.9272 10.8566 14.142 15.4733 16.4622 18.2327 19.5478 21.0459 22.059 24.2918 27.0224 29.8947 31.2918 33.6536 35.6879 37.426 38.3634 38.4617 37.9687 37.4004 37.4345 37.5215 37.5529 37.5937 37.595 37.5951 37.3265 37.3195 37.3142 
29.3142 29.3366 29.371 29.4238 28.9955 29.0708 29.1891 29.3812 29.6535 29.2209 27.0673 19.5325 17.3634 15.5532 9.758 7.8793 5.8764 4.9464 5.2235 7.0093 7.5028 8.0739 10.0159 11.1967 12.8312 14.2376 16.5123 17.4596 19.2845 20.8355 22.5102 23.9467 26.2957 30.2364 31.7773 34.7181 35.9423 37.9032 38.7061 39.3861 38.9988 38.1499 38.0597 38.0142 38.3619 38.4475 39.0735 39.1503 38.9309 38.9736 39.0036 
29.4017 29.4409 29.4961 29.0284 29.1073 29.2265 29.4228 30.5935 31.129 32.7457 29.508 25.9402 16.7451 14.3371 13.1144 8.7282 6.9862 6.3977 6.1555 6.8255 7.308 8.0914 9.2622 11.2682 12.4011 14.2393 16.3794 17.2237 19.07 19.9813 21.9426 23.7127 25.7373 29.2446 32.0989 34.5136 35.8378 37.9242 39.8639 40.2624 40.2004 39.2412 38.5497 39.4425 39.7832 39.9593 40.0507 40.1026 40.1345 40.1552 40.1694 
29.4771 28.9767 30.1304 30.1672 30.2231 30.3107 30.4681 30.5983 30.8098 30.4966 29.5783 27.8214 21.9224 16.2385 14.4018 13.6974 9.4099 9.4145 8.5776 7.4765 8.0519 8.4979 9.8172 10.3475 12.6565 13.848 15.6985 17.7057 18.2736 20.4505 21.4079 23.6965 26.5543 27.93 32.2114 34.0241 36.5275 38.1542 40.8464 41.0879 40.979 41.6037 41.1417 40.7125 41.3506 41.4646 41.538 41.5868 41.6207 41.6453 41.6637 
30.1159 30.1382 30.1685 30.2106 30.3209 30.3542 30.3961 30.4386 29.936 29.6179 29.0227 27.2013 27.8908 21.0517 16.6442 14.4282 10.6746 9.6013 9.5957 9.1465 8.8974 9.25 9.7866 10.443 12.1892 14.2686 16.21 17.7647 18.6735 20.1555 21.6826 24.0245 26.7026 28.3875 32.776 35.3099 37.4488 38.7323 40.9054 42.1019 42.3486 42.3282 42.4802 42.5532 41.806 41.7553 41.7352 41.7278 41.7259 41.7265 41.7282 
30.1382 30.1626 30.1943 30.2732 30.2892 30.3054 32.0602 32.103 32.0786 30.845 30.7723 29.4001 26.2903 25.7463 19.6364 15.5443 13.6735 10.8924 9.6573 9.3971 8.8648 9.6634 10.2247 10.6371 11.9909 14.5362 16.8553 17.8716 18.893 20.5954 22.0836 24.6673 26.5741 30.0151 32.7043 35.6798 38.0508 40.1628 42.3432 42.7847 44.0317 43.0908 42.5323 42.3405 42.5059 42.5924 41.8905 41.8487 41.8208 41.8021 41.7895 
30.1546 30.2329 30.2411 32.6688 32.3197 32.412 32.5671 32.7164 33.0892 32.7801 35.426 36.3815 29.7967 23.4286 20.6666 16.6939 14.941 13.4664 10.7334 10.3298 10.1583 10.1822 10.248 11.3452 13.0627 13.8421 17.4484 18.5875 19.5867 21.0156 23.1095 25.3298 28.1441 30.225 33.0145 36.6236 38.063 41.1681 44.0161 44.7942 48.796 44.9762 41.7016 42.5298 42.4744 42.5896 42.6431 42.6735 41.899 41.8673 41.844 
32.701 32.7522 32.4106 32.4904 32.6083 32.789 32.952 35.0613 34.6203 35.7263 37.1564 40.4502 36.4774 27.5575 22.5022 18.6975 16.4459 14.3498 13.7803 11.9632 11.2792 11.3387 11.4687 11.989 13.572 15.2135 17.8825 19.0616 20.1966 21.35 24.2653 25.469 29.1461 31.2913 34.1512 37.0741 39.3956 42.7149 43.8836 47.9705 48.9836 46.5605 44.3254 43.8637 44.0796 43.4342 43.5151 43.5731 43.6168 43.6512 41.8901 
32.845 32.5015 32.5859 32.7033 34.5213 37.0184 37.2906 36.9347 37.4139 37.1792 38.4747 38.8705 38.2694 36.6766 27.6299 22.688 19.0657 15.7089 15.0259 13.9657 12.8355 12.4394 13.3042 14.0119 13.8389 16.0642 17.9083 19.3661 21.0591 22.2641 24.6506 27.5686 29.6141 32.0079 35.5684 37.2406 42.7061 43.9684 49.0674 48.311 48.7498 47.4748 45.4752 44.8034 44.6262 44.6316 44.6849 44.7452 43.6791 43.6996 43.7179 
32.5545 32.635 36.8608 36.9774 37.1378 37.3573 36.9372 40.0342 40.0637 40.0912 40.0964 40.0531 38.9205 38.3407 30.9787 28.2806 23.922 20.1742 15.6428 15.7703 15.7301 15.1227 14.4638 14.4779 15.1893 17.0804 18.2522 20.9279 21.6584 25.0873 25.9113 29.203 31.788 34.6545 37.2973 39.9625 44.2097 44.495 46.3484 47.5059 48.0997 47.5552 46.7536 46.2055 45.0538 44.9367 44.9023 44.9044 44.9218 44.945 43.7589 
36.8703 36.9511 37.0565 37.1941 39.3795 40.8139 40.8135 40.8137 40.815 40.8198 40.8385 40.9107 40.688 40.0231 37.3916 26.9181 27.7965 30.3173 22.5548 17.4182 18.9759 16.5363 16.5018 17.0118 17.0241 17.9431 19.9899 21.5542 23.0095 26.4446 27.5635 30.4922 32.217 36.0073 37.8959 41.224 42.897 44.4064 45.1285 46.7519 47.996 47.5306 47.0136 46.5973 46.3332 45.1733 45.0904 45.0519 45.0383 45.0381 45.0452 
37.006 39.2367 39.3108 40.8314 40.8339 40.8376 40.8434 40.8528 40.8688 40.8984 40.9566 41.2785 41.5109 41.6161 41.0299 32.806 34.0312 31.1681 29.7935 26.6194 21.91 21.3538 18.1523 19.7255 20.1534 19.8136 20.4339 22.1004 24.6656 25.4955 30.354 30.1932 32.422 35.941 37.7904 39.7953 42.3852 44.2284 44.7109 46.3419 46.6898 47.8666 47.1237 46.8113 46.5795 46.4297 45.2386 45.1775 45.1429 45.125 45.1177 
39.2696 40.8402 40.8431 40.8472 40.8527 40.8605 40.8718 40.8888 40.9153 41.2466 41.5046 41.5273 41.5704 41.6624 41.9681 41.0172 38.3904 34.6568 31.5599 29.387 29.4256 24.1359 23.5153 21.5415 21.5584 21.5279 22.3823 23.5315 26.0019 26.7677 29.7266 30.5677 32.5947 34.3114 37.3929 39.5111 42.0654 42.5283 44.5295 44.7853 46.4422 46.6264 47.1665 46.9293 46.7361 46.5942 46.4989 45.2784 45.2319 45.2022 45.1842 
40.8476 40.8512 40.8558 40.8618 40.8699 40.8809 40.8961 41.7083 41.7234 41.5102 41.8022 41.8373 41.6509 41.7528 42.1104 41.7946 40.6301 39.7691 35.7804 34.3811 30.6699 29.704 24.7484 23.854 24.1413 26.3461 24.1402 27.8245 31.1383 31.1572 31.8155 31.8038 32.1257 32.9427 35.9719 39.4614 40.7868 42.3042 44.4505 44.6412 46.3052 46.4626 47.5008 46.9943 46.8356 46.7091 46.6152 46.5496 45.3048 45.2682 45.243 
40.8566 40.8613 40.8672 40.8749 41.7086 41.7151 41.7247 41.7897 41.7983 41.8125 41.836 41.617 42.1826 41.9828 42.1012 42.3051 42.2566 41.5362 40.5719 38.5279 36.6481 36.9181 32.5948 27.0455 32.5528 39.0676 30.0734 26.7755 31.5358 35.2028 32.2506 32.2797 32.7583 32.578 35.877 38.5201 40.6604 42.188 43.3225 44.5618 44.6762 46.3578 46.4566 47.046 46.899 46.7892 46.7018 46.6356 46.5878 46.5548 45.2939 
40.8647 40.8703 41.7144 41.719 41.7255 41.7343 41.797 41.8043 41.8151 41.8312 42.1491 42.1776 41.943 42.4326 42.4618 42.5253 42.5424 42.8382 42.6219 40.6463 40.1308 40.7429 38.6262 35.5316 36.0827 31.4425 33.0995 31.1982 31.5928 32.8936 32.5753 32.1669 32.3861 34.4222 32.7144 36.0068 40.6019 42.1325 42.288 43.4487 44.6107 45.8306 46.3765 47.402 46.9394 46.8449 46.7659 46.7027 46.6539 46.6175 46.5913 
41.7181 41.7216 41.7261 41.7321 41.7964 41.8008 41.8069 41.8152 42.1394 42.1528 42.1726 42.2043 42.4281 42.443 42.4916 42.5187 42.8416 43.457 44.37 44.4299 43.6629 41.7533 43.5464 44.7009 38.4722 32.9654 32.7008 30.2538 31.9662 31.8192 32.0597 32.1013 31.9471 34.048 34.2069 34.8937 38.4759 40.7571 42.2345 43.351 44.5685 45.7545 45.8662 46.3804 46.9763 46.8838 46.8135 46.7547 46.7071 46.6697 46.6412 
41.7267 41.731 41.7365 41.799 41.8029 41.8079 41.8144 42.143 42.1534 42.1679 42.4177 42.4244 42.699 42.6988 42.4929 43.6039 43.5906 44.408 45.3359 45.1836 45.0725 45.1215 44.8556 41.464 40.0579 37.6145 32.8981 29.9746 32.1548 32.3154 31.7087 31.7866 31.7825 32.33 34.1705 36.4344 38.2657 39.8781 42.2033 43.2875 43.4251 44.5952 45.801 45.8825 45.8366 46.1939 46.8487 46.7949 46.7498 46.7129 46.6835 
41.7344 41.798 41.8007 41.804 42.0724 42.1383 42.1445 42.1528 42.2224 42.4163 42.4213 42.7015 42.7019 43.2574 43.3256 43.7602 44.223 44.4946 44.8073 45.2786 44.8785 45.0346 45.1626 42.6696 39.8199 38.5205 34.1454 30.7502 32.1726 32.2809 31.5071 31.609 31.6468 31.6492 33.5062 34.2292 36.5673 39.6943 39.9691 43.2466 43.3654 43.4666 45.7536 45.8273 45.8886 45.7962 46.8748 46.8261 46.784 46.7485 46.7192 
41.7993 41.8016 42.0695 42.0761 42.1398 42.1451 42.1518 42.2187 42.415 42.4188 42.7025 42.703 43.2916 43.3395 43.748 44.1738 44.2914 44.5527 45.2539 45.2987 44.7259 44.8956 44.4213 42.5511 42.0441 38.8238 37.3456 30.7064 32.1528 32.27 33.2238 31.4864 31.5386 31.5607 31.5643 33.5475 36.1648 39.2451 39.816 40.0202 43.3233 43.4133 45.7191 45.7852 45.8419 45.79 46.1703 46.8502 46.8113 46.7777 46.7492 
42.0679 42.0727 42.0785 42.1406 42.145 42.1506 42.2158 42.4137 42.4167 42.7029 42.7034 43.3098 43.3445 43.7405 43.7962 44.2187 44.3057 44.4975 45.2528 45.2952 44.6368 44.5129 44.0009 44.426 42.1231 38.9286 37.6172 34.3709 30.4547 32.2578 33.2283 31.4033 31.4569 31.4878 31.5022 33.4747 33.5692 36.2427 39.3518 39.8923 43.2937 43.3734 43.4431 45.753 45.805 45.8497 45.7639 46.1448 46.8332 46.8017 46.7743 
42.0749 42.08 42.1409 42.1447 42.1493 42.2134 42.4126 42.7026 42.703 42.7034 43.3201 43.3463 43.736 43.7723 44.1856 44.238 44.3018 45.2245 45.2531 45.2863 44.5789 44.4888 43.9868 44.404 42.1603 39.9796 37.7583 37.473 30.4598 32.2261 32.2762 33.2152 31.3963 31.4297 31.4497 31.4597 33.5054 36.173 39.2913 39.7917 39.9409 43.3437 43.4067 43.4617 45.7757 45.8174 45.7607 46.1548 46.126 46.8214 46.7954 
42.1382 42.141 42.1443 42.2091 42.4098 42.4116 42.7026 42.7029 42.7034 43.3264 43.3467 43.733 43.7584 44.168 44.2024 44.2445 44.4111 45.2286 45.2518 45.2772 44.5386 44.4712 43.9717 44.3865 42.1739 40.0899 37.8328 37.6038 34.3224 32.206 32.7147 33.2182 33.206 31.384 31.4063 31.4201 33.457 33.5243 36.2291 39.367 39.854 43.3214 43.3784 43.429 45.7525 45.7911 45.825 45.7425 46.1362 46.8375 46.8131 
42.1409 42.1438 42.2078 42.4092 42.4107 42.7025 42.7028 42.7032 43.3303 43.3465 43.7309 43.7497 43.7735 44.1817 44.211 44.2448 45.2141 45.2308 45.2494 45.2691 44.5089 44.4571 43.9581 44.3724 42.1749 42.0296 37.872 37.6872 37.5333 33.1697 32.6961 33.2201 33.2091 33.1996 31.3708 31.3865 31.3966 33.4811 33.5354 36.2676 39.4205 39.8969 43.3563 43.4028 43.4441 45.7696 45.8014 45.7409 45.728 46.1219 46.8279 
42.1432 42.2068 42.4086 42.4099 42.7024 42.7027 43.3225 43.3329 43.346 43.7294 43.7438 43.7616 44.1688 44.19 44.2147 44.373 45.2175 45.2315 45.2466 45.2622 44.4862 44.4453 43.9463 45.4285 42.1696 42.0534 39.9268 37.741 37.6099 33.157 32.6828 32.7111 33.2112 33.2026 31.3419 31.3583 31.3699 33.4472 33.4973 36.2241 39.3816 39.8352 39.9269 43.3816 43.4201 45.752 45.7817 45.8083 45.7276 46.1297 46.1109 