normal_rasters/0772100000297765.ascii
ncols 117 
nrows 102 
xllcorner 159468.963013
yllcorner 383947.444
cellsize 0.25
nodata_value -9999 
[rows 31 to 61 of 102, columns 0 to 70 of 117]
16.7852 16.7538 16.7152 16.6668 16.6039 16.5156 16.3735 16.8016 18.1572 17.4003 14.86 14.3847 12.9163 12.3544 11.3013 11.3764 10.9464 9.1213 8.4994 7.1837 7.195 7.3006 7.0653 5.4597 5.8045 4.7024 4.4723 4.7887 4.6277 4.8232 5.6105 7.1958 7.9823 8.5135 9.9743 11.7073 12.6712 14.3211 14.0046 13.7092 13.6512 12.7237 12.9119 13.4694 14.075 15.4463 15.2088 12.8738 12.4889 11.6862 10.5483 9.5938 8.4475 7.6851 5.4491 4.0519 2.7635 1.5005 1.739 1.8162 1.8932 1.9055 1.7672 1.8508 1.8613 1.9838 2.4983 2.6332 2.7469 2.9968 3.2159
11.7525 11.7749 11.8085 14.1266 14.059 13.9546 13.7543 13.1676 13.7966 14.7449 13.209 11.1619 11.198 11.2072 10.4411 10.1346 8.6344 7.5848 6.7381 6.8374 5.5893 5.6893 5.3543 4.4465 3.9925 3.4181 3.6675 3.3254 3.7142 4.3679 5.0502 6.5607 7.9586 9.2172 10.8093 12.4528 13.3509 14.2859 14.6058 13.7886 15.348 13.1012 13.8908 14.7799 14.4304 14.9227 14.4031 12.7999 12.4661 11.9508 11.1821 10.3992 9.2156 7.0531 5.7238 5.0655 2.2819 1.2653 1.6862 1.9769 1.949 1.9152 1.8698 1.9126 2.0145 2.3354 2.5444 2.7858 2.7739 3.0287 3.0351
9.0535 9.0978 9.1617 9.2581 9.411 9.6643 10.4785 10.7932 10.764 10.0761 11.7309 9.8508 8.9623 9.3668 9.6541 6.612 5.9299 6.5563 6.0889 5.5973 4.6793 4.5355 4.1509 2.9777 2.8433 2.6281 1.8969 1.8466 2.4354 4.1354 4.7286 5.8682 8.411 9.8368 11.0245 12.9329 13.3631 14.6215 17.6936 15.2182 13.8122 13.2131 13.4895 13.5987 12.5277 13.3097 13.8428 12.3589 12.3245 11.9194 11.7095 11.0963 10.1061 7.8974 6.1043 5.2054 3.6434 1.7276 1.9282 1.9787 2.0215 2.0134 1.9927 1.8803 2.2325 2.4191 2.3226 2.4724 2.5969 2.4454 2.5303
8.9266 8.9342 8.9441 8.9573 8.9764 9.0087 9.0876 9.1182 8.6339 8.9639 8.1526 8.0395 7.7957 6.7778 6.1066 5.4738 5.2138 4.7377 4.9859 4.2883 3.5601 3.649 2.9533 2.1787 1.7412 1.5669 1.3865 1.5887 1.9347 4.1136 5.6308 6.8555 7.8064 10.7158 11.7763 12.8273 13.228 14.9139 16.4524 14.1834 12.7019 11.7511 8.7617 8.7153 9.2012 11.4118 12.6969 13.4242 11.7471 11.4728 11.5471 11.0045 10.2277 9.2684 6.8065 4.8909 3.7085 2.3166 1.4548 1.964 2.0188 2.102 2.0004 1.9161 2.0253 2.2137 2.0111 2.0965 2.0386 2.265 2.114
8.7987 8.7692 8.7244 8.6533 8.5357 7.3135 7.2496 7.2568 7.3082 7.4398 7.0032 6.3765 5.678 5.3553 4.6814 4.2057 4.0506 4.0026 2.8927 2.3467 2.5171 2.2101 1.9209 1.8476 1.6625 1.5724 1.4603 1.5585 3.3042 3.7963 5.9929 7.4344 8.5458 10.1909 12.0836 12.906 13.9206 16.751 15.282 12.9313 11.0091 7.7913 6.7154 6.9519 7.6527 9.0818 11.5686 13.2102 11.4109 11.2154 11.3546 11.2256 10.2178 9.2699 7.723 6.426 3.5897 1.3812 1.0173 2.0357 2.0489 2.2184 2.0797 1.9045 1.8685 1.9154 1.9347 1.642 1.4575 1.4698 1.568
7.0877 7.0728 7.049 7.009 7.0184 6.8334 5.611 5.2881 4.5885 5.3612 5.7284 5.6236 4.1283 4.0625 3.6196 3.5539 2.7743 2.1781 2.0471 1.8937 1.9325 1.8844 1.7876 1.8044 1.7469 1.5978 1.4745 1.6559 3.1288 3.777 5.9496 7.3554 9.2471 10.5422 11.3735 12.7289 12.9493 14.6913 15.0072 13.5127 9.0687 7.4608 5.0192 2.4539 5.2855 7.8912 10.1306 12.3839 11.81 11.5697 11.5194 11.1529 10.5123 9.1686 8.1684 6.1048 3.4774 2.0553 1.4896 1.8808 2.1282 2.1586 1.9725 1.9037 1.8814 1.8767 1.8147 1.5192 1.3249 1.1471 1.3733
6.0578 4.7973 4.7927 4.7839 4.7665 4.7308 4.6556 4.0794 4.1242 3.9025 4.4765 3.8556 3.4351 2.7814 2.1258 2.0684 2.3602 2.0354 1.5905 1.6341 1.6359 1.7007 1.7282 1.7954 1.9548 1.643 1.4519 1.5946 2.2432 4.6771 5.9361 7.9232 9.2857 10.834 11.2902 12.1963 12.6459 13.0138 13.2553 12.7478 7.7172 5.6647 4.0528 1.2569 4.0874 8.1115 11.0249 12.1887 13.0598 11.6985 11.6714 10.9787 10.4592 9.5653 7.288 5.5814 3.3787 2.2733 0.9692 1.4159 2.1124 2.057 1.8892 1.922 1.9178 1.9584 1.8602 1.5511 1.2308 1.07 1.2608
4.4786 3.7333 3.7358 3.7392 3.7442 3.7519 3.766 3.8474 3.8728 3.5633 3.2855 3.0226 3.0656 2.2393 1.7132 1.5631 1.4831 1.4321 1.3673 1.4706 1.5762 1.6308 1.6478 1.6031 1.7439 1.6525 1.3715 1.4546 2.5634 3.9532 5.5601 7.6054 8.6723 9.9907 10.6043 11.3558 12.3591 11.4021 11.2199 11.1631 8.7949 6.7395 5.5586 5.9999 5.476 8.0437 12.12 13.8375 14.5547 12.0349 11.7297 11.4957 10.8071 9.0787 7.819 5.5117 3.1217 1.3224 0.7646 1.2207 1.9039 1.8765 1.8058 1.977 1.9757 1.9136 1.8377 1.6651 1.1773 1.034 0.8614
3.715 3.7123 3.7082 3.7017 3.6913 3.6749 3.5686 3.5939 3.5119 3.2423 2.8391 2.8074 2.4278 1.7386 1.5821 1.508 1.4931 1.2876 1.3428 1.4287 1.4601 1.4766 1.6391 1.6424 1.5596 1.6022 1.4091 1.2436 1.8692 3.5499 5.4827 7.4525 8.4914 9.9785 10.6893 11.1023 11.4357 11.5524 12.5347 12.5039 9.5125 8.0747 6.9018 6.9873 8.2476 10.6439 11.6402 14.4094 15.0129 15.9732 12.8083 11.701 10.1757 8.4324 6.6132 5.0977 3.2552 1.4414 0.7661 1.0657 1.5581 1.7921 1.8431 1.9267 1.9119 1.8833 1.8605 1.7684 1.5275 1.1104 1.0061
3.6997 3.6931 3.6834 3.669 3.4783 3.4675 3.4373 3.3421 3.172 3.0296 2.8582 2.6121 2.2356 2.0446 1.808 1.7225 1.2992 1.0807 1.0393 1.2959 1.296 1.3792 1.4316 1.3635 1.4709 1.6679 1.7245 1.5469 1.8442 3.0542 5.5863 6.7454 8.7173 9.77 10.3977 11.1775 11.387 11.8365 13.2253 13.4271 12.7322 10.3197 10.0853 10.0669 10.3395 11.8795 12.5381 12.3142 14.0401 13.0961 12.0286 11.5453 9.8784 8.4788 6.3423 4.3089 3.5414 1.0676 0.8435 0.8593 1.5635 1.7086 1.7456 1.8771 1.9007 1.9374 2.0783 1.8992 1.7245 1.3261 0.9949
3.6422 3.6378 3.6316 3.6221 3.6067 3.5795 3.4316 3.3298 3.2212 3.3644 3.2955 2.7953 2.3263 2.0456 1.4847 1.1352 1.0844 0.9691 0.8638 0.87 0.9534 1.0126 1.2179 1.304 1.2679 1.5487 1.6187 1.3186 1.963 3.4253 4.7081 6.0503 8.075 8.8391 9.4699 10.7229 11.6693 11.9926 12.1393 13.8252 14.2005 12.9015 12.6657 11.1534 12.6257 10.6122 11.8228 11.1075 11.8326 11.8962 11.7495 11.1254 9.7145 8.0745 5.8783 3.923 2.7505 0.8857 0.5641 0.6774 1.4652 1.5888 1.6102 1.7919 1.9217 2.0114 1.9409 2.0669 1.8431 1.3697 1.4157
3.6003 3.5975 3.5939 3.5246 3.5238 3.5243 3.569 3.5184 3.5822 3.5985 3.206 2.6009 2.2742 1.7053 1.1247 1.328 1.1064 0.7464 0.5803 0.6286 0.7382 0.8593 0.9647 1.1518 1.2428 1.2718 1.2171 1.1232 1.1907 2.2659 3.9078 5.2954 6.3617 8.2631 9.502 9.6947 11.1496 11.6317 11.8006 14.8298 14.0104 12.4033 13.5163 9.686 10.6364 10.462 11.3307 11.8399 11.835 11.7832 11.4311 9.8586 9.3296 6.4269 5.2238 3.975 1.3684 0.8355 0.4808 0.6769 1.119 1.5656 1.6468 1.7944 1.9238 1.971 1.9844 2.0889 1.9918 1.6465 1.6546
3.2997 3.3068 3.317 3.3322 3.3558 3.6077 3.6282 3.6771 3.7905 3.6297 3.4187 2.6996 2.1813 2.0228 1.3621 1.4639 1.2782 0.8364 0.3313 0.3872 0.434 0.6987 0.798 0.931 1.0068 1.2096 1.241 1.1629 1.0703 1.2866 3.1333 3.8284 6.205 7.2421 8.4846 9.712 9.561 10.8903 12.0319 12.9633 12.0521 11.2707 11.5151 10.6459 11.043 11.2912 11.6165 11.7208 11.701 11.3199 10.3845 9.315 7.79 5.793 4.6407 2.8522 1.7294 0.9 0.7993 1.0699 1.251 1.5973 1.7289 1.7624 2.0635 2.0636 2.0412 2.1372 2.1232 2.0852 1.9835
3.286 3.29 3.2961 3.3056 3.3213 3.4191 3.4585 3.5313 3.6268 3.6349 3.488 2.5506 2.1787 2.0428 1.4038 1.1329 1.3855 0.9117 0.4334 0.2413 0.2128 0.3827 0.7544 0.7807 0.8129 0.8368 0.9759 1.1185 0.902 0.722 2.55 3.7208 4.7763 6.3855 7.2035 8.6405 9.2405 9.8481 10.8253 11.403 11.2189 11.0617 11.3431 11.1468 11.1698 10.776 10.759 10.9673 10.9534 10.4578 10.1537 8.3886 6.6149 5.3806 3.6063 2.2741 1.7278 1.1942 0.9241 1.1112 1.2758 1.5776 1.6397 1.8599 2.1278 2.1611 2.1388 2.3022 2.4593 2.5818 2.5647
3.0187 3.0209 3.024 3.0288 3.0566 3.0639 3.317 3.3038 3.3426 3.3205 3.1036 2.9473 2.3717 2.0144 1.2835 0.9789 1.155 0.9071 0.3114 0.3282 0.2921 0.3218 0.266 0.5884 0.647 0.6931 0.736 0.805 0.6966 0.677 0.8605 2.8126 4.4371 5.2612 6.5589 7.4959 8.322 9.2036 9.9776 10.7506 10.8924 10.7233 10.6024 10.502 10.4833 10.3487 10.2688 10.0759 9.8882 9.6864 8.3116 7.2816 5.4624 4.1336 3.3584 2.2199 1.5191 1.155 1.1495 1.1598 1.3562 1.4819 1.7341 1.8976 2.1888 2.3657 2.3139 2.4321 2.6458 2.8236 2.8193
2.6844 2.6789 2.6709 2.6592 2.6409 2.5541 2.532 2.4863 2.3416 2.5728 3.1737 2.7282 2.0419 1.5348 1.0946 1.0081 1.3243 1.0279 0.5041 0.4246 0.4088 0.2712 0.0891 0.2387 0.4687 0.4859 0.4688 0.439 0.6226 0.5569 0.6279 1.1097 3.4014 4.5412 5.4415 6.3568 7.6225 8.195 8.0423 9.9302 10.4032 9.7707 9.5167 10.3312 10.2415 9.6838 9.6974 9.4331 9.3035 8.602 7.0955 6.0188 4.9382 3.6309 2.4169 2.1608 1.5175 1.0856 1.1335 1.382 1.4924 1.7972 1.9608 2.0946 2.2805 2.5244 2.6821 2.6521 2.9006 3.0011 3.1641
2.6466 2.6321 2.5542 2.5376 2.5134 2.4762 2.4163 2.2476 2.1782 2.354 2.8635 2.1478 1.8322 1.685 1.2098 0.9922 0.9538 0.7188 0.6322 0.7041 0.6267 0.4833 0.4177 0.3417 0.3518 0.325 0.2762 0.3404 0.394 0.4503 0.4035 0.9812 1.3991 3.2958 4.6246 5.0315 5.8586 7.408 7.7185 7.8828 9.0492 9.1918 8.729 8.8629 9.6114 9.3273 8.4876 7.7795 8.2117 6.9277 6.5424 4.9486 3.493 2.6787 2.1727 1.5764 0.9111 0.8856 0.9691 1.3988 1.7002 1.8565 2.0812 2.2524 2.279 2.5538 2.9482 3.07 3.0086 3.1233 3.292
2.1996 2.5466 2.53 2.2444 2.2324 2.2148 2.2176 2.16 1.9746 1.9667 2.3592 2.2277 1.959 1.4552 1.2933 1.0207 0.7278 0.5796 0.62 0.7785 0.8746 0.7603 0.649 0.5598 0.5456 0.2952 0.2873 0.2917 0.4696 0.4655 0.3458 0.318 1.0931 1.7942 3.0463 4.2893 4.9445 5.0648 6.5023 6.7029 6.7985 7.9823 7.9303 7.6026 8.2431 8.5361 7.9535 7.4643 6.4676 6.0237 5.25 3.7827 2.7719 2.2916 1.3064 0.9417 0.7652 0.7673 1.026 1.4164 1.7173 1.9639 2.0541 2.2759 2.4171 2.4872 2.8888 3.1226 3.2705 3.1988 3.3444
1.8204 1.8213 1.8224 1.8237 1.8253 1.8274 1.8971 1.9923 2.0006 2.0521 2.1285 2.2276 1.87 1.5442 1.4272 1.1039 0.7209 0.5468 0.6527 1.0216 1.159 1.2076 1.1085 0.8176 0.7596 0.6274 0.4678 0.3542 0.3491 0.3945 0.3998 0.3651 0.5515 0.9261 2.535 3.4654 3.7198 4.2534 4.4897 5.3572 5.9079 6.1214 6.7725 7.0373 6.3884 6.3827 6.2066 6.0024 5.1118 4.6779 3.1069 2.8034 1.5285 0.8873 0.8486 0.8973 0.8581 0.8678 0.9967 1.1778 1.5455 1.9068 2.2574 2.2336 2.4776 2.5959 2.8199 3.0513 3.2312 3.4245 3.5167
1.6934 1.6931 1.6925 1.6914 1.6893 1.6853 1.6835 1.6767 1.7088 1.7714 2.1609 2.3118 1.8487 1.6635 1.4839 1.2765 0.8273 0.8503 0.9056 0.7721 1.0825 1.1577 1.245 1.2263 0.8424 0.6588 0.5103 0.331 0.2819 0.38 0.4446 0.4479 0.3354 0.4233 1.1751 2.7403 3.2176 3.2949 4.0209 4.5099 4.3653 4.4839 5.1837 5.192 4.9705 4.9052 4.9435 4.7215 3.3664 3.2643 1.5998 1.6658 0.9499 0.8997 0.848 0.8678 0.9087 0.9858 1.065 1.178 1.259 1.4798 1.899 2.247 2.4711 2.6824 2.6254 2.9093 3.1957 3.2568 3.4465
1.5974 1.5969 1.596 1.5948 1.5927 1.5893 1.6063 1.6617 1.6172 1.5501 1.6855 2.0733 1.8707 1.677 1.4153 1.0232 0.98 0.9272 0.9441 0.8929 0.948 1.0124 1.064 1.1551 0.6295 0.5654 0.5006 0.3015 0.2492 0.4849 0.4349 0.3148 0.277 0.2725 0.4438 0.7946 2.4113 2.5729 2.2699 2.664 3.3912 3.3735 3.4084 4.0606 3.6062 3.1502 3.3695 2.716 1.8988 1.2403 1.1246 0.9406 0.8755 0.8703 0.8883 0.9031 0.986 1.0827 1.1173 1.1261 1.1528 1.2196 1.3263 1.8858 2.2084 2.487 2.6247 2.5374 2.878 3.0425 2.979
1.5924 1.5909 1.5887 1.4877 1.4909 1.6138 1.6095 1.6046 1.5993 1.636 1.9253 1.9815 1.8331 1.4009 1.2906 1.0063 0.9918 1.0507 0.8465 0.6832 0.5935 0.655 0.6499 0.6609 0.4634 0.4704 0.466 0.3276 0.5355 0.3992 0.4169 0.3596 0.4268 0.517 0.6281 0.6947 0.9307 1.7422 1.9291 1.8244 1.7229 2.6592 1.984 2.1401 2.3393 1.615 1.0389 1.452 1.2616 0.7673 0.7476 0.7684 0.8416 0.886 0.9468 0.9862 1.0379 1.1337 1.1386 1.1268 1.1283 1.1852 1.2255 1.3125 1.8737 1.9956 2.2744 2.1575 2.1792 2.51 2.5565
1.4792 1.4796 1.4802 1.481 1.4821 1.4836 1.4858 1.4889 1.6062 1.7921 1.995 1.8074 1.4034 1.6292 1.18 1.1848 0.945 0.7972 0.6581 0.5662 0.5053 0.5476 0.6226 0.6102 0.5373 0.4813 0.4386 0.4588 0.5045 0.4954 0.5334 0.5179 0.5645 0.6276 0.6609 0.733 0.7606 0.9186 1.3499 1.18 1.2129 1.0246 1.2115 1.1822 0.8735 0.9371 0.7743 0.8398 0.7941 0.7501 0.7821 0.7871 0.8679 0.9008 0.9908 1.022 1.0684 1.0767 1.1576 1.1424 1.1288 1.1275 1.2112 1.2383 1.248 1.3953 1.5613 1.893 1.843 1.819 1.8911
1.4065 1.4068 1.4071 1.4076 1.4081 1.4089 1.4187 1.3109 1.4466 1.4751 1.4129 1.3525 1.4335 1.3976 1.2319 1.1491 0.6591 0.6265 0.6478 0.5892 0.5811 0.591 0.6385 0.6105 0.6481 0.6945 0.6274 0.5428 0.6243 0.6298 0.5707 0.6445 0.7562 0.8185 0.8801 0.8553 0.7873 0.899 0.9565 1.0322 0.9219 0.8556 0.8618 0.8642 0.8536 0.8536 0.8536 0.8537 0.8546 0.8419 0.8535 0.8611 0.8769 0.8966 0.9836 1.048 1.0504 1.0711 1.1 1.159 1.1441 1.1565 1.2196 1.2381 1.2385 1.2556 1.2991 1.3439 1.3276 1.3455 1.2195
1.3207 1.3203 1.3197 1.2453 1.2485 1.2532 1.2608 1.2737 1.2907 1.2422 1.1443 1.1979 1.4876 1.464 1.3006 1.4438 0.9229 0.6392 0.6468 0.6521 0.6511 0.6495 0.7724 0.7593 0.7409 0.7594 0.726 0.6878 0.7045 0.7899 0.8502 0.8383 0.9353 1.0307 0.998 0.9957 0.9853 0.9735 0.9816 1.0234 0.9128 0.857 0.8552 0.8602 0.8537 0.8538 0.8536 0.854 0.8552 0.8587 0.8701 0.872 0.883 0.9046 0.9758 1.0352 1.0551 1.0838 1.0602 1.0911 1.1498 1.1631 1.1731 1.2157 1.2354 1.2199 1.2101 1.2079 1.1357 1.1245 1.1246
1.2222 1.2231 1.2243 1.2256 1.2166 1.2175 1.2168 1.2106 1.1879 1.1097 1.0202 0.995 1.215 1.466 1.4445 1.4587 1.4646 1.0265 0.6348 0.7168 0.7723 0.776 0.8416 0.8364 0.8077 0.8586 0.8697 0.8734 0.896 0.9142 0.9505 1.0878 1.0784 1.104 1.0936 1.0994 1.1161 1.1384 1.1084 1.0541 0.9713 0.8702 0.8793 0.9231 0.8681 0.8548 0.8538 0.8542 0.8537 0.8568 0.8656 0.873 0.892 0.9284 1.0013 1.0142 1.0588 1.072 1.0631 1.0543 1.0817 1.1492 1.1602 1.1284 1.1517 1.1249 1.073 1.0913 0.9983 1.0411 1.0569
1.2173 1.217 1.2165 1.2155 1.2136 1.2099 1.1141 1.1114 1.0639 1.0593 1.003 0.8489 0.9789 1.5245 1.3982 1.3088 1.3142 0.9448 0.5417 0.7187 0.814 0.8171 0.8729 0.896 0.8936 0.8814 0.9467 0.9641 1.0845 1.0515 1.1078 1.129 1.1638 1.1577 1.1892 1.2008 1.199 1.1614 1.1031 1.0105 0.9531 0.8918 0.8637 0.8978 0.8601 0.854 0.8537 0.8536 0.8545 0.8557 0.8614 0.8737 0.8988 0.9111 0.979 1.0412 1.0474 1.0389 1.0364 1.053 1.0646 1.0799 1.0909 1.059 1.0478 1.0335 1.0079 0.989 0.9729 0.9828 0.9812
1.1392 1.1385 1.1373 1.0933 1.0911 0.9895 1.0111 1.0142 1.0169 1.0099 0.9211 0.8233 0.8209 1.0982 1.3174 1.1773 1.2549 1.2244 0.7998 0.7218 0.8888 0.9022 0.9223 0.9579 0.986 0.9763 1.0617 1.0893 1.1947 1.1702 1.246 1.2702 1.2258 1.2178 1.2856 1.272 1.2076 1.1634 1.1188 0.995 0.8587 0.8551 0.8548 0.8538 0.8536 0.8532 0.8456 0.8519 0.845 0.8583 0.8707 0.8695 0.8842 0.9295 0.9478 0.9981 1.0031 0.9474 0.9978 1.0187 1.0564 0.9779 0.9642 1.0216 0.9982 0.9907 0.9561 0.9647 0.8778 0.9338 0.8909
1.0854 1.0827 0.9751 0.9754 0.9759 0.9768 0.9787 0.969 0.9753 1.0369 0.9283 0.868 0.8712 0.8889 1.1585 1.2214 1.1754 1.0803 0.8696 0.8476 0.9836 0.9968 1.0538 1.1026 1.0975 1.1053 1.1002 1.1857 1.2651 1.3114 1.34 1.3244 1.3082 1.3424 1.3246 1.3136 1.2298 1.1589 1.0215 0.9044 0.8553 0.8542 0.8538 0.8453 0.7963 0.7767 0.7641 0.8047 0.7582 0.8519 0.8344 0.7987 0.897 0.896 0.9216 0.9478 0.9667 0.9684 0.9903 0.9664 0.9325 0.9467 0.9315 0.943 0.9146 0.89 0.8704 0.8303 0.7726 0.8525 0.8429
2.5654 2.5358 2.4964 2.4422 2.3657 0.9467 0.9199 0.8557 0.8691 0.8845 0.8603 0.7477 0.6593 0.8325 1.0405 1.0157 1.0803 1.0504 0.8874 0.792 0.9506 1.0895 1.1276 1.2058 1.2029 1.1953 1.2523 1.2474 1.3213 1.3322 1.3475 1.3636 1.3788 1.3824 1.373 1.2555 1.0939 1.0345 0.9585 0.8632 0.854 0.8467 0.8276 0.7656 0.7486 0.7399 0.7389 0.7391 0.7584 0.7834 0.7736 0.772 0.808 0.8024 0.8259 0.8897 0.8895 0.9053 0.9106 0.9197 0.9024 0.8771 0.8694 0.8612 0.8031 0.7809 0.7546 0.758 0.7295 0.6864 0.7114
2.5261 2.5147 2.4987 2.4753 2.4391 2.3797 2.2538 2.0218 0.7983 0.7837 0.6787 0.5475 0.494 0.5915 0.6608 0.8331 0.8814 0.8896 0.8945 0.8868 0.9727 1.0405 1.2106 1.2691 1.3327 1.3133 1.3405 1.3629 1.4666 1.3365 1.3836 1.4427 1.4008 1.3793 1.3812 1.2306 1.0076 0.9333 0.8616 0.8541 0.7857 0.7556 0.7538 0.7395 0.7392 0.7391 0.7388 0.7388 0.7434 0.7519 0.7298 0.7587 0.7909 0.7715 0.7854 0.8434 0.8418 0.873 0.899 0.8381 0.8353 0.8421 0.8116 0.7632 0.7367 0.6873 0.6607 0.6338 0.6314 0.6132 0.4634
