normal_rasters/0772100000296763.ascii
ncols 51 
nrows 51 
xllcorner 158244.322998
yllcorner 383888.933014
cellsize 0.25
nodata_value -9999 
30.3029 27.8884 17.7574 17.6777 15.5131 15.4897 15.4641 15.4365 15.4073 17.1563 24.809 24.9604 32.2524 32.409 39.0888 43.4257 43.4656 45.4624 45.0035 45.4597 45.4683 45.5508 44.989 44.9665 44.4976 44.2037 44.195 44.1853 44.0785 44.0764 44.0746 43.926 43.9235 43.9208 43.9179 43.9151 43.7448 43.739 43.7337 43.7291 43.7252 43.722 43.7193 43.7171 43.5929 43.3276 43.324 43.1041 43.0994 43.3599 43.3618 
34.4817 30.2937 27.8762 17.7506 17.6591 15.5084 15.481 15.4511 15.4191 17.0905 17.1802 24.8446 25.0251 32.3192 32.507 39.1401 43.4383 45.451 45.4659 45.0116 45.4656 45.5648 45.5047 44.9832 44.9538 44.209 44.1989 44.1871 44.1745 44.075 44.0726 43.9276 43.9246 43.9212 43.9177 43.9143 43.7448 43.7378 43.7318 43.7267 43.7225 43.7192 43.5946 43.5926 43.3275 43.3234 43.103 43.126 43.3599 43.3621 43.3641 
37.3757 34.4745 30.2818 24.6972 17.7403 17.6344 15.5014 15.4691 15.434 15.3965 17.1059 24.7062 24.8949 32.2072 32.41 39.0563 43.4041 43.4565 45.4527 45.4719 45.4617 45.4743 45.5588 45.0053 44.9732 44.5015 44.2048 44.1906 44.1747 44.0734 44.0702 44.0677 43.926 43.9217 43.9172 43.7534 43.744 43.7357 43.7288 43.7233 43.719 43.5945 43.5921 43.3273 43.3224 43.1013 43.1256 43.3599 43.3625 43.3647 43.7786 
37.3882 34.4888 34.4658 30.2663 22.3842 17.7252 15.5261 15.4912 15.4527 15.4111 15.3671 17.1287 24.7364 24.9667 32.2856 32.5354 39.1177 43.417 45.4359 45.4566 45.0127 45.4711 46.0364 45.5135 45.0003 44.9559 44.214 44.1967 44.1764 44.0716 44.0672 44.0637 43.9279 43.9223 43.9163 43.7536 43.7417 43.7319 43.7243 43.7185 43.5942 43.5912 43.3267 43.3208 43.0988 43.3561 43.3599 43.363 43.6998 43.8914 43.992 
37.4031 37.3774 34.4816 34.455 27.923 22.3753 17.7036 15.5186 15.4765 15.4302 15.3805 14.2416 17.1625 24.7838 25.0702 32.3983 32.7114 39.2071 43.4375 45.4365 45.4645 45.8061 45.4859 46.027 45.5033 44.9891 44.5858 44.2075 44.181 44.0698 44.0633 44.0582 43.9303 43.9227 43.8407 43.7519 43.737 43.7258 43.7177 43.5934 43.3348 43.3254 43.3183 43.1358 43.3552 43.3598 43.3637 43.4793 43.892 43.9929 43.9935 
37.4206 37.3942 37.3645 34.4726 34.4414 27.9083 22.362 17.6725 15.5068 15.4553 15.3989 15.339 14.2593 20.5791 24.8584 32.2162 32.5633 39.2949 43.3768 45.4098 45.4402 45.4797 45.4828 46.0397 45.5353 45.484 44.9652 44.5665 44.1917 44.0684 44.0582 44.05 43.9338 43.923 43.7708 43.7462 43.7281 43.7161 43.5918 43.335 43.3229 43.0074 43.1348 43.3448 43.3598 43.477 43.89 43.8928 43.9941 44.4298 44.4306 
37.441 37.4142 37.3835 37.3487 34.4612 34.4241 27.8878 17.8126 17.6279 15.4886 15.4245 15.355 14.2144 14.2861 20.6187 24.9763 32.3563 32.81 39.4234 43.6013 45.4061 45.4506 45.509 46.0595 46.0271 45.527 45.1248 44.6077 44.2875 44.069 44.0521 44.0366 43.9392 43.8648 43.7656 43.7323 43.5986 43.5881 43.3341 43.3181 43.0063 43.3397 43.3436 43.3598 43.4791 43.8907 43.9924 43.9957 44.4298 44.4602 44.4604 
37.4647 37.4377 37.4064 37.3704 34.4854 34.4464 34.4016 27.8589 17.7903 15.533 15.4603 15.3793 15.2929 14.2334 14.3275 20.6865 25.1662 32.5796 39.2516 43.5169 43.6438 45.4063 45.4761 46.1228 46.0555 46.0015 45.5028 45.0791 44.5774 44.2421 44.0479 44.0101 43.9501 43.8678 43.7412 43.5949 43.6406 43.3306 43.3086 43.0031 43.3362 43.3419 43.4735 43.4825 43.8917 43.9943 44.4286 44.4299 44.46 44.4602 44.4604 
37.492 37.4653 37.4339 37.3971 37.3542 34.4742 34.4267 34.3719 22.4876 17.7531 15.5108 15.4163 15.312 14.1631 14.2657 20.5106 20.8041 32.2375 32.9448 39.4438 43.5381 45.3384 45.4186 45.5368 46.5342 46.045 45.9421 45.4314 44.7905 44.2983 44.0621 43.9396 43.9912 43.8245 43.6284 43.609 43.3205 43.2935 43.0803 43.3304 43.434 43.4762 43.8865 43.8935 43.9973 44.4284 44.43 44.4597 44.46 44.4602 44.4604 
37.5232 37.4975 37.4666 37.4296 37.3856 37.3337 34.459 34.4001 27.9974 22.4797 17.6921 15.4727 15.3464 15.2104 14.1785 14.3222 20.5897 24.9974 32.5446 38.0923 43.3766 43.5956 45.3176 45.4693 46.178 46.1277 46.018 45.6711 44.9661 44.7161 44.1196 44.0363 43.8583 43.5456 43.4588 43.2092 43.2784 43.0191 43.4137 43.4346 43.7882 43.8872 43.9944 44.0021 44.4283 44.459 44.4594 44.4598 44.4601 44.3728 44.3718 
37.5586 37.5345 37.5049 37.4687 37.4246 37.3712 37.307 34.4378 34.3629 25.4111 22.4609 16.2767 15.4067 15.2332 14.0565 14.2128 14.4259 20.757 28.1492 34.775 38.467 43.3745 43.7356 45.3173 45.6495 46.6993 46.1945 45.8407 45.3213 44.9352 44.4773 43.8458 43.4668 43.2031 43.1879 43.0982 43.0718 43.4027 43.4389 43.786 43.8894 44.001 44.0104 44.4283 44.4585 44.4591 44.4595 44.4599 44.3731 44.3689 44.3685 
37.5982 37.5768 37.5496 37.5153 37.4723 37.4188 37.3525 34.4878 34.4072 34.3094 25.4287 21.0425 16.2063 15.2895 15.0446 14.047 14.289 20.3476 21.1198 34.0823 38.084 42.2 42.6495 45.1356 45.5028 46.8599 46.4996 46.308 45.673 45.1095 44.5885 44.1208 43.8546 43.2362 42.8571 43.0039 43.3856 43.4568 43.7821 43.9916 44.0149 44.4238 44.4287 44.4579 44.4588 44.4593 44.4372 44.3735 44.3697 44.369 44.3685 
40.7857 37.6243 37.6008 37.57 37.5299 37.4782 37.412 37.3277 34.4687 34.3614 31.6942 25.4464 16.5878 14.4913 15.073 13.8 14.0532 14.4698 20.5868 21.95 34.4692 38.8044 42.3157 43.8993 45.1132 46.9368 46.7477 46.5536 45.9183 45.4966 44.8852 44.2666 44.0707 43.4086 43.0034 43.4435 43.5487 43.7748 44.0167 44.0472 44.4224 44.4297 44.4574 44.4586 44.4592 44.4384 44.3718 44.3707 44.3697 44.369 44.0586 
40.8047 40.792 40.7762 37.6332 37.5983 37.5512 37.488 37.404 37.2934 34.4385 34.289 31.6161 25.4611 16.5893 14.3269 14.6535 13.6581 14.1189 14.9602 21.3284 27.3834 36.8949 40.2434 42.9355 43.7892 47.0234 47.3663 46.7767 46.2472 45.7562 45.3044 44.7431 44.2446 44.2912 43.7646 43.8763 43.8934 44.1183 44.1297 44.4194 44.4535 44.4575 44.459 44.4392 44.3763 44.3739 44.372 44.3705 44.195 44.0572 44.0463 
40.8261 40.8152 40.8011 40.783 37.6779 37.6388 37.5831 37.5044 37.3947 37.2437 34.3875 31.7014 27.8556 27.6816 14.9428 13.9243 13.0377 13.3942 14.4471 16.624 25.4916 32.3219 37.4353 40.6498 42.9347 44.8111 47.1186 47.1086 46.6535 46.0595 45.6097 45.4075 44.5049 44.4012 44.524 44.0273 44.5938 44.3028 44.4093 44.4542 44.461 44.4614 44.4436 44.3814 44.377 44.3737 44.2047 44.1938 44.0541 44.0414 43.5464 
40.85 40.8415 40.8301 40.8147 40.7941 40.7665 37.6987 37.6328 37.533 37.3844 37.1669 34.2943 31.5723 27.8184 22.6925 14.8225 12.9113 12.0968 12.7821 16.4258 23.3633 29.7312 35.2915 37.5123 41.1274 44.1846 46.0102 47.1149 46.8892 46.7179 46.0072 45.4955 45.4805 45.0332 44.6731 44.5739 44.5229 44.489 44.5375 44.5104 44.4573 44.4519 44.3895 44.3811 44.2224 44.2039 44.1904 44.0478 43.5602 43.5384 43.105 
40.876 40.8707 40.8628 40.8515 40.8352 40.812 40.7791 40.7327 37.714 37.5854 37.3749 34.525 34.1032 28.0543 27.6878 22.9872 14.1033 8.8297 9.3741 12.1781 22.4683 25.6407 29.4394 35.6656 38.3373 40.984 43.9537 46.1332 47.1584 46.6618 46.3064 45.9299 45.6035 45.6442 45.5086 44.9851 44.8275 44.6337 44.6041 44.5395 44.4871 44.4006 44.2594 44.2237 44.1994 44.183 43.7803 43.5502 43.2764 43.0921 42.8528 
42.4211 40.9024 40.899 40.893 40.8829 40.8669 40.8419 40.8033 40.7439 37.8547 37.6883 37.3736 34.4763 31.5385 28.0162 27.3333 22.5946 8.8187 6.2692 7.4524 14.198 24.0748 25.1891 30.9935 35.6455 38.4974 40.9437 44.0388 46.3792 46.587 46.3455 46.2563 45.7014 45.5412 45.6421 45.4296 45.0069 44.6459 44.4976 44.4237 44.3437 44.2708 44.2188 43.8586 43.8045 43.7693 43.2858 42.8809 42.8602 42.8457 42.8355 
42.4355 42.4318 42.4269 42.42 40.9364 40.9304 40.9177 40.8938 40.8507 40.7749 40.6427 37.9077 37.4125 34.3401 30.7623 27.9333 25.3439 16.9697 7.8791 7.2086 8.5144 15.9664 25.0058 27.2345 31.9819 36.0936 40.5962 41.7169 44.4671 46.2822 46.29 46.0337 45.8216 45.6943 45.7996 45.5786 45.3304 44.7346 44.467 44.4161 44.2861 43.9912 43.8678 43.7884 43.3363 43.284 42.8756 42.8496 42.8329 42.777 42.7716 
42.6772 42.4494 42.4473 42.444 42.4389 42.4309 42.4185 41.0021 40.9882 40.9497 40.8595 40.6596 38.3978 37.5785 34.1953 28.5981 26.4105 20.964 9.0844 6.7062 7.285 10.6178 18.4145 25.0832 27.9406 31.3942 37.5649 40.5935 42.308 43.9177 46.1186 46.032 45.9356 45.7757 45.7183 45.5716 45.4616 44.9235 44.4986 44.3364 44.1498 43.895 43.456 43.309 42.9136 42.8581 42.8272 42.8099 42.7581 42.7548 42.7535 
42.734 42.709 42.6779 42.4697 42.47 42.4692 42.4665 42.4601 42.4467 42.4184 41.1736 41.1107 40.8195 39.9861 35.9965 32.4819 27.5673 23.6887 17.1844 8.7206 5.7458 7.3864 13.073 19.1028 25.4608 28.674 33.9812 38.406 40.8038 42.73 44.2573 45.8307 45.8896 45.8218 45.7361 45.6057 45.4962 44.9302 44.2121 44.0153 43.9434 43.4401 43.0881 42.8716 42.8081 42.7795 42.7276 42.7271 42.5188 42.5262 42.5315 
43.4402 43.4257 43.4067 43.3822 42.5021 42.5092 42.5177 42.528 42.5402 42.5546 42.5693 42.5751 42.5419 41.7583 38.9569 34.9078 32.0261 24.6973 21.2951 16.2915 8.1333 3.7416 8.3606 12.3753 20.8674 26.0754 30.8137 34.2221 38.522 40.1007 42.7691 44.785 45.7309 45.7489 45.76 45.6058 45.5818 44.8953 44.3626 43.8385 43.1208 42.7949 42.7857 42.6759 42.5592 42.3979 42.5048 42.5191 42.5109 42.5167 42.5206 
43.4897 43.4805 43.4666 43.4471 43.4211 43.3887 42.5671 42.5934 42.631 42.6882 42.7839 43.1477 43.465 44.3007 41.6074 37.8473 33.416 25.9126 24.2958 18.2235 14.3752 4.1312 3.0781 10.1336 12.9154 23.7159 27.8341 31.8394 34.1553 38.093 42.573 44.9704 45.6499 45.8599 45.8127 45.7038 45.4825 44.9804 44.539 43.8018 42.9511 42.4285 42.2978 42.3451 42.3882 42.486 42.5057 42.5167 42.523 42.5267 42.5288 
43.5453 43.5431 43.5366 43.5245 43.5052 43.4778 43.4434 42.8919 42.9286 42.9833 43.0706 43.221 43.4858 43.3955 41.9138 39.9678 36.7773 29.9014 26.5134 22.7668 16.0758 12.3086 4.4001 7.7319 11.6631 17.2883 24.8085 29.482 33.4613 34.4959 39.7695 43.3904 45.5549 45.9106 46.0131 45.7781 45.4651 44.9605 44.2986 43.7569 43.3533 42.373 42.303 42.4273 42.4894 42.5187 42.5307 42.5356 42.5374 42.5379 42.5377 
43.6062 43.6133 43.6172 43.8246 43.813 43.7914 43.7576 43.7122 43.6599 43.571 43.5864 43.602 43.5882 43.2126 42.528 41.0901 39.9254 35.634 33.2864 26.6371 23.4965 14.9928 9.3049 5.8729 11.2378 14.5588 21.3479 26.7755 30.0636 33.6092 34.8606 41.0434 44.0154 46.615 46.4869 46.0631 45.8569 45.1114 44.514 43.7175 43.4924 42.3834 42.4114 42.4722 42.5566 42.5639 42.5608 42.5565 42.5527 42.5495 42.5468 
43.8696 43.8818 43.8926 43.9 43.9007 43.8902 43.863 43.8148 44.1739 43.5702 43.5814 43.5933 43.2578 42.9698 43.8967 41.5342 40.3242 36.8928 33.875 32.4908 24.6322 19.1072 13.0204 6.4757 5.3448 14.2533 17.0684 25.0892 29.893 30.224 34.9617 36.6954 40.6037 45.6673 46.9512 46.8839 46.2565 45.6562 45.6036 44.0426 43.969 43.4006 42.9229 42.8457 42.836 42.857 42.8743 42.8865 42.8953 42.9018 42.9067 
43.9175 43.9401 43.9641 44.3152 44.3267 44.3331 44.3291 44.3081 44.2672 43.9573 43.8669 43.193 42.6663 42.3629 42.3958 41.7039 40.8776 38.9108 35.4029 32.9782 28.7257 21.3213 16.9766 10.3226 4.4606 5.3119 15.7855 20.6453 25.9676 30.0083 32.9775 35.7797 38.0881 41.6861 46.4897 47.1669 46.9599 46.4549 45.6755 45.2661 44.3673 44.1566 43.4613 43.1617 43.1537 43.1638 43.1795 43.1948 43.2082 43.2196 43.2291 
44.4145 44.3239 44.346 44.3708 44.3975 44.4226 44.439 44.4344 44.2264 44.1157 44.0213 42.7421 42.601 42.578 41.8458 41.1874 40.9096 40.6339 37.5217 35.3528 31.12 27.5103 19.3858 15.5533 6.7411 4.2265 8.2942 16.7621 22.7212 28.1803 31.4376 35.0373 36.9906 39.5129 42.9687 46.0733 47.1265 46.7846 46.3189 45.9275 44.8636 44.3687 44.1331 43.6611 43.3158 43.2676 43.2498 43.2447 43.245 43.2476 43.2511 
44.4448 44.4628 44.5964 44.6102 44.6264 44.6445 44.6611 44.4895 44.6002 44.2529 43.7286 43.4384 43.1885 43.1887 42.7347 42.652 41.7943 40.0369 39.2861 36.8963 33.7082 30.8622 24.9975 19.6523 10.7984 8.7132 6.4796 9.2494 17.2022 22.1474 28.8517 33.4164 34.8293 38.4728 41.3081 44.0735 46.4623 46.8637 46.5181 45.9038 45.0828 44.7527 44.5558 44.2701 43.8209 43.7701 43.3104 43.2904 43.2801 43.2751 43.2731 
44.5904 44.602 44.6161 44.6335 44.6548 44.6798 44.7202 44.732 44.6533 44.6459 44.2287 43.9964 43.7611 43.396 43.5904 43.8458 43.911 42.7633 39.6591 38.4561 35.9261 33.567 29.8332 22.6981 20.3814 14.7962 9.4884 8.5778 11.362 20.8904 24.6833 30.8317 34.6632 36.6843 40.0393 42.9057 44.793 47.2511 46.5977 46.1571 45.3958 44.9719 44.8546 44.3681 44.2863 43.8462 43.8112 43.793 43.3105 43.3 43.2935 
44.8089 44.7218 44.7255 44.7495 44.6984 44.7153 44.7342 44.7498 44.7454 44.6885 44.5829 44.4669 44.2503 44.1268 44.1263 44.1254 44.1467 44.1514 43.2278 38.3883 37.7389 35.0462 33.2437 31.3879 23.8642 19.3248 14.3275 8.0142 9.9415 16.312 21.4569 30.0299 32.6693 34.5542 38.3571 41.0187 43.9883 45.7616 46.4623 46.1844 45.7572 45.0696 44.951 44.8889 44.3364 44.2893 43.8549 43.8302 43.815 43.321 43.3116 
44.7249 44.7284 44.7322 44.7327 44.7372 44.7421 44.7471 44.7509 44.7441 44.7171 44.6635 44.5033 44.3968 44.1264 44.1266 44.1273 44.1222 44.1024 44.073 41.5507 37.7554 36.7901 35.1647 32.216 28.4953 21.0412 15.2782 10.7077 8.5106 12.1706 20.2763 24.5099 31.0528 33.931 36.8237 37.1763 42.5358 44.5554 45.7744 46.1148 46.0093 45.1078 45.0085 44.9461 44.9095 44.319 44.2891 44.2684 43.8399 43.8275 43.8193 
44.7422 44.7445 44.7469 44.7494 44.7518 44.7539 44.7554 44.7496 44.7498 44.7479 44.6922 44.6517 44.5868 44.2875 44.1247 44.1225 44.1046 44.1016 44.1576 44.1049 41.0677 37.8047 36.3732 34.8191 31.0542 26.9475 17.4707 12.7658 7.6388 10.3698 20.3975 22.7541 26.7483 32.4692 34.5887 35.6125 38.0496 41.7727 44.2456 45.5251 45.7403 45.6201 45.0371 44.9825 44.9455 44.9216 44.3087 44.2882 44.2731 43.8451 43.8351 
44.7413 44.7436 44.7461 44.7488 44.7517 44.7547 44.7579 44.762 44.769 44.7809 44.7948 44.7648 44.722 44.5407 44.4328 44.1107 44.1071 44.1895 44.1589 44.3691 43.393 39.6552 38.1663 36.6826 33.8093 29.697 25.2887 16.0278 7.7658 5.3661 11.2928 19.2308 24.1959 27.5948 31.9836 33.6054 36.3987 38.0819 42.2679 45.4338 45.727 45.6851 45.0487 45.0039 44.9701 44.9459 44.9293 44.302 44.2871 44.2757 44.0033 
44.74 44.7422 44.7448 44.7477 44.751 44.755 44.7601 44.7678 44.7803 44.7999 44.8245 44.8027 44.7803 44.7157 44.7146 44.4997 44.4883 44.4235 44.2777 44.3675 44.3864 41.3158 39.0365 38.1307 34.811 30.7046 28.2771 22.2562 11.6379 3.2152 5.2704 12.7717 20.9626 27.0214 30.4647 32.8053 33.1422 36.6458 39.5401 42.3095 45.714 45.6876 45.5992 45.0155 44.9863 44.9636 44.9467 44.9344 44.2974 44.2861 44.2772 
44.7076 44.7112 44.7428 44.7457 44.7492 44.7538 44.7602 44.7701 44.7864 44.8136 44.8246 44.8778 44.8386 44.7397 44.6576 44.6735 44.6913 44.7372 44.7742 44.3438 43.9909 42.3942 40.3524 39.2501 38.174 33.8314 29.6491 26.6912 11.5456 5.581 4.0005 8.3952 14.5464 23.8695 28.3779 30.7379 32.7499 32.9613 36.7511 39.4772 42.3108 45.6862 45.6673 45.0212 44.9964 44.976 44.9599 44.9474 44.938 44.294 44.2852 
44.7016 44.7045 44.7079 44.7118 44.7166 44.7506 44.7568 44.7665 44.7822 44.7644 44.8256 44.9171 44.8544 44.7956 44.5744 44.5676 44.6486 44.7925 44.9119 44.8064 43.6204 42.115 40.0872 40.088 39.8855 38.3414 31.234 28.3992 15.5104 6.7628 5.6578 5.008 12.5436 14.28 24.3462 28.7314 30.8049 32.7424 32.8813 39.2423 41.5602 43.7532 45.6698 45.5971 45.0025 44.9846 44.9697 44.9576 44.9481 44.3 44.2915 
44.695 44.697 44.6992 44.7019 44.7052 44.7095 44.7158 44.7255 44.71 44.7307 44.7583 44.7745 44.7411 44.8236 44.4518 44.4406 44.5503 44.7321 44.7989 44.7858 44.789 42.0431 39.8699 39.8771 39.6038 39.59 35.3096 31.3379 22.5785 11.2612 6.2901 6.3313 9.1135 13.1493 24.0121 28.5734 30.6594 30.8264 32.7445 32.8413 39.3862 41.6117 45.6706 45.6601 45.5813 44.9903 44.9768 44.9655 44.9562 44.9487 44.2964 
44.688 44.6889 44.6898 44.6908 44.692 44.6935 44.599 44.6365 44.6454 44.6545 44.6593 44.6685 44.6428 44.4377 44.2996 44.2121 44.5146 44.6958 44.6251 44.6763 44.5538 44.4185 41.7598 39.5433 39.5013 38.8686 36.5503 34.9426 23.1829 18.0974 6.5291 6.287 8.8218 9.6169 13.2951 24.2418 28.7133 30.7288 32.6493 32.7485 34.9555 39.4689 43.6358 45.6622 45.596 44.994 44.982 44.9715 44.9627 44.9553 44.9492 
44.6807 44.6804 44.6799 44.6791 44.6778 44.5691 44.5706 44.5713 44.5699 44.5645 44.4487 44.4159 44.5624 44.3711 44.2038 44.2528 44.3756 44.2615 44.5343 44.7011 44.4367 44.364 43.8508 40.5284 38.7623 38.4714 36.5586 35.6684 30.7767 18.7844 16.1728 6.445 6.6405 9.3063 9.7897 15.5547 24.3431 28.7783 30.7643 32.6807 32.7526 35.3999 41.5014 43.7533 45.6568 45.5851 44.9856 44.9761 44.9678 44.9607 44.9547 
44.5343 44.5321 44.5292 44.4161 44.4165 44.4161 44.4142 44.4099 44.4016 44.3872 44.2956 44.2908 44.2246 44.1045 44.1495 44.4006 44.3868 44.3641 44.106 44.1651 44.2266 44.2561 44.2512 41.8365 40.4248 38.3207 36.4414 35.9148 35.4974 24.3436 16.7721 10.988 10.4302 9.1456 9.5319 13.0257 15.7147 25.8051 28.8102 30.7843 32.7019 32.7563 36.88 41.0885 43.7725 45.6532 44.9881 44.9795 44.9718 44.9651 44.9593 
44.5225 44.5189 44.4037 44.4023 44.4 44.3961 44.3898 44.38 44.3649 44.3421 44.2527 44.2229 44.1519 44.1129 44.1481 44.3815 44.4352 44.4114 44.0975 44.0027 44.2183 44.243 44.2366 43.6958 41.4422 38.9777 36.3373 35.9965 35.6936 30.5579 23.7854 16.3749 10.8574 6.7479 9.3735 9.6385 15.3763 19.7199 28.7568 30.7466 32.6644 32.7169 35.3338 36.9267 43.1328 43.7842 45.5873 44.982 44.9749 44.9686 44.9631 
44.3967 44.3952 44.3931 44.39 44.3856 44.3792 44.3702 44.3574 44.3395 44.2462 44.2309 44.1823 44.1548 44.1484 44.1928 44.353 44.4035 44.3324 44.1208 44.0518 44.1192 44.1523 44.1499 44.2252 42.7384 41.2472 38.7887 36.0188 35.7954 30.739 29.1157 16.6427 11.1503 10.8073 9.2434 9.4998 9.6885 15.5093 21.9794 28.7817 30.7656 32.6868 32.7281 35.3915 37.0873 43.1561 43.7912 44.9838 44.9773 44.9714 44.9662 
44.3893 44.3869 44.3837 44.3794 44.3736 44.3658 44.3554 44.3417 44.2453 44.2361 44.1931 44.1778 44.1613 44.2397 44.2239 44.3284 44.3222 44.1787 44.0975 44.0734 44.0987 44.119 44.1277 44.128 43.4526 41.4881 39.0104 38.696 35.849 35.7009 29.3385 23.8291 16.4199 11.0321 10.7909 9.4049 9.5711 15.3028 15.5854 22.0271 28.7966 30.7785 32.7033 35.3033 35.4319 39.1687 43.7417 43.1699 44.9791 44.9737 44.9687 
44.3828 44.3796 44.3756 44.3705 44.3639 44.3555 44.3449 44.2457 44.2044 44.1976 44.1885 44.1777 44.2421 44.2122 44.2439 44.2715 44.2933 44.1832 44.1486 44.1372 44.0939 44.1065 44.1133 44.1171 44.1179 43.3876 40.0033 38.874 38.6568 35.7568 29.4725 29.0805 16.5695 11.1939 10.9676 9.3105 9.4853 9.6116 15.4073 15.6283 25.7997 30.7588 30.7874 32.7159 35.3535 37.0126 39.2127 43.7525 43.1741 44.9754 44.9708 
44.377 44.3734 44.3689 44.3633 44.3565 44.348 44.2464 44.2044 44.1999 44.194 44.1868 44.2605 44.2135 44.2289 44.2384 44.2606 44.2893 44.1885 44.1686 44.1526 44.0929 44.1009 44.1072 44.1094 44.1115 44.1122 42.2156 39.0027 38.7993 35.7922 35.7053 29.2193 23.8311 16.4285 11.1016 10.9317 9.4223 9.536 9.6343 15.4746 21.9037 28.7801 30.7705 32.6993 35.2902 35.3907 39.0923 39.2435 43.1314 44.9768 44.9725 
44.372 44.3681 44.3634 44.3577 44.3508 44.2471 44.2043 44.2011 44.197 44.192 44.2729 44.2715 44.1862 44.1942 44.2379 44.2557 44.2913 44.1904 44.1773 44.1675 44.1598 44.0983 44.103 44.1064 44.1067 44.1081 43.3878 39.9631 38.9062 38.7585 35.7405 29.3125 29.0551 22.0711 11.2023 11.0435 13.42 9.4779 9.5683 15.3518 15.518 21.9373 28.7887 30.7791 32.7114 35.3332 36.9677 39.1362 39.265 43.1384 44.9738 
44.3678 44.3638 44.359 44.3534 44.2477 44.2042 44.2018 44.1988 44.1952 44.2815 44.2799 44.186 44.1907 44.1968 44.2373 44.2537 44.2942 44.191 44.1818 44.174 44.1652 44.0971 44.1006 44.1034 44.1032 44.1048 44.1058 42.2283 39.836 38.8475 36.6675 35.7083 29.1493 22.2222 16.4269 11.131 11.006 13.449 9.5157 9.5887 15.4089 15.5458 21.9591 28.7945 30.7856 34.5312 35.3663 37.0102 39.1691 39.28 43.1432 
44.3643 44.3602 44.3555 44.2056 44.2041 44.2022 44.2 44.1972 44.2876 44.2862 44.1866 44.1896 44.1935 44.1982 44.2535 44.2529 44.2969 44.1912 44.1842 44.178 44.169 44.0964 44.0991 44.1015 44.1033 44.1023 44.1034 43.3846 41.0935 39.7547 38.8111 36.6225 29.2173 29.0361 22.0871 11.1991 11.082 13.4939 13.4717 9.5416 15.3196 15.4488 15.563 21.9729 30.7749 30.7907 34.5674 36.9402 39.0857 39.1937 43.1134 
44.3614 44.3574 44.3529 44.204 44.2025 44.2007 44.1986 44.2921 44.291 44.2904 44.1895 44.1922 44.1954 44.1991 44.2531 44.2527 44.1965 44.1911 44.1857 44.1808 44.1717 44.1702 44.0982 44.1001 44.1017 44.103 44.1015 44.1023 41.1868 41.0095 38.8699 36.7059 36.5929 29.104 22.1947 18.6338 11.1431 11.0477 13.5076 9.5031 9.5594 15.3677 15.4766 21.889 21.9813 30.7811 34.5295 35.3518 36.9786 39.118 39.2122 
44.3591 44.3553 44.2039 44.2027 44.2013 44.2967 44.2956 44.2946 44.294 44.1898 44.1917 44.194 44.1967 44.2344 44.253 44.2527 44.1953 44.191 44.1867 44.1826 44.1737 44.1722 44.0976 44.0992 44.1006 44.1017 44.1026 44.1009 43.3056 41.0957 39.7552 38.8392 36.6653 29.1556 29.0215 22.0931 11.1919 11.1023 13.5391 13.5189 9.5242 14.1044 15.4032 15.496 21.9064 24.981 30.786 34.5605 36.9233 39.0517 39.1433 