normal_rasters/0772100000296999.ascii
ncols 161 
nrows 154 
xllcorner 158408.477005
yllcorner 383854.386993
cellsize 0.25
nodata_value -9999 
[rows 62 to 92 of 154, columns 0 to 68 of 161]
0.7238 0.7228 0.7215 0.7199 1.517 1.5256 1.5365 2.2112 3.8174 3.8554 6.093 6.171 8.8952 9.0042 13.1177 13.2025 14.3394 15.2357 16.0821 15.4835 15.6272 15.9675 15.7386 15.4024 13.821 12.7494 16.2392 17.2884 17.7698 16.3419 14.9924 13.7731 13.5167 9.6879 6.8481 5.8214 4.9106 3.2221 1.9988 1.5319 1.3644 1.7676 2.15 3.0715 3.4499 4.103 5.0967 6.3282 6.7853 6.4522 6.2761 6.278 6.1901 6.3645 6.7773 7.2142 7.3637 7.5094 8.702 9.3763 10.9734 12.4765 14.0531 14.641 15.4766 16.0195 16.588 17.2837 17.4588
0.7225 0.7213 0.72 1.5209 1.5283 1.5373 2.2101 3.819 3.8494 6.0868 6.1478 8.8806 8.9638 11.3359 13.1791 14.3299 15.2349 16.0851 15.4151 15.5699 15.5012 15.1515 14.9555 14.6142 14.2726 13.7611 13.3637 14.0287 14.9937 17.163 15.6223 14.577 12.9797 11.8326 9.5923 6.8921 5.2468 4.8872 3.765 1.2963 1.1814 1.1418 1.0671 1.9263 2.5297 3.1684 3.8083 4.8966 6.4111 6.9485 7.1646 6.5582 6.5879 6.6216 6.7958 7.2008 7.6674 6.4571 7.8265 8.6615 10.1581 11.2101 12.4748 14.0742 14.8014 15.6767 16.0728 16.5742 17.4523
0.7212 0.7201 1.524 1.5304 1.5381 2.2094 3.8207 3.8455 3.8751 6.1324 8.8715 8.9369 11.3085 13.1646 14.3245 15.2346 15.4155 15.3805 15.5503 15.4971 15.1888 15.0623 14.884 14.0085 13.9414 13.5017 13.747 13.2979 13.5062 14.0601 16.2613 16.0303 14.3478 12.1481 11.6774 10.1858 7.218 5.5451 5.1678 3.4463 1.1447 1.0952 0.9062 0.7425 1.9371 2.5164 3.0722 4.2382 5.2415 6.8109 7.2126 7.0577 6.8516 7.0916 7.0558 7.2719 7.5634 8.2828 7.4394 7.9211 8.8247 10.4423 11.5123 12.6389 14.2113 15.0089 15.7951 16.2081 16.8086
0.7202 1.5266 1.5322 1.5388 2.2091 2.2202 3.8431 3.8674 6.122 6.169 8.9185 11.2901 13.1554 14.3212 14.1643 14.9791 15.3633 15.5456 14.8123 15.2121 15.1284 15.0182 14.1135 13.4317 13.4794 13.5423 13.0824 13.0864 12.853 12.6632 13.5465 16.2374 16.4321 13.3387 11.7766 11.0798 9.5621 6.7641 5.4454 5.1219 3.2415 1.5122 1.2021 1.093 0.7126 1.8107 3.0113 3.1179 4.736 5.3357 6.9879 7.2886 7.2822 7.1538 7.2126 7.5641 7.8075 8.0989 8.0071 7.7686 8.0127 8.9117 10.5456 12.0566 13.126 14.0338 15.2013 15.9619 16.5333
1.5287 1.5336 1.5394 2.209 2.2184 3.8415 3.8619 6.1148 6.1536 8.9055 11.2776 13.1493 14.3192 13.6021 14.9669 15.355 15.547 14.8073 15.2332 15.1738 14.2022 14.1707 13.4649 13.4869 13.5211 13.0331 13.0333 12.8966 12.5749 12.2003 12.0827 12.8671 16.3822 16.6403 13.479 11.7826 11.4914 10.0459 6.5894 5.5795 4.8475 2.6013 1.3734 1.7638 1.1659 1.1118 2.25 2.9064 3.4416 4.7121 5.4635 7.2283 7.7795 7.6366 7.4583 7.6809 7.8672 8.3548 8.3644 8.3682 8.1831 8.2353 8.9235 11.2178 12.7076 13.3865 14.3788 15.504 15.8617
1.5349 1.5399 2.209 2.2171 3.8406 3.8579 6.1099 6.1423 8.8961 11.269 11.3231 13.595 13.5899 14.9597 15.3516 14.8392 15.2871 15.2513 15.207 14.2296 14.2071 13.487 13.4988 12.6692 13.0173 13.0162 12.8934 12.5633 12.1243 11.9874 11.9544 12.0937 14.576 16.072 15.937 13.5607 12.3569 11.1604 10.3576 6.5436 6.2661 4.453 2.4834 1.7086 1.8387 1.2819 1.6321 2.5225 3.7858 4.2565 4.7005 5.8236 7.6136 8.0769 8.003 7.8923 8.3761 8.3899 8.9314 8.99 8.7444 8.3503 8.1304 9.1911 12.201 12.9 13.4738 14.2102 15.406
1.5404 2.209 2.2161 3.8401 3.855 6.1064 6.1339 8.8893 8.9244 11.3083 13.5867 13.5816 14.9557 15.5561 14.8366 15.2952 15.2666 15.2323 14.2493 13.4993 13.5027 13.5096 12.658 13.0107 13.0093 12.8923 12.5635 12.0666 11.9757 11.5804 11.3801 11.3551 12.1291 15.035 15.4828 14.3515 13.0886 12.0505 10.7696 9.51 6.5194 4.7821 4.1505 2.7893 2.0975 1.4599 1.3627 1.9999 3.45 3.6495 4.9818 5.3433 6.5737 8.1542 8.1485 8.4869 8.2647 8.6229 8.7808 9.088 9.2461 9.0789 8.4135 9.3259 9.9726 12.09 13.0085 13.6527 14.2476
1.5453 2.2153 3.8399 3.8528 6.104 6.1276 8.8842 8.9141 11.2972 12.4327 13.5758 14.9535 15.5584 14.8361 15.3029 15.2797 15.2523 14.2643 13.512 13.5143 13.5188 12.6526 13.0074 13.0061 12.8925 12.3657 12.0435 11.989 11.4554 11.3276 11.0265 10.5776 8.2491 12.9258 13.7311 15.2506 14.1183 13.0251 12.5946 12.3625 8.3963 6.2934 5.2233 4.397 2.8844 2.1225 1.608 1.8281 3.1368 4.1973 3.8448 5.5324 5.9625 6.9673 8.8947 8.8485 8.5568 8.8288 8.9192 9.1068 9.185 9.4479 9.3166 9.3587 9.7924 10.2964 12.0743 13.0358 13.6403
2.2148 3.8399 3.8512 6.1024 6.1228 6.1458 8.9061 11.2888 12.4263 13.5718 14.9525 14.8528 14.837 15.31 15.2908 15.2685 14.2456 13.5217 13.5233 13.5263 12.6499 12.6704 13.0045 12.8932 12.352 12.0341 11.9993 11.4054 11.3136 11.138 11.3167 10.9305 10.6805 12.2818 13.6996 13.3951 14.9554 13.8105 13.235 13.3533 12.6312 9.0645 7.1565 5.2532 3.8898 2.8013 2.2695 2.1305 2.4094 3.4256 3.3284 5.0722 5.8221 6.062 7.2563 9.0881 9.7209 9.3948 9.0469 8.825 8.7187 9.2018 9.1861 8.9713 9.6395 10.0179 10.6212 11.7022 12.8258
3.8401 3.85 3.861 6.1192 6.1392 8.8999 10.2209 12.4214 13.5689 14.9523 15.0992 15.3308 15.3166 15.3004 14.2936 14.2546 13.5293 13.5304 13.5326 12.6486 12.664 12.911 12.8938 12.3449 12.0301 12.0063 11.088 11.3268 11.223 11.6049 11.5828 11.453 11.2824 12.4739 12.9859 13.0508 13.2403 13.9053 13.657 13.5068 13.6522 12.0485 8.3956 7.5775 6.2244 3.1762 2.2638 2.0602 2.3259 2.7645 4.0317 4.9987 5.0671 5.6411 6.144 7.4387 9.2508 9.7765 9.3407 9.0088 8.7768 8.7854 8.8371 8.8146 8.7361 9.7523 10.2812 10.6439 11.7467
3.8491 3.8589 6.1164 6.134 8.895 10.2169 12.4177 13.567 14.4925 15.0994 15.3348 15.3225 15.3087 14.2693 13.5351 13.5354 13.5362 12.6382 12.648 12.66 12.9092 12.7092 12.3409 12.0284 11.2726 11.0849 11.3439 11.2771 11.7469 11.8273 11.7674 11.3919 12.2773 12.4943 13.3924 13.3903 13.6453 13.7226 14.4268 13.9448 13.8353 13.6195 11.12 9.5779 7.6818 5.3223 2.7178 2.0625 1.9206 2.1179 1.645 3.3177 3.6375 4.3615 5.4215 6.2485 7.8663 9.5065 9.438 9.0203 8.8747 8.5254 8.7864 8.8448 8.8348 9.2985 10.0762 10.3841 10.9529
3.8572 6.1142 6.1298 8.8911 10.2138 12.4149 14.3215 14.4911 15.1 15.3386 15.3279 15.3159 14.2746 13.5402 13.5404 13.5411 12.6398 12.6478 12.6573 12.9082 12.7088 12.3387 11.2999 11.2622 11.0857 11.3595 11.3134 11.8302 11.7802 11.9215 11.906 11.5617 12.0433 12.3246 13.5021 13.7385 13.8743 14.3039 14.7458 15.0944 14.7089 13.9951 12.6713 11.715 9.7106 7.9233 5.097 2.6471 2.2071 1.8595 1.7581 1.9592 2.4885 3.1067 3.8045 4.9104 6.7921 8.796 9.504 9.0285 8.7468 8.636 8.755 8.9529 9.1279 9.2907 9.5022 10.0894 10.5009
6.1126 6.1264 8.1201 10.2112 12.4126 14.3213 14.4903 15.101 15.3421 15.3328 15.3224 14.2793 13.5444 13.5446 13.5451 12.6412 12.6478 12.6555 12.9075 12.3485 12.3375 11.2872 11.2564 11.0879 11.3727 11.3391 11.8849 11.8525 12.0126 11.9991 11.5885 12.0437 12.1833 13.5482 13.8018 13.8568 14.0396 14.6758 15.2178 15.905 16.0056 14.8141 14.1667 13.1873 11.5852 9.2063 8.2054 5.88 4.2442 1.8059 1.5758 1.6573 1.9613 2.6032 3.0168 3.9805 5.3955 7.9687 11.1008 10.0188 8.845 8.5924 8.2713 8.4166 9.1871 9.3118 9.3326 9.5389 10.3464
6.1237 8.1148 10.2092 12.4109 13.1047 14.4899 15.1023 15.3455 15.3372 14.2877 14.2833 13.548 13.5482 13.5486 12.6424 12.6479 12.6543 12.9071 12.346 12.3368 11.2787 11.2533 11.0904 11.3837 11.3582 11.9236 11.9009 12.0729 12.062 11.6175 11.6546 12.1262 12.1757 13.4623 13.8502 13.9505 14.9779 15.1586 16.0878 16.4845 16.7207 15.6682 14.7458 14.5561 13.9754 10.5054 9.2765 8.5251 6.833 4.6176 1.5144 1.5936 1.0204 1.7851 2.3737 3.332 4.3673 6.6661 9.4618 9.7227 8.7834 8.455 8.8283 7.9596 8.2234 9.4676 9.6621 9.8325 10.1255
6.1337 10.2075 10.2193 13.104 14.4899 15.1036 15.3486 15.3412 14.2908 14.287 13.5511 13.5513 12.6394 12.6434 12.648 12.364 12.3689 12.3524 12.3364 11.273 11.2516 11.093 11.0661 11.373 11.349 11.9356 11.9181 12.1069 11.6425 11.6651 12.1313 12.1156 13.473 13.8506 13.9105 14.9996 15.1015 16.2032 16.534 16.9402 18.1165 18.6361 16.4286 15.0646 14.5041 14.0687 10.1774 9.6717 8.8897 5.4122 2.2425 1.2319 1.1751 0.8653 1.727 2.3017 3.5329 4.3949 6.5506 9.419 7.65 7.6903 7.8213 7.5604 7.6592 8.0116 9.4242 10.4169 10.4774
10.2061 10.2167 13.1035 14.7138 15.3576 15.3515 15.3449 14.2936 13.5539 13.5538 13.5539 12.6408 12.6442 12.6483 12.3632 12.3673 12.3513 12.3363 11.269 11.2509 11.0955 11.0735 11.3847 11.3658 11.9618 11.9484 12.1406 11.6633 11.6781 12.1436 12.089 12.1688 13.853 13.8919 15.0108 15.073 16.2593 16.707 16.7635 17.5724 17.5602 17.9775 20.7197 16.6587 15.2166 14.7529 13.0353 11.2437 11.2055 9.4133 2.7931 1.754 1.6737 1.5875 1.8556 2.3045 3.1119 3.8998 5.1585 6.0304 6.7609 7.0106 6.9774 7.2881 7.4487 7.2614 8.1235 10.0093 11.2237
10.2146 13.1032 14.7146 15.3598 15.3542 15.3483 14.2961 13.5562 13.5562 13.5563 12.6419 12.645 12.6485 12.3626 12.3661 12.3504 11.4462 11.2663 11.2507 11.0978 11.0794 11.3942 11.379 11.9822 11.9717 12.1667 11.6805 11.6907 11.7057 12.1784 12.1354 13.8557 13.8827 15.0173 15.5716 16.4343 16.4907 16.6921 17.4897 17.4229 16.932 15.9166 18.2084 19.1324 16.2414 14.7146 14.5248 13.6346 13.4347 13.425 4.4849 2.0704 2.4947 2.9197 2.5149 2.093 2.9182 3.7688 4.8616 5.1667 6.8227 6.4301 6.6868 6.7947 7.2983 7.4937 8.0252 8.9644 10.8634
13.103 14.7154 15.3618 15.3568 14.3011 14.2985 13.5583 13.5583 13.5584 12.643 12.6457 12.6487 12.3621 12.3652 12.3498 11.4428 11.2643 11.2508 11.235 11.0843 11.4021 11.3896 11.9986 11.9901 11.7237 11.6949 11.7022 11.7128 12.1851 12.1176 12.5461 14.2259 15.0201 15.5776 16.4373 16.4724 17.5589 17.7004 17.506 17.8686 17.5041 17.2971 17.2452 18.5646 18.1172 15.367 14.5182 14.2191 14.3472 14.3431 12.3728 6.5456 3.4047 3.0475 2.8863 2.7683 2.2122 3.2255 3.194 4.8099 5.0582 5.4655 6.0754 6.2668 6.3755 7.4248 8.0286 8.2769 8.4016
14.7163 15.3637 15.3591 14.3029 14.3006 13.5602 13.5602 13.5603 12.6439 12.6463 12.649 12.3618 12.3645 12.3494 11.4402 11.263 11.2511 11.2374 11.0884 11.4088 11.3983 12.0121 12.0051 11.7375 12.2011 11.7125 11.7203 11.36 12.1087 12.5169 14.1112 15.0301 15.0592 16.4393 16.8812 17.7476 17.7227 18.2356 18.1227 17.7432 17.6636 17.6576 17.6821 18.1111 19.1731 18.1322 14.6585 14.6464 14.3082 14.3748 14.4093 9.5315 5.4366 3.8502 3.2554 2.4557 2.7431 2.7387 3.0626 3.8378 4.1895 4.3758 4.1062 5.3869 5.9835 6.3504 7.3393 7.7453 7.4571
15.3656 15.3613 14.3047 13.562 13.5619 13.5619 12.6427 12.6446 12.6468 12.3594 12.3615 12.3639 12.3491 11.4382 11.4262 11.2516 11.2396 11.0919 11.0788 11.4055 12.0233 12.0175 12.0116 11.7492 11.7215 11.7274 11.3588 12.105 12.1483 12.7519 15.0362 15.0596 16.441 16.8828 17.7613 17.7435 18.3146 18.2495 17.8961 17.8463 17.7226 17.829 18.3331 18.3204 18.7617 19.2775 18.0991 15.1826 14.6537 14.6065 14.8604 12.2483 9.3904 7.4099 4.4241 3.4059 3.085 2.7746 2.9832 2.3246 2.5518 1.8973 2.4377 3.2466 5.149 5.9649 6.5138 7.0153 7.2742
14.3081 14.3063 13.5635 13.5634 13.5634 12.6436 12.6453 12.6473 12.3594 12.3613 12.3634 12.3488 11.4367 11.426 11.2521 11.2416 11.0949 11.0836 11.4117 11.4032 12.0279 12.0229 11.7588 11.7295 11.7341 11.3593 11.3808 12.6634 12.7411 15.04 15.0591 16.634 17.7842 17.774 17.7608 17.9157 18.0101 17.9772 17.944 17.8196 17.8762 17.8196 18.4692 18.6603 19.1165 19.2613 19.1799 17.726 14.9514 14.6642 14.8946 13.3582 11.024 9.121 6.7413 4.7554 3.6125 3.2844 3.3982 2.3002 1.6209 1.9597 1.5911 2.3669 3.4542 4.9402 5.6063 6.2824 6.3083
14.3078 13.5648 13.5648 13.5648 12.6444 12.646 12.6477 12.3595 12.3612 11.8388 12.3487 11.4355 11.4258 11.2526 11.2433 11.0975 11.0876 11.417 11.4096 12.0368 12.0325 11.767 11.7366 11.7402 11.3608 11.3783 12.4006 12.7335 15.0423 15.9075 16.6368 17.7932 17.785 17.9655 17.9384 18.0511 18.0281 18.0046 17.8809 17.9135 17.8211 18.5177 18.6167 19.0528 19.1214 19.4481 19.3467 18.9853 17.7781 17.3884 14.6578 14.3586 12.4485 11.0888 8.9671 6.617 5.2775 4.4764 3.1272 3.2162 2.9052 2.463 2.3272 1.6958 2.504 3.4549 4.5852 5.1892 5.2012
13.5661 13.566 13.566 12.6451 12.6465 12.6481 12.3595 12.3611 11.8384 11.2838 11.4346 11.4259 11.2532 11.2449 11.0997 11.091 11.4215 11.4151 12.0445 12.0408 11.7741 11.7747 11.7458 11.3628 11.3773 12.4064 12.7281 13.6791 16.6316 16.6391 17.8011 17.7945 17.9775 17.9563 18.0805 18.0635 18.0459 17.9221 17.7682 17.8269 18.5465 18.6019 18.9775 19.0512 19.5124 19.3223 19.3492 19.4938 19.3121 18.206 16.6674 14.5162 13.8423 11.6517 11.016 8.9123 6.7796 5.5877 4.7203 3.531 3.5472 4.2767 4.2002 2.1953 1.7819 2.4303 3.3938 4.3292 4.749
13.5672 12.6445 12.6457 12.647 12.3583 12.3596 12.361 11.838 11.2826 11.4338 11.4259 11.2538 11.2463 11.238 11.094 11.0855 11.4199 12.0512 12.0479 11.7804 11.7808 11.7509 11.754 11.9043 12.4112 12.7243 13.6637 16.6346 16.6409 17.808 18.0025 17.9877 17.9706 18.1027 18.0896 18.076 17.9515 17.793 17.834 17.8914 18.5998 18.984 19.0253 19.544 19.3138 19.3311 19.5621 19.5458 19.4841 19.1241 17.9947 16.4185 14.6159 12.8316 11.2236 9.8974 8.366 5.8961 5.4118 4.9962 5.0491 4.8824 5.0118 3.9289 2.5552 2.2503 2.4992 2.9602 3.3786
12.6451 12.6462 12.6475 12.3585 12.3596 12.3609 11.8377 11.2816 11.4333 11.4261 11.2544 11.2476 11.2402 11.0966 11.089 11.4241 12.0571 12.0542 11.7859 11.7862 11.7555 11.7581 11.9121 12.4153 12.7215 13.7409 16.6369 17.8181 17.8141 18.0089 17.9966 17.9825 18.1202 18.1098 17.9674 17.8262 17.8109 17.8409 17.8817 18.602 18.4903 19.0152 19.5588 19.3077 19.317 19.5938 19.5243 19.7065 19.9836 19.8981 18.7651 18.115 16.777 14.9692 11.8366 10.6627 9.32 8.0089 5.7491 5.2774 5.6672 4.739 4.5415 5.4168 4.4644 2.7933 2.7207 2.8089 3.2729
12.6467 12.6479 12.3586 12.3597 12.3609 11.8375 11.2807 11.4329 11.4263 11.2549 11.2488 11.2421 11.0989 11.0921 11.4278 12.0624 12.0598 11.7908 11.791 11.7597 11.7618 11.9186 11.9486 12.7194 13.7376 15.3747 17.8228 18.024 18.0148 18.0043 18.1424 18.1343 18.1258 17.8362 17.8427 17.8243 17.8472 17.7942 18.6053 18.4814 19.0109 19.5663 19.3035 19.3089 19.6049 19.4453 19.6823 19.7777 19.862 19.8825 20.0697 18.5267 17.7921 16.9336 15.608 12.0244 10.2511 9.2796 7.8073 6.0819 6.0703 5.8681 4.5913 5.5956 6.1785 5.1169 2.724 3.4152 3.2143
12.6483 12.3588 12.3598 12.3608 11.8373 11.28 11.4325 11.4265 11.4199 11.2498 11.2438 11.1009 11.0948 11.4311 12.0671 12.0647 12.0624 11.7953 11.7958 11.8994 11.9241 11.95 13.1744 14.1032 15.3621 17.8271 18.0281 18.0201 18.0111 18.1527 18.1459 18.1389 17.8499 17.821 17.8347 17.8526 17.7931 17.8278 18.4769 19.0091 19.1832 19.3006 19.5906 19.6077 19.4281 19.6675 19.7199 19.6404 19.6825 19.6194 19.2593 19.3252 17.8615 16.577 16.2329 14.7857 11.5588 10.3238 8.7601 6.7978 6.582 7.3165 6.3229 4.6388 6.0083 7.198 6.9928 6.8748 5.1031
12.3589 12.3598 11.957 11.8371 11.2794 11.4323 11.4267 11.4207 11.2508 11.2453 11.1027 11.0971 11.434 11.4302 12.0692 12.0671 11.7992 11.7996 11.9066 11.9288 11.9513 13.1785 13.2237 15.3523 17.2143 18.0319 18.0248 18.017 18.1614 18.1557 17.8577 17.8609 17.8316 17.8429 17.8574 17.793 17.8201 18.4746 19.0084 19.1803 19.2984 19.595 19.6078 19.7735 19.6563 19.6892 19.9188 19.6039 19.5055 19.0449 18.9006 18.5174 17.7535 16.7587 16.2583 15.9372 13.279 11.2478 10.6784 8.4049 7.9307 7.6454 7.3163 6.6287 5.8913 7.5313 8.6029 9.0538 8.4285
12.3599 11.9568 11.8369 11.2789 11.2742 11.427 11.4214 11.2517 11.2467 11.1043 11.0993 11.0939 11.4332 12.0732 12.0713 11.8027 11.803 11.9128 11.9329 11.9524 13.1818 13.2222 15.3446 17.2164 18.0354 18.0292 18.0223 18.1689 18.164 17.867 17.8698 17.8401 17.8496 17.8615 17.7936 17.8152 18.4735 19.0082 19.1785 19.2968 19.5971 19.6069 19.7715 19.6477 19.8994 19.8991 19.5648 19.4271 19.2809 18.6431 18.4915 17.7501 17.6118 16.8461 16.3871 16.6663 14.6255 14.0555 12.5785 10.3761 9.0707 8.3649 8.2464 7.6786 7.046 7.3713 9.4765 9.7029 9.9219
11.9566 10.8896 11.2785 11.2741 11.4272 11.4221 11.2526 11.2479 11.1057 11.1012 11.0962 11.4359 12.0768 12.0751 11.806 11.8062 11.9181 11.9364 11.957 12.7176 13.2209 15.3384 15.5941 18.0386 18.0331 18.1795 18.1755 17.8728 17.8746 17.8771 17.8471 17.8552 17.7796 17.7944 17.8121 18.4719 18.488 19.1774 19.8 19.8106 19.6058 19.7694 19.6409 19.8888 19.8878 19.4166 19.3874 19.3374 18.5268 18.4191 18.0543 17.4593 16.8881 16.5509 16.2537 15.428 14.7435 14.4122 13.2783 10.688 10.2496 9.9545 9.2603 8.4619 7.9261 7.3367 8.1489 10.0494 9.6552
10.8891 11.2782 11.2741 11.4275 11.4227 11.2534 11.2491 11.2444 11.1029 11.0984 11.4383 12.0801 12.0785 11.8089 11.9406 11.955 11.9394 12.6822 12.7186 13.2197 15.5433 15.5864 18.0416 18.0367 18.1848 18.1812 17.8794 17.881 17.8472 17.8529 17.8599 17.7829 17.7953 17.81 18.4721 18.4853 19.1767 19.8022 19.8108 19.6046 19.7674 19.8149 19.8816 19.8804 19.3889 19.3659 19.0028 18.9078 18.3915 18.0803 17.453 17.3503 16.7778 16.5087 15.9687 15.276 14.8132 14.5574 13.8134 12.2885 11.2008 10.2065 10.0203 8.6497 8.5739 7.5193 7.4563 8.3335 7.4196
