normal_rasters/0772100000293566.ascii
ncols 54 
nrows 40 
xllcorner 158648.589001
yllcorner 383597.640999
cellsize 0.25
nodata_value -9999 
35.6511 34.854 34.1595 34.1365 34.1065 34.0687 34.0232 33.9705 33.9125 33.485 33.4371 31.4776 31.4143 29.6377 29.4989 26.7718 23.212 19.9565 16.9318 13.914 11.9565 10.4872 8.28 8.196 6.3961 5.2985 4.658 4.6328 5.1937 7.4626 9.3142 9.5293 10.4972 10.6291 14.7886 14.9364 20.0563 22.9595 23.2931 27.055 27.2733 30.5121 30.6279 30.7461 30.8563 30.9507 31.0251 31.0792 32.6239 32.6695 33.3668 34.3903 34.4008 34.4094 
35.6636 35.6575 34.8669 34.1749 34.1441 34.1033 34.0518 33.99 33.9201 33.8457 33.4235 31.498 31.4215 29.6599 29.4898 26.7502 20.1789 19.952 16.9365 13.9475 11.9692 10.4925 8.2974 8.1939 6.3933 5.2955 4.6468 4.6172 5.1638 7.4254 8.4596 9.5219 10.5164 10.6813 14.7458 14.9303 17.9806 22.9298 23.348 27.0171 27.2828 30.469 30.6187 30.7717 30.9111 31.0246 31.1079 31.1628 32.6868 33.3808 34.3864 34.3999 34.4109 34.4195 
35.6778 35.6729 35.6654 34.8826 34.1922 34.1492 34.0915 34.0188 33.9335 33.8405 33.4068 31.526 31.4322 29.6877 29.4746 26.7184 20.2303 19.9476 16.9455 13.9962 11.9895 10.5013 8.3235 8.1933 6.3908 5.2906 4.629 4.5945 4.6275 7.3721 8.1106 9.5089 10.5422 11.4344 14.6876 14.9234 17.9149 22.8858 23.421 26.9635 28.7929 30.4075 30.608 30.8133 30.9935 31.13 31.2197 32.7055 33.3973 33.4137 34.3981 34.4124 34.4234 34.4317 
35.6939 35.6908 35.685 34.9231 34.902 34.2105 34.1474 34.0622 33.9565 33.8376 33.3859 31.5653 31.4485 29.7232 29.4493 26.6704 20.304 19.9438 16.9614 14.4989 12.0227 10.5164 8.3636 8.196 6.3897 5.1212 4.6 4.5604 4.6295 7.2931 7.4779 9.4868 10.578 12.0522 13.3796 14.9154 16.0553 21.4042 23.5181 26.3055 28.7203 30.3153 30.596 30.8841 31.1227 31.2836 32.7252 33.4169 33.4395 34.3945 34.4139 34.4285 34.4389 34.4462 
36.1104 35.711 35.708 35.7012 34.9564 34.293 34.2273 34.1287 33.9966 33.84 33.3593 31.6219 31.4739 29.7696 29.4058 26.5965 20.413 19.9424 16.9889 14.5436 12.0782 11.8198 10.302 8.2055 6.3924 5.1202 4.5499 4.5078 4.6333 7.1705 7.4223 10.206 10.6288 12.0786 13.3689 14.906 16.3489 21.2891 23.6426 26.3278 28.605 29.6458 30.5842 31.0126 31.3346 31.511 33.4414 33.4728 34.3873 34.4151 34.4352 34.4489 34.4578 34.4633 
36.1131 36.1184 35.7342 35.7318 35.7241 35.0028 34.3424 34.2332 34.0673 33.8549 33.3249 31.705 31.5151 30.5715 29.3282 26.4803 20.579 19.9474 17.0354 14.6133 12.1736 11.8136 10.2516 8.2288 6.4062 5.3452 4.458 3.5143 4.6412 6.9717 7.3247 9.1166 10.7011 12.1123 13.3621 14.8933 16.4289 20.6418 25.05 25.6084 28.4236 29.4622 30.578 31.2646 31.6968 32.3565 33.5191 34.3727 34.4153 34.4446 34.4633 34.4744 34.4803 34.4829 
36.1154 36.1216 36.1291 35.767 35.767 35.7589 35.0712 34.4004 34.1966 33.8985 33.2809 32.3119 31.5841 30.568 28.4532 26.2966 22.1873 19.9692 17.9686 14.7251 12.3423 11.8209 10.1839 8.2789 5.7952 5.287 4.6224 3.4885 4.6577 6.6388 7.1415 9.0953 10.7981 12.1457 13.3806 15.7547 16.5813 18.9832 24.8268 25.776 27.8822 29.1193 30.598 31.7968 32.544 33.5976 34.3406 34.4123 34.4592 34.4861 34.4998 34.5054 35.183 35.1945 
36.1168 36.1239 36.1329 36.1441 36.1583 35.8233 35.8181 35.1781 34.4417 34.0123 33.2298 32.4651 31.6993 30.5441 28.2718 24.6915 22.4103 20.0347 17.9065 15.6858 13.2067 11.8544 10.1162 8.3673 6.1087 5.1395 4.2298 3.3737 4.0304 5.8595 6.7992 9.0708 11.0429 12.107 13.5261 14.6246 17.5117 19.3904 24.2565 25.8897 27.8216 28.5621 30.6987 33.0008 33.4715 33.7411 34.4001 34.4857 34.5267 34.5422 35.186 35.2027 35.213 35.2194 
36.117 36.1248 36.1348 36.1481 36.1664 36.1924 35.9256 35.9375 35.3404 34.3023 33.2025 32.4413 32.1456 30.0479 27.8435 24.8702 23.151 20.1951 17.9352 15.635 13.5189 11.8699 9.7603 8.554 6.8306 4.6871 3.1545 3.0107 3.9757 5.3873 6.2412 8.9672 10.8996 11.8717 13.8928 14.8539 17.7005 20.4239 22.7738 25.3823 27.7379 28.5199 31.0305 33.5868 33.9508 34.3637 34.551 34.6148 34.6228 35.2289 35.2396 35.2444 35.2462 35.2464 
36.1159 36.1238 36.134 36.1481 36.1686 36.2012 36.2589 36.1565 36.0421 35.3449 33.1958 32.6024 31.8665 29.8932 26.545 25.1782 23.2558 20.2289 18.3708 15.2963 14.2117 11.8843 10.6341 8.6028 7.6258 4.1111 1.7031 1.8681 3.5462 5.0417 7.3461 8.6624 9.8497 12.2989 13.3731 16.0515 17.2311 19.7865 22.8987 24.8334 27.1898 29.4907 30.4344 33.4378 34.2236 34.818 34.8721 35.3379 35.3221 35.3085 35.2973 35.2881 35.2804 35.2739 
36.1135 36.1208 36.1303 36.1433 36.1622 36.1927 36.2523 36.4123 36.9149 35.8393 33.9564 33.1635 31.7302 29.556 26.8066 25.0495 23.6238 20.7486 18.395 15.4693 13.9828 12.2543 10.5893 8.7868 7.1376 5.2477 2.5439 0.9641 2.0117 5.2861 6.7589 8.7184 10.1459 12.0322 14.0437 15.495 17.8199 19.5803 22.3493 24.7997 26.6125 28.4482 31.3019 32.103 35.09 35.8617 35.4294 35.5064 35.429 35.3824 35.3514 35.7496 35.7452 35.7417 
36.1454 36.1518 36.1604 36.1346 36.149 36.1699 36.2006 36.2409 36.1535 35.5121 34.7814 33.1278 31.652 29.6814 27.3687 24.8929 23.7105 20.7433 18.0717 16.4067 13.8674 12.5995 10.4709 8.8105 7.3371 4.5625 3.0408 0.9336 2.687 4.164 6.5872 8.508 10.521 11.8719 13.5851 15.7979 17.8479 19.6278 21.7382 24.5105 26.6563 28.4105 30.4917 33.0301 35.7029 35.5907 35.2851 35.5728 35.5268 35.6341 35.6094 36.0938 36.0959 36.0973 
36.1338 36.1372 36.1416 36.1475 36.1557 36.1687 36.1943 36.2349 36.1143 35.2498 34.6788 33.6212 30.7707 29.9944 27.8574 25.9069 23.1255 21.8841 18.0054 16.1925 14.884 11.9327 10.5999 9.1848 7.1159 5.178 2.0915 0.895 2.8628 4.2235 5.9064 8.2705 9.8687 12.2346 13.3785 15.2919 17.5767 20.0987 22.1633 24.4807 26.7097 28.8829 30.0757 32.7251 35.7649 35.6781 35.6558 35.641 35.6221 36.0957 36.099 36.1007 36.1015 36.1019 
36.1957 36.1935 36.1902 36.1853 36.1778 36.1676 36.0274 36.1266 35.99 35.5214 34.7141 33.3955 32.0989 29.3393 27.6427 26.8664 23.0559 21.805 19.4143 16.2326 14.2525 13.0088 10.4628 9.2849 6.5488 5.0541 1.89 1.7296 3.2458 4.5364 5.7565 8.2282 9.8559 11.3851 14.0144 15.2735 17.128 19.3717 22.0055 23.5691 26.0223 28.3346 30.315 31.9709 34.0893 35.1702 35.2193 35.6463 36.1118 36.1111 36.11 36.1137 36.1123 36.1112 
36.0767 36.0765 36.0759 36.0745 36.0714 35.9974 35.9977 35.9371 35.7432 35.5617 35.0038 33.386 32.143 29.6282 28.134 25.5115 24.5069 21.2848 19.4819 17.3035 14.2312 12.8332 11.1928 8.8644 7.1463 4.8801 2.6201 2.2173 2.4249 4.6349 6.1558 7.5964 10.0092 11.3762 12.8408 15.4944 17.2019 18.7319 21.1014 23.6387 25.1972 27.5581 29.6596 32.3426 34.0765 35.7196 35.44 35.7577 35.728 35.7083 35.694 36.1128 36.0126 36.0085 
36.39 36.3866 36.3814 36.3735 36.0759 36.0684 35.9559 35.9403 35.8522 35.637 35.2846 33.8717 32.0255 30.6684 27.6839 25.6134 24.4429 21.5318 19.4958 17.3575 15.4186 12.5551 11.3997 9.6465 7.7367 4.5497 2.7166 1.6144 3.088 4.578 6.53 7.5281 9.5107 11.6308 12.567 14.5688 16.9497 19.0729 21.1078 22.7827 25.6299 27.1475 29.4336 31.6252 34.7799 35.7722 35.6315 35.7804 35.7347 35.7064 35.6872 36.0132 36.0084 36.0051 
36.4078 36.4093 36.4114 36.3146 36.3183 36.3214 36.3166 36.2182 35.9443 35.7614 34.9769 34.2953 32.3232 30.2784 28.4235 25.7442 23.8574 22.4068 20.2076 16.46 15.5562 13.0938 10.8153 9.6564 8.2087 6.0852 2.2698 0.5374 2.1678 4.8217 6.4125 8.1283 9.2914 10.8894 13.5423 14.4443 16.8277 19.2251 21.0527 22.993 24.7034 27.451 29.0721 31.1648 35.6345 35.9411 35.656 35.5302 35.4638 35.4211 35.3907 35.3679 35.3503 35.585 
36.3242 36.3311 36.3407 36.3547 36.376 36.4634 36.4958 36.4657 36.4139 35.7873 34.9905 34.3776 32.1332 30.7146 29.0184 26.2772 22.6318 21.9149 20.2554 17.2169 14.427 13.1126 11.5374 9.5961 8.2892 5.5249 3.98 1.5298 2.9966 4.2843 6.2185 8.1988 9.5047 11.1887 12.8852 15.2502 17.0952 18.3471 21.0023 23.387 25.5766 26.8664 29.2402 31.1289 32.9492 34.7181 35.0596 35.378 35.369 35.5879 35.574 35.5641 35.5567 35.551 
36.4227 36.4296 36.4392 36.4533 36.4752 36.5129 36.6349 36.7483 37.1125 36.1492 35.1712 34.0903 32.8864 31.4485 28.6019 27.3893 24.2871 20.9541 19.1967 17.8514 14.6013 13.542 11.7325 10.3181 7.8159 6.1533 2.927 1.3138 2.8728 4.8772 5.9529 8.0233 9.5191 10.9074 12.9582 14.8545 17.0093 19.0953 20.4213 22.2419 25.3059 27.2653 28.69 30.7247 32.652 35.2613 34.9961 34.8562 34.8088 34.7811 34.7348 34.7116 34.6944 35.5154 
36.5139 36.5199 36.528 36.5394 36.5561 36.5818 36.6059 36.6403 36.5435 36.3896 35.4918 33.7592 32.7967 31.2642 29.3023 26.3331 25.5034 22.2421 18.7655 16.7648 15.5738 13.227 11.8433 10.1287 7.9076 6.1818 2.8612 1.602 2.0629 4.6057 6.1102 7.7771 9.3656 11.2347 12.723 14.452 16.648 18.4344 20.6568 22.441 24.4474 27.3046 29.1023 30.7429 33.2864 34.252 33.9217 34.1047 34.0259 33.9074 33.8549 33.8201 33.796 33.7787 
36.5167 36.5228 36.5306 36.5408 36.5216 36.5289 36.5294 36.5067 36.4277 36.2941 35.6398 34.1489 32.6096 30.7184 29.9756 25.8769 24.7047 23.3549 19.4564 16.4821 15.4464 13.4518 11.2665 9.9009 8.7135 5.5555 4.1493 2.6075 2.2175 3.7718 6.3159 7.8276 9.5165 10.6642 12.7084 14.6915 15.9669 18.2697 21.1111 22.4717 24.2363 26.3152 29.3024 30.64 31.8114 32.6015 33.0156 32.9936 32.9205 32.8628 32.8223 32.7939 32.7732 32.8083 
36.5905 36.592 36.5935 36.5946 36.5945 36.4858 36.4547 36.2643 36.1114 35.9472 35.2091 34.3984 32.0926 31.184 28.6459 26.6798 24.5645 22.1458 20.9138 17.044 15.1011 13.664 12.1053 9.6909 8.8413 5.9761 3.551 1.8754 2.4389 4.0212 5.5921 7.5485 9.4119 11.4617 12.2812 14.5799 16.6463 18.0151 21.0545 22.6897 24.4677 26.6401 28.0847 30.2511 31.1816 31.562 32.2961 32.482 32.5822 32.6343 32.7106 32.7167 32.7198 32.7213 
36.5848 36.583 36.5799 36.5747 36.5663 36.5531 36.3069 36.0867 36.0425 35.5058 34.8801 34.2521 32.9804 30.5937 28.6978 27.3764 24.8857 22.562 20.2384 18.225 15.063 13.0817 12.1802 10.2838 8.1201 6.7351 3.6787 0.8598 1.2475 3.6053 5.6815 7.248 9.1127 10.7178 13.1343 14.3346 16.5067 18.064 20.175 22.8213 24.3489 26.7183 28.7316 29.548 30.7768 31.1606 31.2497 31.3425 31.3409 31.34 31.3393 32.1971 32.2225 32.2401 
36.2918 36.2924 36.2933 36.2945 36.2963 36.2991 36.3038 36.3114 36.1921 35.9833 35.2623 33.8864 33.3808 31.9148 28.5319 27.1255 25.2084 23.5761 19.4276 18.4664 15.3307 13.3522 11.4383 10.2806 8.0669 6.9586 4.2148 2.1469 2.1452 3.2934 5.0456 7.5079 9.2525 10.8306 12.6858 14.7248 15.9972 18.5466 20.0182 22.2327 25.0304 26.0383 28.0752 30.0423 30.6727 31.3863 31.2053 31.1774 31.1488 31.2252 31.218 31.213 31.2095 31.2068 
36.705 36.698 36.6875 36.6716 36.6468 36.6079 36.548 36.1618 36.2269 36.3132 35.998 34.5508 32.5382 31.2261 29.8356 26.1671 24.7668 22.4894 20.2516 17.4937 16.1478 13.903 11.612 10.4941 8.6668 6.0608 4.6236 2.9817 1.456 3.5011 4.9675 7.5056 8.798 11.1548 12.3383 14.1589 16.0683 18.3147 20.2681 21.8701 24.1294 26.7987 27.9784 29.7833 30.797 31.2295 31.2172 31.1928 31.1746 31.1621 31.2598 31.2942 31.2954 31.2962 
36.7262 36.7241 36.7202 36.713 36.6996 36.6736 36.6213 36.5174 36.1434 36.1571 35.4253 35.2546 33.1765 30.6957 29.0319 27.2212 24.5718 22.2752 20.639 17.478 16.334 14.4855 12.5333 10.2326 8.918 6.7098 3.7248 1.9858 1.2479 4.2531 5.4722 7.1717 9.0375 10.496 12.4754 13.6907 15.9978 18.7785 20.4268 21.9213 24.095 26.8232 28.3106 29.8662 30.9083 31.1964 31.236 31.2399 31.2526 31.2536 31.2937 31.3346 31.3357 31.3363 
36.7491 36.753 36.7577 36.7635 36.7703 36.7771 36.7774 36.6558 36.4126 36.1095 35.4593 34.9919 34.2456 31.9341 29.0585 27.2453 24.589 22.908 20.1982 18.4596 15.5872 13.9781 13.0748 9.7107 8.4433 7.1764 4.4919 1.1115 0.7599 2.8521 5.6217 6.6815 8.9861 10.1754 12.4081 14.2994 15.4104 17.999 20.2429 22.7765 24.0722 25.8676 28.8954 29.9301 30.9644 31.0997 31.1943 31.2047 31.2681 31.2723 31.2738 31.3375 31.3379 31.338 
37.0183 37.0234 37.0304 37.0405 37.0567 37.0749 37.0207 37.2012 37.8146 37.0819 35.5358 35.0318 33.4765 32.5917 28.9295 27.0845 24.4251 22.6089 20.5546 17.7757 15.3932 14.2264 12.8161 10.943 8.3555 6.7678 5.019 2.1745 1.5937 2.9716 4.8123 7.2572 8.3033 10.6886 11.8554 13.5772 16.5576 17.9271 20.2499 21.9287 24.7946 25.9453 27.8055 30.0799 30.9418 31.1349 31.1961 31.2088 31.2756 31.2723 31.2693 31.3039 31.3025 31.3014 
37.2447 37.2529 37.2645 37.2818 37.3092 37.3563 37.4465 37.6333 37.8799 37.1945 36.2472 35.8543 33.7743 31.9684 29.6961 27.3671 25.0686 22.7411 20.0918 18.1669 16.152 14.2358 11.9576 11.1183 8.8909 6.7333 4.1371 2.8791 2.4351 2.9725 4.7018 6.618 8.8171 9.767 12.4121 13.6316 15.5948 18.214 20.2154 22.0936 23.8193 26.2945 28.2171 29.6851 31.0055 31.2549 31.322 31.287 31.2621 31.2873 31.2798 31.2747 31.3065 31.3048 
37.4299 37.4386 37.4504 37.4669 37.4905 37.5396 37.5609 37.575 37.5358 37.3994 36.3962 34.6433 33.8602 31.1407 29.8565 27.2601 24.9355 22.6139 19.9764 17.2944 16.499 14.5955 12.5485 10.3512 9.1819 7.4282 3.8339 2.4545 1.0208 2.44 5.264 6.5524 8.5501 10.1703 12.0471 13.5344 15.4209 17.7591 19.8918 22.1841 23.7416 26.3048 28.5823 30.0785 30.6549 31.3384 31.3686 31.282 31.2755 31.2563 31.2442 31.2358 31.2297 31.2716 
37.4329 37.4412 37.4517 37.4804 37.4839 37.4844 37.4779 37.4625 37.3 37.5449 35.8366 34.8885 33.3766 30.9138 29.5591 27.3308 25.2178 22.8254 20.3642 17.4104 15.7774 14.2217 13.3415 10.2911 9.2534 8.0532 4.416 2.295 0.7726 2.6122 4.6737 6.7228 8.6695 10.0953 11.3631 13.7391 15.3179 17.7305 19.5949 21.7287 24.1306 25.7505 27.5726 29.5784 31.0208 31.1993 31.2636 31.2494 31.2278 31.2108 31.1982 31.1886 31.2322 31.2273 
37.4335 37.4569 37.4574 37.4693 37.4592 37.4404 37.4081 37.017 37.0761 36.9745 36.291 35.0886 33.3017 31.5181 29.4375 26.8213 25.5655 23.0709 20.099 18.7303 15.3023 14.5051 13.049 11.0835 8.8859 7.9748 4.3648 2.6678 1.945 3.0891 3.9818 6.8269 8.16 10.216 11.0161 13.0233 15.1075 17.5006 19.8002 22.1146 23.5555 24.8667 27.6031 29.006 30.9156 31.0606 31.2127 31.2143 31.2078 31.1989 31.1906 31.1834 31.1774 31.1724 
37.4544 37.4494 37.4415 37.4291 37.4099 37.3805 36.9045 36.9129 36.5931 36.49 36.1566 35.01 33.57 31.3712 28.9339 26.9459 25.6867 23.5308 21.4462 18.2167 15.3173 14.254 13.4301 11.8381 9.2493 7.5624 4.6906 2.3584 2.1897 2.9875 3.9916 6.8286 8.3203 10.1749 11.3357 12.749 14.882 17.6592 20.0073 22.3651 23.0167 25.4657 27.7694 28.692 30.7883 30.9042 30.9382 31.1884 31.189 31.186 31.1817 31.1771 31.1728 31.1689 
37.4341 37.4257 37.4137 37.3967 37.3726 36.8519 36.8504 36.4046 36.3697 36.2404 35.9843 34.5165 33.651 30.6915 28.8741 27.1749 25.5662 23.9141 22.0817 18.0151 15.4401 14.67 13.1411 11.9078 8.8998 7.4721 4.6565 3.5705 2.2045 3.0964 3.848 6.8893 8.3215 10.2045 10.6743 13.5904 14.1859 16.4721 19.1143 22.4289 22.8506 25.5706 26.3895 28.49 29.9725 30.8166 30.8613 30.8791 31.1737 31.1742 31.1727 31.1704 31.1677 31.1649 
37.4165 37.4057 37.3913 36.8225 36.8229 36.8196 36.3018 36.2845 36.2285 36.1144 35.9359 34.3616 32.6225 30.4125 29.6739 27.5965 25.3777 24.0065 22.2619 19.4343 16.481 14.8537 13.0066 11.9452 9.7083 7.9901 4.5839 3.645 2.1868 3.144 3.725 6.9594 8.2821 10.2637 10.5915 13.692 15.7067 16.3349 19.0259 21.4826 22.7415 25.8482 26.3733 28.3743 29.8427 30.7667 30.8078 30.8308 30.8408 31.1641 31.1646 31.1639 31.1625 31.1608 
37.4017 37.3896 36.8059 36.805 36.8016 36.2393 36.2287 36.1994 36.1422 36.0508 35.9281 34.2751 32.4265 31.9084 29.8073 27.7006 25.5613 24.4557 22.3263 19.5953 16.6268 14.9666 12.2669 11.9613 9.7776 8.0873 3.9154 3.67 2.1671 3.1567 5.082 7.0067 8.2553 10.3134 10.5456 13.7624 15.7811 16.2422 18.9738 21.41 22.6711 25.98 26.3673 28.3072 28.5519 30.7363 30.7711 30.7943 30.8076 30.8136 31.1576 31.1579 31.1576 31.1567 
37.3897 36.7943 36.793 36.1982 36.1978 36.1906 36.173 36.1406 36.0894 36.018 34.9683 34.223 32.2983 31.9239 29.8874 27.7604 25.5646 22.8834 22.3449 19.6964 16.7131 14.0495 13.7089 11.9671 10.5365 7.3499 3.8479 3.6747 3.5224 3.1549 5.0198 7.0364 8.2416 10.3506 10.5207 11.8581 15.8369 16.1822 18.9408 21.3609 22.6247 26.0746 26.3669 26.966 28.4491 29.8272 30.7456 30.7669 30.7811 30.7894 30.7932 31.1527 31.1531 31.1529 
36.7859 36.7846 36.1694 36.1684 36.1632 36.1516 36.1314 36.1002 36.0564 36.0006 34.3328 34.1892 32.2154 31.9379 29.9378 27.7982 25.5712 22.7577 22.3459 19.7558 16.7663 14.0219 13.749 10.933 10.5779 8.2236 3.799 3.6711 4.445 3.1477 5.0364 7.0553 8.2359 10.3783 10.5071 11.822 15.8783 16.1434 18.9185 21.3265 21.5389 26.143 26.6399 26.8967 28.3814 29.7759 30.7274 30.7463 30.7602 30.7694 30.7749 30.7775 31.1491 31.1494 
36.7782 36.1477 36.1466 36.1426 36.1345 36.121 36.1005 36.0721 36.0352 35.991 34.2767 34.1658 32.1608 31.9493 29.9712 28.2511 25.5771 22.6629 22.3404 19.5368 16.8004 14.0001 13.7794 10.8833 10.6043 8.2816 5.9811 3.6644 4.4783 3.1387 5.0451 6.7844 8.2347 8.8961 10.4996 11.7994 15.9094 16.1178 18.9026 21.0357 24.1094 24.3598 26.6472 26.8504 27.0414 28.9211 29.7999 30.7307 30.7436 30.753 30.7593 30.7631 30.7649 31.1462 
36.131 36.1299 36.1267 36.1207 36.1111 36.097 36.0775 36.0523 36.0213 35.9858 34.2368 34.1489 32.1236 31.9582 29.9945 28.2896 25.5818 22.5908 22.3327 19.5448 16.823 13.9831 13.8023 10.8462 10.622 8.4897 6.0062 3.6567 4.4996 4.4882 5.0492 6.7748 8.2359 8.8786 10.4955 13.005 15.9332 16.1006 17.9316 21.0055 24.1469 24.3558 26.6544 26.8186 26.9749 28.8714 29.7649 30.7185 30.7304 30.7395 30.7461 30.7506 30.7534 30.7547 