normal_rasters/0772100000296471.ascii
ncols 115 
nrows 99 
xllcorner 159510.528015
yllcorner 383964.716003
cellsize 0.25
nodata_value -9999 
[rows 31 to 61 of 99, columns 0 to 70 of 115]
7.6962 7.7029 7.9697 7.9631 7.953 7.9372 7.9162 7.9203 7.7533 7.5565 7.2089 6.7122 6.4597 6.2227 6.5275 6.4939 6.6315 7.0748 7.1196 7.5634 7.4203 7.4722 7.3796 7.3415 7.2222 7.2358 7.2598 7.3142 7.4969 6.5516 6.3661 6.4266 5.9911 5.5576 4.9615 4.8963 4.2416 3.7133 3.5627 3.5888 3.1595 2.7359 2.5803 2.6172 1.9564 1.8646 1.949 1.933 1.9367 1.9097 2.2765 2.4263 2.33 2.5001 2.9042 3.0414 3.0905 3.0209 2.8953 2.6561 2.5224 2.1771 1.9277 1.8124 1.5364 1.1984 1.0464 1.0211 1.0323 1.0667 1.0174
7.6395 7.6307 7.617 7.5947 7.4372 7.3858 7.0532 6.9045 7.0041 6.9789 6.6969 6.2604 5.7921 5.7166 5.6772 5.7807 5.6704 5.5641 5.2757 6.0415 6.4376 6.4881 6.2172 6.4806 6.7308 6.1412 6.6933 6.5576 6.0799 6.1139 5.8066 5.4974 5.2154 4.6204 4.5138 3.9219 3.351 3.285 2.7521 2.9665 2.1823 2.0019 1.7562 1.9027 1.6519 1.4371 1.5287 1.7543 1.7318 1.7905 1.731 1.9858 2.1092 2.2715 2.4483 2.8619 3.0408 2.989 2.7236 2.5899 2.3193 2.0911 1.8665 1.5781 1.4391 1.2107 1.0167 0.928 0.927 0.9051 0.8029
7.1206 7.1084 7.0889 7.0572 7.0047 6.6945 6.6451 6.5912 6.3646 6.2466 6.1241 5.6537 5.382 5.1743 4.9319 4.9914 4.9523 4.41 4.6618 4.5565 5.3709 5.7641 5.3286 5.5692 5.7303 5.7758 5.6502 5.6145 5.469 5.6124 5.3433 5.0794 4.4911 4.1341 3.8105 3.5563 3.2122 2.7645 2.414 2.1128 1.7867 1.4083 1.3175 1.307 1.3066 1.2486 1.1528 1.2597 1.5161 1.55 1.5946 1.6382 1.8731 2.0302 2.2977 2.5874 2.8784 2.9579 2.7852 2.3896 2.2112 2.0226 1.7297 1.5052 1.2616 1.0903 0.9131 0.7999 0.7754 0.8048 0.7241
6.2401 6.2406 6.2395 6.2357 6.2271 6.2111 6.1827 5.9979 5.9995 5.8544 5.7562 5.4658 5.1613 4.8602 4.6635 4.4352 4.2938 4.2537 4.1783 4.2185 4.4019 4.7891 5.2888 5.187 5.1959 5.2938 5.141 5.0657 4.9637 4.9214 4.5667 4.3643 4.1666 3.5293 3.2967 3.1739 2.8658 2.6259 1.9514 1.5574 1.3969 1.1896 1.0632 0.9565 0.9408 0.8805 0.8882 0.9886 1.1451 1.2128 1.3375 1.4768 1.6217 1.8207 2.0504 2.4511 2.782 2.8304 2.6806 2.4207 2.0172 1.759 1.6073 1.4276 1.1823 0.9331 0.7328 0.6484 0.6257 0.6407 0.5836
6.1797 6.1654 6.1442 6.1125 5.6619 5.7624 5.7272 5.6772 5.6176 5.74 5.7013 5.354 5.3079 4.6591 4.3708 4.2128 3.9462 3.897 3.9481 4.1602 4.3406 4.4485 4.7097 5.0094 4.9859 4.9071 4.6314 4.569 4.5884 4.4287 4.2032 3.9551 3.6977 3.2575 2.9228 2.632 2.4995 2.0424 1.7414 1.407 1.0825 0.9806 0.8339 0.7589 0.6722 0.6977 0.5935 0.7535 0.9591 1.0689 1.0988 1.2398 1.4845 1.7397 1.9676 2.2204 2.5458 2.7403 2.6916 2.3609 1.9415 1.6919 1.4988 1.3267 1.1378 0.89 0.6515 0.4827 0.4776 0.4612 0.4303
7.1121 7.0796 7.032 5.5708 5.5357 5.471 5.1224 5.0623 4.6701 5.1241 5.2834 5.126 4.7744 4.4098 4.227 4.0121 3.8096 3.7382 3.637 4.0228 4.2267 4.5032 4.4311 4.3192 4.4161 4.1799 4.1124 4.0501 4.0567 4.0363 3.9587 3.7099 3.2807 2.9642 2.6527 2.4189 2.116 1.8763 1.5298 1.3049 0.9806 0.7208 0.5796 0.5506 0.469 0.4906 0.5984 0.6904 0.7031 0.8324 1.0569 1.1069 1.3519 1.6029 2.0343 2.196 2.3841 2.608 2.5507 2.2182 2.0658 1.6313 1.486 1.2803 0.9545 0.8394 0.4867 0.1792 0.2757 0.406 0.3587
6.8567 6.539 6.5306 6.5117 6.2844 6.1871 5.9653 5.4896 4.9276 4.8981 4.992 4.8062 4.4169 4.2023 3.9287 3.8159 3.7592 3.6726 3.6967 3.7039 3.7966 4.2085 4.1386 4.0958 3.5199 3.8194 3.9097 3.7219 3.7303 3.733 3.6184 3.3925 3.0215 2.6935 2.4343 2.2425 1.9356 1.5499 1.3016 1.1648 0.8991 0.5983 0.4685 0.2849 0.4252 0.4378 0.5127 0.5949 0.663 0.7941 0.9544 1.0992 1.2809 1.5454 1.8224 2.2682 2.4736 2.5236 2.4286 2.1205 1.8369 1.6729 1.3236 1.1713 0.918 0.6595 0.4141 0.197 0.1938 0.3114 0.299
6.3873 6.4052 6.4286 6.46 6.5031 6.5604 6.5904 6.5074 5.8507 4.9629 4.9848 4.7491 4.2983 3.9385 3.7867 3.3308 3.2007 3.4272 3.3593 3.178 3.5782 3.466 3.105 3.1861 3.303 3.2414 3.3419 3.2258 3.5378 3.5327 3.466 3.153 2.7608 2.51 2.2514 1.8692 1.6942 1.3965 1.2512 0.9904 0.8582 0.5654 0.2541 0.2585 0.3606 0.4298 0.5606 0.6867 0.7919 0.9856 1.0731 1.1685 1.4485 1.5868 1.8835 2.2156 2.4771 2.5314 2.5054 2.2271 1.8207 1.6146 1.2705 1.1162 0.9097 0.5448 0.4107 0.1169 0.2326 0.3698 0.4102
6.4262 6.4562 6.4984 6.5609 6.6605 6.8358 7.1895 8.0217 8.9819 6.2422 5.0008 4.693 3.9258 3.4578 3.4836 3.0676 2.4121 2.2646 2.777 2.7572 2.2098 2.6903 2.7406 2.7735 2.8673 3.0761 3.1261 3.1193 3.1825 3.3466 3.2801 2.9927 2.7087 2.4322 2.0836 1.8719 1.6614 1.4326 1.0848 0.9197 0.8246 0.5876 0.5637 0.4121 0.459 0.5466 0.8091 0.8317 0.9219 1.183 1.1577 1.342 1.5207 1.776 2.0148 2.3144 2.5039 2.6113 2.5506 2.4051 2.0211 1.5458 1.3487 1.1363 0.9281 0.6805 0.5366 0.4538 0.5289 0.4509 0.5616
6.0098 6.0546 6.1181 6.2952 6.4238 6.6371 7.0192 7.792 8.3301 5.8081 4.3705 4.0547 3.7371 3.3072 2.462 2.234 2.118 1.8339 1.5294 2.0703 1.8278 2.1054 2.2832 2.6429 2.6751 2.8582 2.9979 3.0826 3.1174 3.0594 3.0368 2.9011 2.7038 2.2637 2.1547 1.8063 1.6166 1.493 1.0569 0.9983 0.9867 0.8174 0.8883 0.8025 0.7153 0.8661 0.8951 0.9363 1.1778 1.2694 1.3398 1.6121 1.7265 2.0435 2.1762 2.5349 2.5746 2.7077 2.6332 2.4915 2.117 1.7301 1.4599 1.2845 0.9693 0.8059 0.7119 0.6347 0.6651 0.6393 0.6384
6.4527 6.4604 6.4703 6.4836 6.5021 6.1302 6.201 6.1355 5.3689 4.1793 3.8207 3.2553 3.3979 3.2064 1.605 1.5876 1.6547 1.2787 1.2388 1.3027 1.5284 1.8034 2.0714 2.2328 2.5393 2.7013 2.6719 2.8597 2.9441 2.9857 3.0286 2.88 2.7099 2.4208 2.1858 1.9539 1.6332 1.5553 1.3992 1.0269 1.0498 1.1471 0.9685 0.9794 1.06 1.0468 1.0731 1.2584 1.3164 1.5521 1.6547 1.8259 2.0491 2.2089 2.4654 2.678 2.741 2.8003 2.7458 2.5116 2.2703 1.8389 1.5033 1.3945 1.1741 0.8558 0.7735 0.8513 0.8318 0.8518 0.8172
6.3867 6.3741 6.3532 6.3172 6.2515 6.1237 5.9178 4.6049 3.4316 3.6182 2.7413 2.9088 3.3717 3.2975 1.8748 1.8314 1.463 1.1868 1.2542 1.0931 1.2983 1.6482 1.8259 2.1805 2.2083 2.5079 2.5604 2.5422 2.7752 2.999 3.0218 3.0496 2.7599 2.5308 2.1857 2.1055 1.879 1.6373 1.5746 1.4071 1.2003 1.2213 1.2627 1.2316 1.2218 1.3015 1.5237 1.547 1.5679 1.7926 1.9806 2.1213 2.1907 2.3859 2.6922 2.8223 2.9813 2.9062 2.8391 2.5108 2.3746 2.1314 1.6308 1.3765 1.273 1.1465 0.9352 0.9709 1.014 0.9927 0.9544
6.0151 5.9754 5.9171 5.8288 5.6903 4.0202 4.215 3.663 2.8442 2.6334 2.9519 3.2877 3.289 2.9196 1.8173 1.6039 1.0172 0.9408 0.8762 0.7518 1.1164 1.4209 1.6197 1.8049 2.1064 2.2066 2.3764 2.4083 2.4688 2.7824 3.0011 3.1096 2.9714 2.6332 2.3675 2.1154 2.0804 2.0586 1.7644 1.6387 1.5985 1.4443 1.4921 1.4844 1.5334 1.6612 1.692 1.8722 1.9692 2.015 2.243 2.3397 2.516 2.6353 2.81 3.0748 3.061 3.0504 2.9756 2.647 2.223 2.0871 1.8655 1.4915 1.3176 1.2704 1.1953 1.1401 1.1116 1.1146 1.0876
5.9035 4.0275 4.034 4.0423 4.0542 4.0753 4.073 4.2637 4.7528 3.1687 2.9007 3.1443 2.7219 2.1947 1.6169 1.3951 1.0965 0.862 0.7288 0.6126 0.5819 1.115 1.4945 1.6845 1.801 2.0845 2.1348 2.2234 2.4569 2.6531 2.967 3.0846 3.0123 2.8185 2.5442 2.4116 2.1895 2.1329 2.0826 1.9052 1.8824 1.8343 1.8151 1.8072 1.8691 1.873 2.0033 2.1256 2.2753 2.4388 2.5005 2.6658 2.8152 2.9551 3.0748 3.2037 3.2042 3.109 2.9208 2.682 2.4015 1.9488 1.7765 1.7099 1.4476 1.2519 1.2174 1.212 1.2082 1.1872 1.1942
3.5969 3.6148 3.6391 3.674 3.7276 3.8179 3.9905 4.4166 5.0248 3.4658 2.9458 2.8961 2.6222 1.8762 1.5604 1.333 0.9878 0.6763 0.6204 0.5426 0.5035 0.7041 1.2627 1.7125 1.8258 1.8802 1.9844 2.2068 2.4598 2.5866 2.9365 3.1034 3.1372 3.0178 2.7658 2.6457 2.5851 2.3484 2.2812 2.226 2.2554 2.2802 2.0197 2.1788 2.1251 2.1448 2.2011 2.402 2.6043 2.6912 2.894 3.0321 3.1069 3.1706 3.2184 3.3278 3.2737 3.1527 2.8952 2.7077 2.1742 2.0313 1.7924 1.7146 1.6355 1.3584 1.2493 1.2587 1.2994 1.2812 1.2675
3.5864 3.6009 3.6201 3.6465 3.684 3.7393 3.8201 3.9364 3.8192 2.7897 2.9492 2.5745 2.1131 1.7979 1.5176 1.3108 0.6572 0.645 0.531 0.5043 0.5109 0.7334 0.8847 1.4874 1.8271 1.8265 1.7935 1.9755 2.319 2.5318 2.6472 3.0405 3.1596 3.1997 3.1016 2.8031 2.8037 2.759 2.5879 2.5336 2.4491 2.5643 2.6355 2.3933 2.5185 2.547 2.6344 2.8728 2.8373 2.953 3.0558 3.282 3.4634 3.411 3.3685 3.3422 3.2679 3.1294 2.9058 2.4841 2.2393 1.9773 1.8876 1.7054 1.5503 1.4469 1.3621 1.3159 1.3005 1.3053 1.3138
3.6074 3.6135 3.62 3.6257 3.6273 3.5403 3.5901 3.3863 2.9548 2.599 2.6142 2.3067 2.1119 1.843 1.5796 1.1613 0.7412 0.6347 0.5501 0.5172 0.5382 0.7145 0.9311 0.994 1.5635 1.7496 1.7608 1.8554 2.0091 2.4405 2.6147 2.792 3.1047 3.2537 3.3156 3.1674 2.9309 2.9092 2.9368 2.8995 2.7328 2.7287 2.8185 3.0028 2.8241 2.8896 3.0146 3.1149 3.1494 3.3364 3.3848 3.4903 3.5757 3.5799 3.5501 3.3304 3.2587 3.0618 2.7029 2.4157 2.1777 1.8796 1.7906 1.6107 1.4512 1.4047 1.4239 1.3624 1.223 1.2667 1.3184
3.2848 3.2787 3.2672 3.2462 3.2084 3.1392 3.0095 2.8192 2.4755 2.4973 2.5071 2.2975 1.9602 1.8113 1.6026 1.1505 0.7419 0.6204 0.5988 0.5227 0.4774 0.4512 0.8436 0.9782 1.1992 1.4166 1.6538 1.7543 2.0247 2.2964 2.5533 2.7609 3.0462 3.1984 3.3964 3.4788 3.3543 3.125 3.0883 3.1992 3.1955 3.0044 3.0327 3.2023 3.2537 3.1831 3.2239 3.4799 3.4211 3.611 3.6959 3.7507 3.6742 3.6331 3.5363 3.3651 3.0956 2.8331 2.6991 2.33 1.9772 1.8412 1.6246 1.5536 1.3728 1.3266 1.3542 1.3323 1.3113 1.302 1.318
2.9559 2.9322 2.898 2.0267 2.0362 2.0517 2.0779 2.1232 2.2941 2.4319 2.5049 2.4575 2.033 1.6458 1.3697 0.8959 0.837 0.696 0.5262 0.5105 0.4345 0.4009 0.4639 0.8895 1.141 1.2416 1.4109 1.6107 1.9716 2.2083 2.5388 2.7442 2.9094 3.1973 3.3551 3.4578 3.4818 3.5057 3.4292 3.3908 3.3154 3.417 3.3623 3.3413 3.4724 3.676 3.6771 3.7388 3.7676 3.8403 3.7784 3.7415 3.6669 3.6003 3.4758 3.269 3.0524 2.6775 2.4338 2.2083 1.9011 1.6536 1.5761 1.5453 1.4628 1.329 1.3254 1.3647 1.3307 1.3203 1.3658
1.9926 1.9901 1.9867 1.9818 1.9745 1.9627 1.9416 1.8979 1.7824 1.4851 2.0886 2.4137 1.7802 1.3263 1.1197 0.9148 0.8081 0.7827 0.5841 0.4577 0.4353 0.4443 0.4959 0.8344 0.9699 1.0421 1.1818 1.4233 1.7147 2.2311 2.3692 2.5782 2.7351 2.9145 3.2579 3.4912 3.5406 3.6039 3.6023 3.5634 3.5614 3.5151 3.6134 3.6697 3.7819 3.7352 3.873 3.8633 3.8094 3.7837 3.714 3.6227 3.6116 3.4388 3.3459 3.1814 2.9366 2.7338 2.3804 2.119 1.7709 1.6375 1.5368 1.4776 1.4647 1.4253 1.3418 1.4315 1.4091 1.3851 1.4281
1.8051 1.7996 1.7917 1.7799 1.7613 1.7311 1.682 1.6096 1.4069 1.3249 1.6689 1.8524 1.5742 1.4271 1.162 1.0108 0.8345 0.7587 0.6051 0.5046 0.4744 0.4769 0.4851 0.553 0.7962 0.9714 1.0542 1.2744 1.4479 1.8772 2.1259 2.3684 2.6412 2.7038 2.8703 3.2817 3.6076 3.5792 3.5578 3.6236 3.639 3.6034 3.7364 3.6691 3.6908 3.7058 3.7982 3.8451 3.845 3.679 3.6105 3.4705 3.4042 3.3483 3.169 2.9261 2.7446 2.5177 2.2143 1.8591 1.7145 1.5888 1.5102 1.4455 1.4405 1.4468 1.4276 1.4347 1.4351 1.4353 1.4381
1.6918 1.6837 1.6763 1.6637 1.5983 1.5808 1.5534 1.4676 1.4031 1.2424 1.5746 1.774 1.9443 1.6251 1.3216 1.074 0.9511 0.7691 0.6594 0.5713 0.5402 0.5421 0.5192 0.5052 0.6786 0.901 1.0407 1.1487 1.5552 1.9541 1.8637 2.0318 2.4458 2.6759 2.7617 2.797 3.0879 3.4147 3.445 3.4311 3.5524 3.507 3.5687 3.5918 3.6311 3.6461 3.558 3.611 3.7355 3.5365 3.4087 3.3126 3.2703 3.217 2.9146 2.8119 2.4555 2.3039 2.1176 1.7825 1.5731 1.4696 1.4618 1.4379 1.4352 1.4625 1.5188 1.4555 1.4371 1.4371 1.4376
1.5882 1.5867 1.5846 1.5816 1.5773 1.6244 1.6165 1.6037 1.5891 1.6666 1.8786 2.0527 2.0523 1.8887 1.6724 1.156 0.9855 0.8732 0.7355 0.6829 0.6249 0.6416 0.6428 0.5979 0.7123 0.8054 0.9809 1.1605 1.304 1.711 1.7134 1.7036 2.0922 2.3122 2.5443 2.5475 2.6023 2.9268 3.2558 3.2844 3.2634 3.3828 3.2854 3.3694 3.4338 3.4718 3.3939 3.3551 3.3991 3.3908 3.2599 3.1075 2.892 2.8152 2.686 2.3993 2.3203 1.9766 1.7384 1.6676 1.529 1.4444 1.4156 1.4347 1.4347 1.4378 1.4744 1.4528 1.4443 1.4575 1.4669
1.6024 1.6042 1.6068 1.7865 1.7862 1.7869 1.7903 1.8006 1.8265 1.8705 2.0079 1.9979 1.9204 1.7748 1.6758 1.5269 1.0246 0.8151 0.829 0.7891 0.7446 0.6702 0.6619 0.7219 0.7726 0.8042 0.9032 1.1056 1.146 1.4384 1.5926 1.6434 1.7413 1.8943 2.0098 2.3525 2.4072 2.5549 2.8308 3.0 3.0228 3.0921 3.1501 3.0923 3.1453 3.1546 3.2609 3.1769 3.078 2.9443 3.0642 2.8071 2.6049 2.4201 2.2784 2.2139 2.0348 1.7057 1.6002 1.3925 1.3999 1.4127 1.392 1.3144 1.3828 1.4162 1.4036 1.4299 1.451 1.5005 1.4869
1.8844 1.8853 1.8867 1.8887 1.8918 1.8967 1.9051 2.0446 2.0209 1.9987 2.0491 2.0569 1.8361 1.6808 1.5751 1.4147 1.0042 0.8799 0.8154 0.8007 0.799 0.7509 0.7122 0.79 0.8583 0.8636 0.9201 1.0623 1.1317 1.1627 1.4074 1.5386 1.5887 1.7095 1.7454 1.8586 2.2495 2.3048 2.5175 2.5937 2.7492 2.7426 2.8925 2.9596 2.9467 2.9658 2.9074 3.0036 2.7978 2.6273 2.4363 2.5576 2.3297 2.1726 1.9868 1.7016 1.6357 1.5844 1.3746 1.3083 1.2476 1.2377 1.2189 1.3133 1.2317 1.2918 1.3543 1.4188 1.4334 1.4775 1.5329
1.9044 1.9097 1.917 1.9269 1.9408 2.2263 2.3959 2.3548 2.2751 2.1554 2.4512 2.7002 1.7774 1.7288 1.477 1.2708 1.1235 0.9497 0.8508 0.8334 0.8321 0.8208 0.885 0.8751 0.8791 0.9636 0.9578 0.983 1.0577 1.0974 1.1374 1.3605 1.4688 1.4799 1.6235 1.7814 1.7942 2.033 2.1731 2.2651 2.1778 2.3995 2.4733 2.6863 2.6811 2.7057 2.5884 2.4836 2.5102 2.3328 2.1523 2.0656 2.0051 1.8789 1.6328 1.4662 1.3432 1.3469 1.3193 1.2387 1.1981 1.1931 1.2127 1.2205 1.2077 1.2217 1.3128 1.3203 1.4168 1.5057 1.5498
2.5078 2.6653 2.6589 2.7968 2.7797 2.7563 2.7235 2.6793 2.4709 2.5571 2.834 2.8218 2.2536 1.9583 1.7342 1.2128 1.1383 1.0742 0.898 0.8665 0.8518 0.9182 0.9629 0.9093 0.9269 0.9681 0.8837 0.8987 0.9456 1.0695 1.0862 1.105 1.2736 1.3365 1.4055 1.6141 1.6766 1.7049 1.6691 1.8236 2.0894 2.1788 2.1503 2.2235 2.4056 2.2483 2.2351 2.2742 2.1414 1.9758 1.9152 1.7803 1.6315 1.4572 1.3565 1.2877 1.1049 1.1272 1.1484 1.1099 1.1177 1.1951 1.1942 1.203 1.214 1.2369 1.3095 1.3286 1.3514 1.4901 1.5013
2.702 2.7037 2.6972 2.6999 2.7049 2.7138 2.7302 2.7577 2.8891 2.6846 2.857 2.4305 2.2619 2.0202 1.7938 1.5439 1.159 1.081 0.8325 0.8163 0.7733 0.8512 0.909 0.8603 0.8168 0.8414 0.7925 0.8122 0.7507 0.8017 0.9217 0.9272 0.9961 1.1349 1.2956 1.3175 1.4494 1.4577 1.4866 1.4818 1.7024 2.0469 1.9644 1.8767 1.8276 2.0169 1.973 1.7807 1.861 1.6389 1.5328 1.448 1.2965 1.1376 1.0392 0.9473 1.0037 0.9176 0.9658 0.9985 1.0419 1.1997 1.1209 1.1523 1.2955 1.3249 1.3143 1.315 1.2993 1.2393 1.3352
2.7222 2.7696 2.7754 2.7842 2.7978 2.8337 2.8538 2.8911 2.9739 3.2521 3.1238 2.4752 2.146 1.9673 1.7683 1.6337 1.258 0.8781 0.7627 0.7466 0.7654 0.7538 0.754 0.8056 0.6752 0.6734 0.7363 0.7406 0.7632 0.7577 0.7843 0.8674 0.9134 1.0002 1.0599 1.1439 1.205 1.3288 1.3462 1.4491 1.3781 1.4788 1.749 1.6577 1.6082 1.4076 1.5853 1.5337 1.322 1.1261 1.1685 1.0154 0.9319 0.9051 0.7669 0.8275 0.7916 0.7808 0.8621 0.871 0.8894 1.0039 1.0182 1.0487 1.1609 1.2551 1.2255 1.214 1.2305 1.1416 1.1389
2.7082 2.7113 2.7157 2.7222 2.7323 2.7486 2.8345 2.8647 2.9411 3.1674 3.0049 2.2876 2.0585 1.9435 1.6747 1.3378 0.988 0.8766 0.7289 0.7373 0.7062 0.694 0.6882 0.6291 0.6256 0.6892 0.7356 0.7392 0.7469 0.7623 0.7486 0.8471 0.8735 0.9209 0.9895 1.0412 1.0689 1.1173 1.2202 1.2256 1.2746 1.2275 1.1936 1.3702 1.3115 1.2351 1.1759 1.0455 0.9514 0.9748 0.8445 0.8465 0.7653 0.7725 0.7718 0.766 0.759 0.7584 0.7599 0.8211 0.8848 0.9766 0.9818 1.0146 1.0747 1.0521 1.1285 1.014 0.9846 0.9765 0.9948
2.6903 2.6892 2.6878 2.686 2.6834 2.6794 2.6724 2.5899 2.5552 2.4177 2.4235 2.0963 2.044 1.963 1.6997 1.3046 0.9525 0.8055 0.6637 0.668 0.631 0.6279 0.6333 0.6318 0.7274 0.7358 0.7394 0.7411 0.7619 0.7846 0.8181 0.8638 0.8727 0.9686 0.9896 1.0065 1.0246 1.0215 1.0418 1.0168 1.1174 1.1052 1.0581 0.999 1.1001 1.0498 0.958 0.8892 0.8304 0.784 0.759 0.7584 0.7583 0.7585 0.7579 0.7583 0.7581 0.7576 0.7579 0.7592 0.865 0.922 0.902 0.9115 0.9364 0.9625 0.908 0.9179 0.8482 0.7762 0.9138
