normal_rasters/0772100000297603.ascii
ncols 66 
nrows 57 
xllcorner 159467.343018
yllcorner 383914.979004
cellsize 0.25
nodata_value -9999 
[rows 0 to 30 of 57, columns 0 to 65 of 66]
22.6222 22.6317 22.6423 22.6539 22.6666 22.6803 20.6906 23.3237 21.5396 21.5137 22.2772 22.2759 20.0007 24.666 22.7886 22.0502 22.0899 20.464 20.5214 20.4923 20.4618 20.4305 16.9614 16.9699 18.1278 19.4391 21.0562 20.2804 20.3131 20.3483 20.3849 21.8813 23.8458 26.0553 26.1984 28.0536 28.9429 29.0127 30.1382 33.6317 33.8281 34.0708 34.8293 37.1832 39.898 40.5778 41.0968 41.2129 41.3077 42.7941 42.8134 42.8236 42.8263 42.8231 42.8157 42.8054 42.7933 42.7802 42.7667 42.7533 42.3832 42.3418 42.305 42.2724 42.2434 42.2179
22.6129 22.6228 22.6338 22.6461 22.6597 22.6744 22.6903 20.6785 21.5505 21.5223 21.4921 22.2701 22.2692 22.512 22.779 22.8086 22.0852 22.4753 20.5338 20.5012 20.4667 20.431 16.9645 16.9747 18.1258 19.4338 19.4399 19.2726 20.3012 20.3416 20.3841 21.8704 23.7975 25.9875 26.151 28.0157 28.9319 29.0152 30.1398 30.4385 33.7041 33.9771 34.7785 35.8922 39.88 40.6181 41.1624 41.306 42.8095 42.8423 42.8615 42.8691 42.8676 42.8595 42.847 42.832 42.8157 42.799 42.7252 42.4105 42.3619 42.319 42.2814 42.2485 42.2198 42.1947
22.6025 22.6126 22.6242 22.6371 22.6516 22.6675 22.6847 20.7009 21.5637 21.5329 21.4996 22.2637 22.2622 20.0009 24.7188 22.8007 22.0788 22.4963 20.4459 20.5127 20.4734 20.4325 16.3706 16.9802 16.9908 18.1259 19.4336 19.2552 20.2852 20.332 20.3819 21.8559 21.8987 23.8889 26.0846 27.9606 28.9132 29.0137 30.1389 30.4491 33.5404 33.8421 34.6925 35.8661 38.3319 41.0328 41.245 41.4267 42.8676 42.9035 42.9208 42.9232 42.9149 42.8997 42.8806 42.8596 42.8383 42.7583 42.4422 42.3842 42.3338 42.2901 42.2524 42.22 42.1921 42.168
22.5908 22.6011 22.6131 22.6267 22.6421 22.6592 22.6779 20.7273 20.6854 21.546 21.5093 22.2566 22.2541 20.0087 22.5052 22.7904 22.0699 22.1295 22.4559 20.5279 20.4827 20.4352 20.3872 16.9865 16.9995 18.1223 19.4257 19.2318 19.2897 20.3183 20.3776 21.8367 21.886 23.8248 24.9496 26.8443 28.8825 29.0054 29.1375 30.46 31.7648 33.6511 34.5517 35.7995 38.3088 41.067 41.3523 41.5888 42.9452 42.9825 42.9941 42.9871 42.9683 42.9431 42.9154 42.8873 42.7981 42.4794 42.4091 42.3489 42.2977 42.2543 42.2175 42.1864 42.1599 42.1375
22.5776 22.588 22.6003 22.6146 22.6309 22.6493 22.6697 22.6919 20.7143 21.5624 21.5217 21.4777 22.2449 20.0179 19.9998 24.7167 22.824 22.127 22.4815 20.5479 20.4956 20.4399 20.3832 16.9938 17.0101 18.1178 18.1206 19.7968 19.2666 20.2986 20.3698 20.4443 21.868 23.735 24.4665 26.1592 28.8329 28.9851 29.1539 30.4706 30.9485 31.7903 34.3288 35.6584 38.2304 41.0937 41.4983 41.817 43.0527 43.086 43.0847 43.0615 43.027 42.9883 42.9498 42.8467 42.5233 42.4364 42.3635 42.3028 42.2525 42.2107 42.1761 42.1473 39.8702 39.8217
22.5627 22.5731 22.5856 22.6004 22.6177 22.6375 22.6597 22.6842 20.749 21.583 21.5378 21.4882 22.2344 20.0291 20.0091 20.0588 24.7889 22.1222 22.5152 22.5316 20.5137 20.4477 20.3797 16.4164 17.0232 17.0386 18.1132 19.7922 19.2332 19.3245 20.3566 20.4489 21.8425 21.9216 24.3728 25.0231 26.9554 28.9432 29.1644 30.4799 30.962 31.76 33.9919 35.3851 36.2551 38.986 41.7097 42.159 43.2063 43.2219 43.1952 43.1453 43.088 42.9845 42.907 42.5754 42.4657 42.3759 42.3032 42.2445 42.1971 42.1589 39.9071 39.844 39.7919 39.7487
22.5459 22.5561 22.5687 22.5839 22.6021 22.6232 22.6474 22.6744 20.7908 20.7323 21.5586 21.5025 22.2223 22.2173 20.0206 20.0546 24.7246 22.1138 25.1259 22.557 20.5396 20.46 20.3771 16.4201 17.0395 17.0598 18.1036 19.3939 19.1847 19.2937 20.3346 20.4513 21.8064 21.9006 24.232 24.5088 26.8484 28.8619 29.1599 29.4739 30.9782 30.8681 31.3048 33.6223 35.9589 38.98 42.0362 42.7216 43.4252 43.3987 43.326 43.2329 43.0923 42.9832 42.6371 42.4947 42.3821 42.2941 42.2257 40.1615 39.956 39.8712 39.803 39.7482 39.7038 37.6083
22.5271 22.5368 22.5491 22.5646 22.5835 22.606 22.6322 22.6622 22.6954 20.78 21.5858 21.5222 21.4519 22.2006 20.0349 20.0074 20.0796 24.8414 25.148 22.8664 20.6007 20.4798 20.3765 20.2759 16.5037 17.0882 17.3792 18.0892 17.7493 19.2439 19.4053 20.4489 20.6007 21.8677 24.0233 24.3442 25.3211 27.4441 29.1218 29.5748 30.9995 30.9331 31.2788 31.4122 35.2275 38.4546 42.4043 43.7351 43.6922 43.6401 43.4688 43.2455 43.0803 42.7082 42.5176 42.3737 42.2668 40.2469 40.1251 39.904 39.8116 39.74 37.6431 37.5941 37.5553 37.5242
22.506 22.5148 22.5266 22.542 22.5613 22.5851 22.6135 22.6466 22.684 20.8388 20.7579 21.5492 21.4676 22.1807 20.0525 20.0219 20.0764 24.7589 25.1788 22.9309 20.3336 20.5068 20.3798 20.2504 16.5259 17.1275 17.2189 17.3153 17.6991 19.1628 19.3693 20.4366 20.6413 21.8188 21.8237 24.0737 25.1344 27.2297 29.0115 29.6991 30.4708 31.1217 31.2248 31.1705 32.126 35.4197 41.031 43.4249 44.0926 43.9994 43.4797 43.1984 42.7817 42.5182 40.4559 40.3734 40.1833 40.0481 39.811 37.7018 37.6218 37.5618 37.5164 37.4817 37.4551 37.4345
22.4825 22.4899 22.5007 22.5155 22.5349 22.5597 22.5903 22.6268 22.6691 20.9112 20.827 21.5865 21.4912 22.1572 20.0745 20.0404 20.0703 20.1198 25.2207 25.1652 20.3802 20.6113 20.3908 20.2179 16.5503 17.1844 17.2705 17.336 17.609 19.029 19.2974 20.4049 20.6887 21.2374 21.7822 22.3473 24.7747 25.5531 27.8379 29.9234 30.7001 31.0155 30.7067 31.2248 32.0025 33.6537 36.6347 40.7065 43.6525 43.6291 43.2735 41.5051 40.8211 40.3867 40.2444 40.0334 37.8182 37.6668 37.5632 37.4914 37.441 37.4055 34.6631 34.6337 34.6108 34.5927
22.4565 22.462 22.471 22.4845 22.5034 22.5288 22.5613 22.6014 22.6492 22.7037 20.9152 21.6384 21.5268 22.1299 22.1083 20.0639 20.02 20.1224 24.8658 25.225 20.2628 20.405 20.4188 20.1749 16.5733 16.7843 17.3548 17.1765 16.4111 17.8537 19.1585 19.6354 21.0487 21.3207 21.8257 21.7455 22.6687 24.9331 26.4653 30.5604 30.8214 30.9168 29.8615 29.4681 30.6666 32.7793 34.9376 36.1453 40.5969 43.4232 41.9486 40.6318 38.4256 37.9834 37.7537 37.5394 37.412 37.3356 34.7224 34.6622 34.6192 34.5881 34.5652 34.5483 34.5357 34.5262
22.4279 22.4307 22.4371 22.4484 22.4659 22.4909 22.5248 22.5687 22.6227 22.6861 21.0272 20.9044 21.5806 21.4243 22.062 20.0934 20.0449 20.1232 20.207 25.3119 22.8704 20.5089 20.5813 20.1138 16.5812 16.9228 17.5039 17.2296 17.221 17.6209 18.3332 19.6372 20.967 21.4081 21.6002 21.4772 22.1935 24.254 24.9975 25.966 28.7879 28.328 26.8791 27.3685 28.8058 29.4333 33.4014 35.3147 35.5562 37.4825 37.1503 36.3633 35.5267 35.2219 35.0564 34.7212 34.6214 34.5595 34.5203 34.4954 34.4795 34.4695 34.4635 34.4601 32.5616 32.0192
22.3968 22.3961 22.3989 22.4067 22.4213 22.4446 22.4789 22.526 22.5869 22.6611 22.7458 21.0488 21.6626 21.4708 22.0048 19.6927 20.0762 20.1201 20.2358 24.6615 23.0005 20.6929 20.5103 20.0383 19.6003 17.1396 17.3933 17.3286 17.0825 17.1552 17.8964 19.37 20.6225 21.491 22.2389 21.308 21.2263 23.4973 23.8136 25.0063 24.6592 25.9333 25.2845 25.8565 26.3047 27.0166 27.9236 32.3958 32.9741 33.7143 34.5091 34.5078 34.5552 34.3561 34.3086 34.2931 34.2936 34.3017 34.313 34.3254 32.1551 32.1489 32.0112 31.7235 31.7284 31.7321
22.3637 22.3584 22.3563 22.359 22.3687 22.3882 22.4208 22.4699 22.5381 22.6255 22.7286 21.2389 21.7874 21.5539 21.9391 19.6514 20.1096 20.0641 20.2803 23.1791 22.4799 23.3161 20.8277 20.0886 19.1114 17.4477 18.0885 17.1343 16.7418 16.1456 16.7867 19.0491 20.6901 20.1681 20.6284 20.1214 19.8567 20.1897 22.1331 22.6004 23.284 23.7898 23.0531 22.7292 21.6693 24.5009 26.9688 28.0005 30.9666 33.4789 32.9301 32.5966 32.0962 31.9728 31.9048 31.8641 32.1523 32.1387 32.1305 31.5751 31.7148 31.7241 31.731 31.736 31.7397 31.7424
22.329 22.3182 22.3097 22.3054 22.3076 22.32 22.3475 22.3957 22.4704 22.5739 22.702 21.4822 21.3101 21.6997 21.3234 19.5799 19.6686 20.1194 20.37 23.1199 22.2125 23.5706 21.8678 19.6062 17.9833 17.5284 19.2655 16.4414 14.5933 15.3908 16.1202 17.0521 19.1179 19.2157 18.9828 19.2168 19.1057 18.6842 19.2867 21.3709 21.93 21.2677 21.3039 20.0227 19.7957 20.7928 26.1706 27.5429 28.5295 31.1825 32.0951 31.9618 31.8586 31.8143 31.8425 32.0735 31.5719 31.5636 31.7089 31.724 31.7346 31.742 31.747 31.7503 31.7524 31.7536
22.2939 22.2766 22.2604 22.2468 22.2384 22.2394 22.256 22.2972 22.3743 22.4964 22.6605 22.8447 21.6683 21.946 21.4795 19.5067 19.4368 20.1063 20.6354 22.9471 18.3792 22.0512 25.9724 18.7357 15.8229 15.64 17.7422 15.1665 14.2624 14.2927 15.1791 15.8927 16.8348 17.7538 18.021 18.1122 17.6598 17.7246 19.9629 17.9281 17.8624 18.7971 18.8671 18.4913 18.628 19.2592 24.1499 26.4712 27.8312 29.1811 31.147 31.4179 31.047 31.3205 31.0647 31.0468 31.6934 31.7216 31.7401 31.7517 31.7588 31.7629 31.7651 31.766 31.958 31.9563
22.2595 22.2352 22.2101 22.1854 22.1632 22.1475 22.1452 22.1678 22.2351 22.3733 22.5927 22.8497 22.1261 21.8526 21.816 19.6493 19.0456 18.9085 20.9399 20.5255 18.9774 20.4287 20.0467 24.9639 15.1713 12.6887 12.2676 12.729 13.1784 13.6134 13.9221 14.6972 15.7852 16.6873 16.7641 17.1754 17.0262 17.128 17.6235 17.6461 17.5066 17.6122 17.9171 18.0155 18.43 19.584 21.7353 24.634 25.7738 27.9699 30.1339 30.2516 30.9783 31.0187 31.0273 31.7094 31.7482 31.7696 31.7806 31.7855 31.9714 31.9689 31.9663 31.9638 31.9614 31.9592
22.2275 22.1961 22.1617 22.1248 22.0866 22.0499 22.0199 22.0067 22.0336 22.1601 22.4635 22.8674 22.661 22.4922 20.6691 20.4693 19.9357 14.6102 22.8045 23.6272 14.2018 19.6387 12.7439 11.3664 12.7193 11.3157 10.9348 11.0694 11.8104 12.9615 13.5422 14.1716 15.081 15.7278 16.4509 16.4681 16.6912 16.8817 17.17 17.3015 17.3664 17.5179 17.7337 18.0681 18.3917 19.7197 21.4066 23.1412 26.2968 28.7841 29.6843 30.362 30.5874 31.2657 31.3861 31.44 31.742 31.994 31.9903 31.9853 31.9804 31.9757 31.9716 31.968 31.1575 31.1293
23.7557 22.1619 22.1189 22.0703 22.0161 21.9577 21.8974 21.8359 21.7692 21.7643 22.1356 22.8972 23.2768 23.1905 21.5601 21.6821 23.8998 12.9288 11.5584 11.5599 9.4425 8.8766 8.5363 8.0308 8.0534 9.418 9.5168 10.0582 10.438 11.5068 12.6751 14.0201 14.661 15.5292 16.0248 16.4425 16.7559 16.8674 17.1686 17.3085 17.4596 17.7526 17.908 18.1633 18.4847 19.2794 22.0481 24.2094 24.9803 27.9124 30.0388 31.3069 31.272 31.6767 31.7558 31.745 31.715 31.6856 31.6605 31.4803 31.2179 31.1705 31.1864 31.1465 30.3261 29.3944
23.8218 23.6007 23.3528 23.0784 21.9607 21.8858 21.8064 21.7213 21.5479 21.124 21.1776 22.747 23.3072 23.9 22.0687 20.6695 18.1748 10.6542 6.1641 3.5061 3.9355 6.0146 5.3454 4.1943 4.9618 7.3176 7.681 7.5791 9.4365 10.6973 11.2252 12.4354 14.2347 15.2919 16.0681 16.5182 16.847 17.084 17.4798 17.5015 17.6853 17.9093 18.2787 18.6949 19.1634 19.4759 20.8366 24.1469 25.8532 26.8759 29.7253 31.2121 31.8318 32.0765 31.8791 31.7303 31.6351 31.5711 31.2992 31.2214 31.1637 30.4083 30.3385 29.4057 29.3514 29.3101
23.9315 23.7022 23.4384 23.1369 22.798 22.4311 21.7654 21.7164 21.6134 20.8221 20.4534 22.139 23.3589 23.3399 22.3937 19.9026 12.7287 8.6571 4.9562 2.874 2.4089 2.9601 2.3632 3.3301 3.4742 4.1898 6.4843 6.6791 6.6362 8.8589 10.7408 11.747 13.3938 14.656 16.1708 16.7257 17.0904 17.3181 17.5228 17.6965 17.9497 18.3972 18.9656 19.4201 19.6722 20.0945 20.6765 21.9534 25.7957 26.7869 28.5784 30.7238 33.4054 32.5954 32.0103 31.7778 31.3376 31.303 31.2037 29.74 29.6287 29.4137 29.3384 29.2846 28.4937 28.4697
24.0933 23.8677 23.6025 23.2917 22.9317 22.5274 22.1123 21.8015 21.6927 21.3341 21.2638 22.0558 22.8723 22.4672 21.8476 18.9735 11.0449 6.7567 6.8733 4.4083 2.7018 3.1369 2.4468 2.0406 3.0621 3.5895 3.6343 5.0092 6.002 6.6841 9.1811 11.5736 13.1731 14.5848 16.3576 16.9815 17.3254 17.7791 18.1757 18.4664 18.6605 18.8353 19.381 19.887 20.4014 20.4776 20.9139 21.791 23.243 26.5267 27.7986 30.0642 31.2576 31.1784 30.9402 30.6825 29.857 29.6369 29.6278 29.5178 28.5377 28.4828 28.4461 28.4214 28.4046 27.5204
24.3136 24.1074 23.8621 23.5708 23.2293 22.8443 22.4545 22.1713 22.1396 22.2522 22.6513 23.3295 24.227 25.3184 24.6712 21.2886 16.4416 8.9205 10.0903 9.5807 6.9654 3.7621 2.9776 1.5717 1.7657 2.702 2.7948 3.2618 5.7539 6.5288 8.9115 10.9534 13.6766 14.8123 16.3584 17.2792 17.9336 18.5379 18.8783 19.301 19.5736 19.5124 19.9148 20.4091 20.6827 21.2459 21.6989 22.2417 24.0867 24.4127 26.3728 27.5153 29.4792 29.6152 29.5654 29.4024 29.5098 29.3759 28.4304 28.3755 28.3441 28.3268 28.3182 26.36 26.3372 26.3195
24.5944 24.4262 24.2262 23.9899 23.7168 23.4192 23.1404 22.9729 23.0162 23.2534 23.8888 24.7216 29.0933 34.7973 33.9897 29.8794 21.8369 15.1252 12.0018 10.0339 10.1228 5.6659 3.8286 2.5104 1.5482 2.6624 4.0586 4.4034 5.9573 7.9747 9.9947 11.9193 14.0663 15.393 16.9307 17.9556 18.6233 19.2381 19.5423 19.7437 20.2249 20.638 20.6752 20.9628 21.3638 21.5106 21.9878 22.6257 23.4154 24.0281 24.8236 26.4972 26.9357 27.3626 27.6962 27.1606 27.1644 27.1528 27.1429 27.1359 27.1312 26.3867 26.3509 26.3244 26.3048 25.6723
24.9324 24.8207 24.692 24.547 24.3922 24.2474 24.1568 24.1933 24.426 27.2592 28.654 33.4731 38.6803 40.181 42.1364 41.7089 32.0574 25.0677 18.3767 13.3805 10.7483 9.3545 10.6614 4.2184 4.0965 4.1902 5.8739 6.5434 8.1065 9.4634 10.8984 14.2779 15.0356 17.0724 17.6189 18.4425 19.6723 20.0225 20.1749 20.4052 20.7788 21.1879 21.5651 21.6128 21.648 21.779 22.3993 22.7611 23.5868 24.1304 24.6005 25.2862 26.6749 26.9838 27.1766 27.1899 27.1691 27.149 27.1363 26.4393 26.3759 25.7571 25.7155 25.685 25.9267 25.91
23.6613 23.7102 23.773 27.4583 27.4195 27.4749 27.7057 28.2216 31.3383 32.8664 34.7012 41.9659 42.1154 42.254 42.0337 42.0221 41.3288 37.5592 37.8038 19.7198 13.0635 23.4178 20.1358 10.0295 8.1298 7.3756 8.2372 9.3934 10.3719 12.642 13.8118 15.9507 17.3734 18.0082 18.8858 19.3476 19.987 20.5449 21.0725 21.3883 21.6601 21.7172 22.0529 22.1392 22.1636 22.3882 22.5697 22.9737 23.4226 23.9145 24.5216 25.0336 26.7821 27.0113 27.2456 27.2224 27.162 26.5013 25.9364 25.8228 25.7486 25.6993 25.9237 25.9008 25.885 23.9443
23.7987 26.5764 26.6842 26.8587 27.1366 27.5752 28.2576 32.7658 34.0721 35.6584 41.5283 41.8341 42.0788 42.3382 42.2012 42.2678 42.2864 39.9321 36.7474 29.271 21.8589 12.9799 17.871 10.773 11.2331 12.4192 11.2346 12.022 13.7015 15.2467 16.9071 17.287 18.3062 19.2382 19.7567 20.0999 20.957 21.1776 21.4208 22.1426 22.3958 22.4927 22.3143 22.4429 22.6285 22.7629 23.0712 23.1311 23.3722 23.7713 24.0082 24.5187 25.0699 27.0602 27.5235 26.947 26.2497 25.9634 25.7996 25.7083 25.6561 25.8747 24.0141 23.9397 22.704 22.6688
26.7199 26.8403 27.0231 27.2981 27.7098 28.3233 29.2279 30.5276 38.4906 41.352 41.3215 41.3889 41.7542 42.502 42.6648 42.154 40.6016 38.6734 37.8439 33.9569 26.3006 28.2304 17.5539 17.2201 13.2791 14.2913 16.0727 15.6937 16.0574 16.8625 18.7935 19.5296 19.7511 20.3464 20.8087 21.2824 21.2681 21.8804 22.3114 22.4238 22.6127 22.8719 22.8134 22.6444 22.6442 22.8844 23.006 22.8621 22.9524 23.5933 22.9401 23.8263 24.5106 25.223 26.4374 26.4397 25.904 25.666 25.5823 25.7919 24.0203 23.909 22.7063 22.6567 22.6234 22.6007
26.8457 26.9905 27.2028 27.5132 27.9664 31.4941 32.3056 33.4442 37.1109 38.2798 41.0704 40.9141 41.2211 42.1106 42.2677 41.0271 38.0334 37.7187 35.8283 34.529 29.8902 25.4441 26.9047 19.7575 17.3219 16.8608 17.5741 18.6054 18.9511 19.2038 19.5844 20.55 21.33 21.2783 21.604 21.7715 21.9751 22.217 22.498 22.8962 23.125 23.0108 22.9721 22.7809 22.7947 22.3285 22.6181 22.7068 22.1956 22.4465 22.463 22.2001 23.0226 23.5015 24.2817 24.7717 24.4063 24.3478 22.4957 22.2705 22.6805 22.6119 20.225 20.1997 20.183 20.1719
26.8801 27.0142 27.2059 30.4433 30.7348 31.169 31.8134 34.7913 35.7311 37.2191 39.0574 40.6822 40.817 41.2789 41.0277 40.3841 38.105 36.2574 34.9452 32.264 31.5496 20.3752 24.7376 19.2735 18.9323 19.9672 19.6051 19.9826 20.398 20.837 21.3018 21.3644 21.8656 22.3854 22.341 22.4221 22.4944 22.6032 22.8712 22.9595 23.105 22.9784 22.7355 22.4869 21.9854 21.5402 21.3304 21.7552 21.6037 21.7011 21.4313 21.6331 21.7389 22.4304 22.2218 22.6126 22.0662 22.0951 21.0897 20.295 20.2207 20.1811 19.4114 19.4012 19.3935 18.5881
26.8264 29.9828 30.0278 30.1044 30.2251 30.4132 32.8498 33.0442 33.6217 34.8579 36.8285 38.6234 40.9452 41.0208 40.8625 40.1337 38.179 35.6622 32.4501 31.8222 27.0104 24.8191 22.0514 20.7067 20.6506 20.9277 21.6933 21.3414 21.4112 21.7174 22.2201 22.5268 22.5425 22.5505 22.8001 23.0173 22.7145 22.454 22.6916 22.4879 22.4138 22.721 21.9568 21.6332 21.4793 20.663 20.3252 20.3246 20.8752 20.8733 20.4335 20.5267 21.0048 20.3946 20.6712 20.9951 20.7564 19.6236 19.5297 19.4738 19.4411 19.4204 19.4066 18.6128 18.5732 18.5448
