normal_rasters/0772100000295739.ascii
ncols 99 
nrows 65 
xllcorner 159477.080994
yllcorner 383838.233002
cellsize 0.25
nodata_value -9999 
[rows 30 to 59 of 65, columns 0 to 66 of 99]
45.5299 45.4976 45.4563 45.4029 45.3339 43.4763 43.6167 43.8341 44.1563 44.4091 44.2073 43.751 42.0286 40.9893 40.3343 39.6997 39.2459 38.931 38.7157 38.6368 38.801 41.0748 41.4426 41.3384 41.2355 41.1395 41.0554 37.2009 31.7722 24.8887 20.6667 23.397 23.3933 23.3962 23.4112 23.449 23.5329 23.7158 24.4384 25.094 26.0652 26.0236 26.7991 26.2823 25.6425 24.9919 24.7091 23.015 23.1218 26.9757 30.8318 37.9674 41.6543 42.2488 41.8068 41.8661 39.0819 37.5891 37.9904 40.5298 32.4965 34.2525 31.4167 39.3072 40.1312 39.6863 36.7035
42.7528 42.7792 42.8059 42.8349 42.8723 42.9329 43.0458 43.2494 42.7368 43.3096 43.7051 43.14 41.7002 40.2917 39.2488 38.7735 38.3888 38.1663 38.0447 37.9672 38.1504 38.3668 37.255 41.3519 41.2665 41.1863 41.1148 36.0083 31.5843 23.3179 23.5517 23.5729 23.6062 23.6582 23.7403 23.8722 24.0902 24.4605 25.363 26.4035 27.7374 30.3919 29.8144 27.7831 26.6131 25.9686 25.323 28.0804 41.4961 44.5917 44.5526 44.008 42.5669 41.5299 41.7402 41.5538 38.9815 37.7101 36.723 37.7996 36.623 31.8259 27.3569 25.7607 30.5888 35.9868 36.088
42.4293 42.4075 42.3773 42.3397 42.2999 40.2798 40.5506 40.9639 41.6511 42.9634 44.5633 43.4737 40.8721 39.0275 37.9962 37.4554 37.3869 37.3173 37.3253 37.3017 37.5281 37.7753 35.529 33.9911 37.7446 41.2243 36.331 35.766 26.8113 23.6601 23.6935 23.74 23.8052 23.8981 24.0326 24.2316 24.5317 25.329 26.1218 27.0183 28.4252 30.4581 30.3106 29.5797 30.9522 31.2315 31.8313 41.2621 44.6034 44.5607 44.5254 44.4613 42.5261 42.4874 41.6534 40.8614 39.8789 38.9956 38.517 36.2972 33.3345 36.2583 25.5027 21.5827 32.4215 26.6209 26.8522
42.097 42.0226 39.2577 39.2661 39.2722 39.2843 39.3238 39.4496 39.832 40.8194 41.9458 40.5225 38.0959 36.7825 36.254 36.105 36.1292 36.4174 36.5859 36.7554 36.9389 37.228 37.5089 35.3094 33.8199 37.5758 36.1032 31.5327 25.9194 23.7739 23.8243 23.8912 23.9808 24.1026 24.2702 24.504 27.3126 27.6118 28.0476 28.6376 30.6569 31.0335 31.4595 32.0777 32.6885 34.7095 38.5103 43.78 44.9914 44.4878 44.4588 44.464 44.9613 42.5932 41.0471 40.8098 39.3235 37.9635 40.8012 42.2862 26.124 24.6145 20.0618 19.2462 19.8309 21.134 23.569
38.8015 38.7489 38.6736 38.5684 38.4242 38.2288 37.9663 37.6149 37.1298 36.3421 34.8964 33.6657 33.6608 33.9246 34.2699 34.6625 35.0439 35.3857 35.8708 36.1648 36.3954 36.7304 37.0443 35.0143 35.1528 33.6952 32.2616 26.0234 23.8272 23.8769 23.9404 24.0219 27.2485 27.3317 27.4567 27.6396 27.8999 30.6905 31.1354 31.492 31.9877 32.6739 33.5808 34.4499 35.7739 35.9714 38.7885 42.3387 44.8679 44.6384 44.4258 44.5318 44.3722 42.5404 42.6177 41.0231 44.6203 32.7274 33.0497 34.0139 24.13 19.3015 17.7567 17.416 17.3208 18.6756 21.5104
38.3889 38.2698 38.1113 37.8995 37.6144 37.225 36.6805 35.8894 34.6738 32.7363 30.1598 29.3013 30.5966 31.5854 32.5352 33.38 34.0731 34.6295 35.0769 35.6338 35.9135 36.2907 36.6347 36.9476 34.9098 35.0455 30.6503 25.8151 23.9092 27.3511 27.3983 27.4646 27.5568 30.4929 30.653 30.8734 31.1701 31.5622 32.1277 32.7207 33.5435 34.6339 35.8472 36.7108 37.1736 38.1624 40.5859 42.1136 44.8159 44.4067 43.1354 44.0657 46.1123 43.4033 41.6571 38.3431 39.9599 28.4136 21.4271 18.9512 17.4662 17.8385 16.4166 15.1833 16.4081 17.0944 19.2553
38.0026 37.8262 37.5978 37.2997 36.9061 36.3788 35.6598 34.6628 33.2801 31.4867 29.7116 29.1667 29.3048 30.1782 31.384 32.4646 33.3393 34.0321 34.5826 35.0251 35.5081 35.9169 36.2837 36.614 36.9112 30.739 27.274 25.9016 27.5167 27.5743 30.5647 30.6585 30.7843 30.9518 31.1728 31.4625 31.8396 32.3284 32.9978 33.7608 34.7614 35.9562 37.096 37.9021 37.8396 38.1847 40.1787 41.8755 44.9158 44.6656 44.28 46.1521 45.3362 39.7581 36.3793 29.3515 21.1787 18.6872 18.0136 16.6935 15.8191 15.7851 14.7227 14.2408 15.1306 17.051 18.4373
37.6536 37.4327 37.153 36.7963 36.3376 35.7434 34.971 33.9756 32.7436 31.3795 30.1817 29.2649 28.8781 29.7445 30.9188 31.9973 32.8995 33.6328 34.2261 34.7087 35.1049 35.614 35.9936 36.334 36.6399 30.982 30.6647 28.8914 30.6806 30.7576 30.8569 30.9844 31.1479 31.3568 31.6231 31.9618 32.3917 32.936 33.6476 34.4563 35.4406 36.508 37.5983 37.8706 37.9734 38.7277 39.7407 41.2068 45.0951 45.0796 45.2609 46.1625 43.7794 40.0088 26.4858 20.0942 19.5715 17.5608 14.7939 13.6433 14.2603 13.9447 13.5113 13.8658 14.3319 15.7902 16.971
37.3493 37.0981 36.787 36.4 35.9174 35.316 34.5729 33.6772 32.6537 31.5925 30.6303 29.8838 29.6592 30.1653 31.0279 31.9256 32.7358 33.429 34.0106 34.496 34.9021 35.3828 35.7642 36.1067 36.4151 30.9876 30.7039 29.0258 30.8984 30.9972 31.1204 31.2738 31.4647 31.702 31.9967 32.362 32.8132 33.431 34.0598 34.8187 35.6805 37.0558 37.5149 37.7432 38.0094 38.8058 39.8205 41.1236 45.1929 45.2386 44.154 39.2641 34.6739 27.798 23.7813 21.7047 17.8769 14.4637 13.5289 11.4103 12.3932 13.0963 12.5273 12.6713 13.0745 14.1104 17.1494
37.0927 36.8248 36.5003 36.1071 35.6318 35.0616 34.3889 33.6204 32.7887 31.9612 31.2321 30.7205 30.5794 30.8659 31.4384 32.1144 32.7805 33.3873 33.9199 34.3797 34.7742 35.1127 35.5925 35.9295 33.13 30.9904 33.6379 32.8654 31.0962 31.2119 31.3528 31.5242 31.7327 31.986 32.2931 32.6642 33.1099 33.6929 34.2731 34.9366 35.647 36.9529 37.292 38.0432 38.615 39.1133 39.9445 40.9875 45.1888 42.6033 36.4301 37.282 36.8216 34.1238 23.7096 21.0696 15.4948 14.0878 11.8778 10.3902 10.8198 11.1966 11.3338 11.7716 12.0411 12.4237 14.0554
36.8834 36.6105 36.287 35.905 35.4567 34.9375 34.3489 33.7049 33.0369 32.3975 31.8567 31.497 31.3927 31.5617 31.9407 32.4321 32.9553 33.4615 33.9272 34.3442 34.7123 35.0353 35.4732 35.7983 34.3419 33.4701 33.6198 32.8866 32.6351 31.4007 31.5534 31.7356 31.9529 32.2113 32.5176 32.8786 33.2999 33.8318 34.3435 34.902 36.4638 36.7942 37.9285 38.0204 39.1043 39.575 40.2958 41.179 39.79 37.4 38.1439 39.9583 43.7003 33.1469 22.7563 19.6642 15.7717 12.9737 10.4445 10.1636 9.8829 9.5725 9.3311 9.5632 11.6779 12.2256 13.631
36.7184 36.4493 36.1372 35.7773 35.3665 34.9053 34.3999 33.8661 33.3316 32.8365 32.4307 32.1658 32.0808 32.1823 32.4381 32.7941 33.1974 33.6088 34.0041 34.371 34.7045 35.0041 35.3996 34.8947 35.1251 34.4597 32.4995 32.907 32.6995 31.5637 31.723 31.9098 32.1285 32.3835 32.6793 33.0195 33.4802 33.8813 34.3213 36.0887 36.6669 36.9281 38.028 38.1509 38.8104 39.0684 38.9113 39.2422 37.0818 37.4237 37.9365 38.6073 38.4118 35.8868 27.3874 18.2009 15.402 13.9645 9.8144 9.8244 9.7182 9.0758 8.8107 9.0888 9.5186 12.2597 13.4453
36.5929 36.334 36.0397 35.7078 35.3384 34.9345 34.5046 34.0637 33.6345 33.247 32.9355 32.7323 32.6595 32.7201 32.8961 33.1562 33.4659 33.7961 34.126 34.4425 34.7383 35.0104 34.6442 34.8806 35.1037 34.4621 34.7649 32.9263 32.7544 31.7019 31.8634 32.0499 32.2643 32.5098 32.7888 33.1026 33.5191 33.8704 36.1794 36.4216 36.6635 38.0304 38.0276 38.8932 38.6248 38.783 38.9931 39.2344 38.3698 38.4436 37.8767 37.7541 37.5706 38.1769 32.3955 23.0933 15.3098 13.0235 11.2646 10.5555 10.0669 8.8401 8.7458 8.8704 9.3952 10.0656 11.7226
36.5015 36.2569 35.9838 35.6822 35.3537 35.0029 34.6384 34.2734 33.926 33.6181 33.3733 33.2123 33.1484 33.1832 33.3063 33.4984 33.737 34.0011 34.274 34.5437 34.8024 35.0456 34.664 34.8868 35.0999 34.4741 34.7672 32.9443 32.8003 33.0216 31.9773 32.1595 32.3658 32.5978 32.8566 33.1417 33.5162 36.0343 36.2406 36.4553 37.8991 38.0101 38.5703 38.6349 38.7331 38.8662 39.0254 39.0331 38.1135 38.0587 37.9193 36.9383 36.2275 34.2594 32.2425 21.9264 19.2306 12.87 11.823 10.8208 9.7524 8.458 8.5298 8.4644 8.4933 9.5266 10.6331
36.4387 36.2106 35.9602 35.6885 35.3983 35.0947 34.7854 34.4817 34.1975 33.9491 33.7525 33.6215 33.5646 33.5828 33.6697 33.8132 33.9983 34.2098 34.4347 34.6629 34.887 35.1023 34.7015 34.9093 34.2153 34.4939 34.7753 32.9609 32.8378 33.0555 32.0676 32.2429 32.4384 32.6548 32.8921 33.1488 35.93 36.1062 36.2939 37.8913 37.9929 38.6143 38.6567 38.7201 38.8063 38.9123 38.8728 37.9167 37.8517 37.7366 35.762 35.7971 33.879 33.226 28.7922 22.5129 19.3054 15.2467 11.3532 9.5912 8.5634 7.5782 8.3206 8.272 8.2651 8.8894 10.1333
36.3994 36.1886 35.9607 35.7175 35.462 35.1991 34.9359 34.6813 34.4464 34.2427 34.0818 33.973 33.9218 33.9292 33.991 34.0993 34.2438 34.4138 34.5992 34.7917 34.9848 34.5564 34.752 34.9442 34.2545 34.5197 34.7881 32.976 33.3218 33.0798 32.1374 32.3041 32.4874 32.6873 32.9032 35.8534 36.005 36.1684 37.887 37.9782 38.8139 38.8483 38.8987 38.9665 39.05 39.1423 37.8124 37.7532 36.2955 36.3185 35.7786 35.7468 35.906 35.7698 35.1204 23.2627 17.5255 14.3476 10.3351 8.3854 7.561 7.2822 7.1982 8.2506 8.3248 8.5518 9.2972
36.3789 36.1854 35.979 35.7619 35.5371 35.3092 35.0841 34.8691 34.6726 34.5033 34.3694 34.2774 34.2311 34.2313 34.2753 34.3577 34.4715 34.6087 34.7619 34.9241 35.0901 34.6339 34.8115 34.9882 34.2989 34.55 34.8044 32.9897 33.3192 33.096 33.296 32.3468 32.5173 32.7009 35.796 35.9272 36.0698 37.8854 37.9663 38.8482 38.8717 38.9054 38.9501 39.0051 39.0666 38.7421 36.251 36.143 36.1578 36.0256 36.0044 35.9759 35.4555 35.2183 34.4071 31.4457 20.5165 15.727 11.1713 8.343 6.0769 6.7881 6.7401 7.8829 7.692 7.8609 9.3064
36.3733 36.1964 36.0101 35.8165 35.6186 35.4203 35.2267 35.0437 34.8776 34.7351 34.622 34.5431 34.5011 34.4965 34.5277 34.5908 34.681 34.7924 34.9192 35.0562 35.1986 34.7157 34.8766 35.0384 34.3465 34.5832 34.8234 33.0018 33.3147 33.1054 33.297 32.3744 32.5321 35.752 35.8666 35.9914 37.8856 37.9573 38.8763 38.8927 38.9158 38.9462 37.6585 37.6341 37.0995 35.9558 35.9492 35.9364 35.9142 35.8786 34.3808 34.5066 34.6509 34.8242 35.4336 31.7642 22.6773 15.7194 13.2435 9.0672 6.2604 6.1024 5.3244 6.6291 7.6724 7.7435 8.6057
36.3794 36.2181 36.0501 35.8775 35.7028 35.5297 35.3622 35.2051 35.0634 34.942 34.8453 34.7768 34.7384 34.7307 34.7525 34.8012 34.8731 34.964 35.0695 35.1852 34.6578 34.7993 34.9448 35.0927 34.3959 34.6182 34.8441 33.0126 33.3088 33.1093 33.2918 32.3897 35.7177 35.0398 35.1386 36.8862 36.9338 38.8998 38.9114 37.6767 37.6633 37.6461 37.6244 37.0767 37.0372 35.8964 35.8797 35.855 34.0932 34.134 34.1752 34.2089 34.2248 33.0596 34.1709 29.7107 24.1718 15.0897 12.7785 11.003 9.5509 5.3709 3.1152 4.0438 7.1399 7.9812 8.8064
36.3943 36.2475 36.0961 35.9419 35.7874 35.6356 35.4899 35.354 35.2319 35.1274 35.0438 34.9837 34.9486 34.9389 34.9537 34.9913 35.049 35.1236 35.2116 35.3097 34.7559 34.8827 35.0142 34.243 34.4457 34.654 34.866 33.022 33.3017 33.1087 33.2819 33.4508 34.7839 34.8684 36.861 36.9033 37.6808 37.6735 37.664 37.0882 37.0519 37.0075 36.9546 37.0258 35.8627 34.3468 34.3592 34.3715 34.3824 33.7204 33.6973 33.6359 31.8291 31.7821 31.2289 27.5093 22.7581 17.8715 12.6964 10.4491 9.1126 5.4591 2.1429 2.7027 4.8265 5.952 7.9292
36.416 36.2824 36.1458 36.0079 35.8708 35.737 35.6095 35.4911 35.3851 35.2943 35.2213 35.1681 35.1358 35.1248 35.1345 35.1636 35.2101 35.2715 35.3453 35.4287 34.8506 34.9644 35.0835 34.3058 34.4952 34.69 34.8885 33.0301 33.2939 33.5524 33.2685 34.7305 34.8054 36.8405 36.8782 37.6694 37.113 37.0926 37.0672 37.0359 36.9981 36.9532 35.4461 34.2698 34.221 34.2144 34.2021 34.1806 34.1444 34.0842 32.3723 32.3131 30.5032 30.412 30.1369 28.634 21.0496 17.9271 14.097 12.0327 7.0255 4.9504 3.3211 1.5857 4.0398 5.932 6.9025
36.4426 36.321 36.1976 36.074 35.9519 35.8335 35.7212 35.6174 35.5247 35.4451 35.3809 35.3334 35.3037 35.2919 35.2977 35.3202 35.3577 35.4086 35.4707 34.8458 34.9413 35.0437 35.1515 34.3667 34.5435 34.7256 34.9112 33.0372 33.2855 33.5292 33.2525 34.7522 36.4215 36.4491 37.1055 37.0908 37.0725 37.05 37.0228 36.9904 36.9521 35.4091 34.1473 34.1345 34.1162 34.0903 34.0532 33.9996 32.2673 32.2251 32.1517 30.4107 30.3979 29.7519 28.8392 29.7182 25.6932 17.6178 14.3318 12.2078 7.8325 5.7589 2.8721 2.1763 3.1906 6.0078 7.4264
36.4727 36.3621 36.2504 36.1393 36.0302 35.9249 35.8255 35.7339 35.6522 35.582 35.525 35.4824 35.4548 35.4427 35.4456 35.4628 35.4933 35.5355 35.588 34.9419 35.0275 35.1198 35.2177 34.4253 34.5903 34.7603 34.9337 33.0432 33.2768 33.5062 35.0802 36.2611 36.2832 37.0859 37.0724 37.0558 37.0359 37.0121 36.984 35.4352 35.3815 34.092 34.0738 34.05 34.0184 33.9762 32.2278 32.1995 32.1568 32.0923 29.603 29.3969 29.3333 28.1408 28.7071 29.8902 26.0587 19.2566 14.6707 12.1017 8.4812 5.6979 4.4802 1.4947 2.5936 4.1514 7.6538
36.5054 36.4045 36.3033 36.2031 36.1052 36.0113 35.9228 35.8415 35.769 35.7066 35.6557 35.6172 35.5917 35.5794 35.5801 35.5932 35.618 35.6532 35.6976 35.032 35.1091 35.1925 35.2814 34.4813 34.6353 34.7939 34.9558 33.0483 33.2679 33.4838 35.0765 37.0797 37.0694 37.057 37.0421 37.0243 37.0034 35.6203 34.2525 34.1857 34.0521 34.0316 34.0057 33.9729 33.9308 32.1898 31.6113 29.2904 29.2676 29.2281 28.174 28.2276 28.2888 28.3445 27.5419 26.8544 24.4995 22.7543 16.1226 11.4323 10.434 6.3785 3.4089 1.6902 2.2585 3.9576 5.5414
36.5397 36.4475 36.3556 36.265 36.1769 36.0927 36.0136 35.9411 35.8763 35.8206 35.7749 35.7399 35.7162 35.7039 35.7029 35.7128 35.7329 35.7623 35.8001 35.1164 35.186 35.2617 34.3964 34.5345 34.6781 34.8262 34.9774 33.0525 33.259 33.4622 35.7552 37.0556 37.0441 35.9533 35.9152 34.7555 34.6785 34.2262 34.166 34.0234 34.0023 33.9764 32.4422 32.4173 32.3853 30.2572 30.2316 30.1954 28.0518 28.0743 28.0967 28.1521 28.1212 28.0176 26.823 26.1692 25.4169 23.8068 18.2635 12.7586 9.5945 6.7444 4.0655 1.2802 1.1052 2.871 6.1789
36.5749 36.4906 36.4069 36.3248 36.2453 36.1694 36.0984 36.0333 35.9752 35.9251 35.8838 35.8519 35.8298 35.8177 35.8154 35.8227 35.839 35.8637 35.1387 35.1953 35.2583 35.3271 34.4558 34.5847 34.7189 34.8571 34.9983 33.0561 33.2502 35.6006 35.978 34.8763 34.8314 34.7791 34.7186 34.649 34.2056 34.1514 34.0029 32.4387 32.4214 32.4002 30.2338 30.2176 30.1961 30.1676 27.987 28.0434 28.0454 28.041 28.0251 27.9886 27.0675 27.0182 26.9637 25.9321 27.872 25.5743 19.2076 15.3109 10.454 7.2187 4.9501 2.7039 1.1233 2.3409 5.6832
36.6106 36.5333 36.457 36.3823 36.3102 36.2417 36.1776 36.119 36.0666 36.0214 35.9838 35.9546 35.9339 35.922 35.9188 35.924 35.9372 35.9579 35.2177 35.269 35.3263 35.389 34.5115 34.6321 34.7574 34.8866 35.0184 33.0589 33.0344 33.6151 34.8337 34.7919 34.7436 34.6883 34.6252 34.1895 34.1406 32.425 32.4099 30.2196 30.2085 30.1944 30.1766 30.154 27.9873 27.989 27.9885 27.9844 28.2715 28.2486 26.9984 26.978 26.9433 25.8733 26.0362 25.639 25.418 24.8796 21.8271 16.95 12.3399 8.6074 5.7363 4.0214 2.1427 2.6868 4.7031
36.6463 36.5754 36.5055 36.4375 36.372 36.3098 36.2518 36.1987 36.1513 36.1102 36.076 36.0491 36.0297 36.0181 36.0141 36.0177 36.0284 36.0457 35.2912 35.3379 35.3902 35.4474 34.5638 34.6766 34.7938 34.9146 35.0378 32.8558 33.2104 33.555 34.7586 34.7141 34.6634 34.606 32.8311 32.7741 30.2102 30.2021 30.1922 30.1802 30.1654 30.1472 28.2577 28.2555 28.2514 28.2444 28.2335 28.217 28.1924 27.1643 27.1333 25.712 25.7632 25.8294 24.5623 24.5975 24.4192 23.6587 21.1755 18.0144 14.0814 10.5747 7.422 3.9729 2.4661 2.7939 4.386
36.6818 36.6166 36.5525 36.4903 36.4306 36.374 36.3212 36.273 36.2299 36.1924 36.1611 36.1362 36.1181 36.1068 36.1023 36.1045 36.113 35.3225 35.3596 35.4023 35.45 34.512 34.6128 34.7184 34.8281 34.9411 32.8899 33.041 33.442 33.4989 34.6893 34.6428 34.5905 32.8102 32.7581 30.1901 30.1814 30.171 30.1587 28.2349 28.2332 28.2304 28.2261 28.2199 28.211 28.1986 27.1477 27.1334 27.1124 27.0822 25.6685 25.6981 24.8415 24.265 24.2664 23.8386 23.5229 22.9355 20.5844 17.9947 16.8719 11.3841 7.9423 3.9111 3.4953 3.2099 4.2543
36.7168 36.6567 36.5979 36.5409 36.4862 36.4345 36.3864 36.3424 36.303 36.2687 36.2399 36.2169 36.1999 36.1889 36.1841 36.1851 36.1919 35.3894 35.4234 35.4625 35.5062 34.564 34.6586 34.7577 34.8604 34.9662 32.8903 33.0303 33.398 33.5002 33.4418 33.3764 32.7932 32.7454 30.174 30.165 28.2195 28.2181 28.2161 28.2132 28.2092 28.2038 28.1965 28.187 27.1256 27.1148 27.0999 27.0796 27.0521 25.6378 24.9111 24.093 24.1061 24.0994 23.6565 23.4867 23.1909 22.7499 20.3152 17.8954 17.2393 13.805 10.9409 5.8886 3.5863 3.2744 4.1949
