normal_rasters/0772100000296854.ascii
ncols 47 
nrows 47 
xllcorner 158242.515015
yllcorner 383893.971985
cellsize 0.25
nodata_value -9999 
33.9757 33.2963 33.205 32.6944 29.9332 29.9809 30.0348 30.2763 30.3118 34.0332 34.1363 37.3128 39.4331 41.9553 41.9988 42.053 42.1191 44.0924 44.1706 44.259 44.3533 44.4474 46.2647 46.2996 46.328 47.0036 47.0024 47.0 46.9969 47.8343 48.2902 48.4309 48.4664 48.9815 49.185 49.1777 49.1715 49.1663 48.7309 48.7193 48.7089 48.6997 48.6918 48.6849 48.679 48.4274 48.4245 
34.0389 31.3705 33.2652 33.1568 27.516 29.9421 29.9996 30.065 30.2977 30.3413 34.0491 35.1439 37.3308 41.9104 41.9536 42.0099 42.082 42.1716 44.1436 44.2508 44.3688 44.4886 46.2816 46.3252 47.0109 47.0109 47.0086 47.0048 47.0003 47.8446 48.4099 48.4581 48.9817 49.1901 49.1807 49.1727 49.166 48.7399 48.7257 48.7131 48.702 48.6925 48.6844 48.6776 48.4276 48.4242 48.4214 
36.1253 34.0306 33.3384 33.2227 33.0923 27.5245 29.9557 30.0263 30.2786 30.3268 30.3812 34.076 35.1996 37.3581 41.8957 41.9516 42.0275 42.1276 44.099 44.2297 44.3803 44.5375 46.3037 46.3596 47.0214 47.0203 47.016 47.01 47.8099 47.8604 48.4405 48.6024 49.0453 49.1858 49.1751 49.1662 49.1591 48.7341 48.7186 48.7052 48.6936 48.6839 48.4323 48.4277 48.4238 48.4206 48.4178 
36.1707 33.1054 34.0166 33.3046 33.1638 27.4831 27.537 29.9765 30.2531 30.3062 30.3675 32.2066 34.1208 37.3034 39.4252 41.8741 41.9495 42.0569 42.2044 44.1854 44.3816 44.5953 46.3337 46.4077 47.0361 47.0326 47.0246 47.0153 47.8199 47.9848 48.5952 49.0483 49.1945 49.1798 49.1676 49.158 48.7456 48.7262 48.7094 48.6952 48.6833 48.4334 48.4278 48.4232 48.4194 48.4163 48.1995 
36.2236 36.1731 33.1031 31.4191 33.2554 33.0813 27.4879 27.5557 30.0083 30.277 30.3459 30.4258 32.2371 35.1401 37.335 38.9143 41.8406 41.9474 42.1107 44.0981 44.3577 44.6615 46.3767 46.4788 47.0578 47.0484 47.0337 47.3833 47.7144 48.3788 49.051 49.0628 49.1886 49.1713 49.1576 49.1474 48.7367 48.7153 48.6973 48.6826 48.4348 48.4279 48.4223 48.4179 48.4143 48.1975 48.1929 
36.2848 36.2356 36.1734 33.0941 31.3862 33.1827 30.1157 27.4967 27.5843 30.2365 30.3131 30.4055 32.2202 32.2861 36.3784 37.3902 38.9255 41.7841 41.9466 42.2219 44.2732 44.7282 46.4432 46.5919 47.0911 47.0673 47.3863 47.3672 47.7587 48.4917 49.0724 49.2052 49.1794 49.159 49.1441 48.9426 48.7237 48.7005 48.6818 48.4364 48.4278 48.421 48.4157 48.2008 48.1945 48.1895 47.8582 
38.7033 36.3091 36.2484 33.2052 33.0737 31.3304 33.0738 27.4201 27.5125 29.9693 30.2641 30.37 30.4986 32.2751 32.3661 36.3889 36.4262 38.9356 41.6771 41.9524 42.4981 44.7539 46.5572 46.7898 47.1412 47.0835 47.3574 47.6479 47.8398 49.0838 49.1012 49.1972 49.1646 49.1413 48.9455 48.7362 48.7054 48.6809 48.4386 48.4275 48.419 48.4125 48.1975 48.1903 48.1848 47.8546 47.8493 
38.7032 38.7243 36.3382 36.2615 33.207 33.0333 31.2365 29.7697 27.4155 27.5408 30.1923 30.3109 30.465 32.2519 32.3737 34.4294 36.2222 36.6037 39.041 41.439 41.9965 44.5421 46.1488 47.3703 47.1933 47.3342 47.3108 47.7043 48.6877 49.1378 49.0854 49.181 49.1406 49.1158 48.9295 48.7132 48.4613 48.4416 48.4267 48.4157 48.4078 48.1923 48.1842 47.8568 47.8495 47.4963 47.4915 
38.701 38.7247 38.7512 36.3738 36.2739 33.1953 32.9569 31.077 24.6837 27.4148 27.5925 30.2156 30.3962 30.6359 32.3743 32.5509 33.6204 36.1399 36.6219 38.8909 40.8068 42.3751 45.603 47.3711 47.0235 46.7593 46.9667 47.5567 49.1795 49.1757 49.106 49.1475 49.1017 48.9268 48.9072 48.4746 48.4458 48.4249 48.4103 48.4006 48.184 47.8608 47.8502 47.8421 47.4935 47.385 46.8445 
38.6959 38.7221 38.7522 38.7864 36.4181 33.4108 33.1551 31.3102 29.6566 24.3737 27.4247 27.6901 30.2657 30.5682 31.1035 32.6325 33.7412 32.8195 34.3161 36.5036 37.5507 41.1778 42.9279 45.7743 46.8191 46.7302 46.6741 48.0788 49.1816 49.2925 49.1946 49.0777 48.9198 48.8926 48.4969 48.4518 48.4208 48.4009 48.3887 48.1273 47.8518 47.8399 47.4969 47.4892 47.3796 46.8437 46.5589 
38.6871 38.7154 38.7492 38.789 38.8347 36.4746 33.4353 33.0537 31.0529 23.9352 24.4068 27.4612 30.0311 30.3866 31.0944 32.7626 33.0249 33.4851 32.5018 33.222 34.7205 36.311 39.6043 42.6837 45.1775 47.632 45.7861 48.2127 49.6141 49.55 49.0367 48.9575 48.866 48.5366 48.4611 48.4115 48.3829 48.125 48.1115 47.8367 47.5033 47.4914 47.4827 47.028 46.8422 46.4427 46.4402 
38.6734 38.7032 38.7401 38.7854 38.8402 38.9041 36.0699 33.427 32.8109 29.2454 23.9081 24.4769 27.5622 29.9685 30.8715 32.1061 33.6066 33.4089 32.3129 32.4245 33.1157 34.3911 35.2147 37.2999 40.5005 43.63 45.3848 48.1235 49.4456 49.342 48.823 48.829 48.6003 48.4757 48.3894 48.1273 48.0966 47.7962 47.7787 47.4961 47.4822 47.1599 47.0272 46.77 46.4426 46.4394 46.1011 
38.4456 38.5027 38.7223 38.7722 38.8363 38.9164 39.011 33.9976 33.3132 32.2093 22.1034 24.1172 24.6546 27.8109 28.4552 32.3821 34.7479 33.3077 32.3176 32.033 31.6959 32.2058 34.2304 34.9253 37.4667 40.366 41.7998 46.5091 48.6679 49.1054 48.8546 48.6587 48.5124 48.1996 48.0716 48.0341 47.7726 47.7535 47.4821 47.2039 47.0982 47.0256 46.6823 46.4424 46.4384 46.1014 46.0975 
38.3811 38.4327 38.5044 38.7446 38.8156 38.9126 39.0401 39.1919 34.2004 32.8398 28.2467 21.9522 23.8804 25.3053 27.6129 29.7774 33.7257 31.831 31.0777 30.3153 30.559 31.0382 32.0895 34.6585 35.5984 38.32 40.7595 43.1949 45.1422 47.508 48.6246 48.5391 48.3187 47.8118 47.7616 47.7131 47.5254 47.2126 47.2019 47.0963 47.0224 46.6827 46.442 46.4369 46.1016 46.0968 46.093 
38.3024 38.3429 38.4033 38.4942 38.7686 38.8765 39.0396 39.2708 37.3648 34.3058 31.0005 20.9307 20.9407 20.7233 22.9555 24.2893 27.0515 29.6639 29.3188 28.3256 29.3958 29.92 31.2797 32.6101 35.1489 35.5938 38.4243 40.4555 41.8674 45.0184 48.449 48.423 47.6792 47.4174 47.4537 47.2842 47.2692 47.1963 47.0919 46.8041 46.6834 46.4415 46.4346 46.1019 46.0956 46.091 46.0876 
35.1323 35.1542 38.2727 38.3394 38.4528 38.7847 38.9638 39.2899 39.8092 38.5777 33.1872 21.5018 21.6694 19.5673 20.1207 22.1726 24.2656 25.2514 26.378 26.7455 26.1374 28.4707 28.8409 30.8336 32.2876 35.0757 36.3005 39.0794 40.5977 43.2871 46.9844 47.697 47.4506 47.3718 47.2805 47.2545 47.0956 46.9893 46.9777 46.6849 46.4405 46.4117 46.1022 46.0936 46.0877 46.0838 46.0812 
34.4888 34.4998 35.1229 35.1588 38.1978 38.324 38.7445 39.0686 39.9505 41.6301 38.1199 23.6201 20.7466 18.7789 19.5454 20.369 22.2074 22.1632 23.0528 23.9758 24.6522 25.587 27.7489 29.8972 31.376 32.5643 35.7458 36.855 39.5183 41.3402 43.7706 47.2951 47.3766 47.2867 47.1798 47.0994 46.9976 46.9758 46.6883 46.4192 46.4073 46.1023 46.0902 46.0825 46.0778 46.0751 46.0737 
34.4721 34.4793 34.4905 34.5089 34.5416 34.604 35.4067 38.1728 38.736 40.2756 36.7522 28.0181 23.1857 17.8524 20.2469 19.071 18.5696 18.3884 19.8061 20.7446 21.3267 23.009 24.9404 27.7836 29.4272 31.1305 32.9174 35.775 38.1578 39.4281 41.2899 45.2121 47.2946 47.2118 47.1287 47.0526 46.9712 46.6983 46.4202 46.3984 46.102 46.0835 46.0733 46.0681 46.0658 46.0651 45.8214 
34.6803 34.675 34.6682 34.4646 34.4777 34.5083 34.595 34.9374 36.4885 34.1728 29.0771 26.3743 23.5621 19.2 17.8891 15.5564 15.0508 16.0643 16.5638 18.2127 20.3778 21.4 23.7474 25.4789 27.0548 29.3965 31.4984 33.6379 36.2029 38.2178 40.0685 42.1596 46.2926 47.2103 47.0942 46.9836 46.7426 46.4281 46.3768 46.0999 46.0688 46.0555 46.051 46.0506 45.8164 45.8132 45.7063 
34.673 34.6645 34.6518 34.6321 34.5996 34.0675 34.0902 33.9763 33.8472 31.3472 28.3367 25.7486 23.1568 20.6455 17.1764 15.0634 13.1087 12.558 14.5611 16.1853 17.8985 20.0533 22.2453 23.5274 25.5274 27.2572 30.7718 32.2268 34.416 36.2738 38.6406 41.6456 44.6056 47.15 47.0457 46.9184 46.5766 46.3119 46.0888 46.029 46.0151 45.8422 45.8403 45.6997 45.698 45.5262 45.5273 
34.4468 34.4435 34.437 34.4244 33.7573 33.7376 33.6854 33.5957 33.4125 30.2964 26.7738 25.227 23.7844 19.7389 17.5499 13.0432 11.4327 11.2853 11.661 14.4794 16.0538 18.2564 20.8165 22.4852 24.3866 26.0182 27.9214 30.1301 32.7232 35.2606 36.9859 39.6346 42.0981 46.6006 47.0904 46.6116 46.2799 45.9643 45.8739 45.7729 45.7919 45.6757 45.5183 45.5215 45.5238 45.5254 45.5267 
34.1509 34.1592 34.1698 34.1839 34.2027 34.227 34.2434 34.0512 32.126 29.7137 28.3515 23.8793 22.818 20.5692 17.6694 15.5689 11.6728 9.675 9.7334 11.3888 14.264 16.5984 19.0051 21.5255 23.2382 25.5727 27.5326 28.6188 30.6495 34.0722 36.3864 37.1267 41.6983 44.7549 46.8822 46.5217 46.0661 45.5089 45.4047 45.4713 45.5007 45.5118 45.5174 45.5209 45.5233 45.525 45.5264 
34.1813 34.199 34.2242 34.2621 34.3239 34.4356 34.5684 35.0367 34.6242 30.4981 27.676 25.9951 22.8535 20.5403 18.6456 15.606 13.5789 9.2288 8.4221 10.2985 11.3464 13.6279 16.889 18.912 21.4556 23.7254 26.0985 27.8756 28.9147 30.5604 33.61 37.1582 38.6273 44.2301 46.6212 46.378 45.8853 45.6838 45.5277 45.5181 45.5221 45.5264 45.5297 45.5323 45.5343 45.5359 45.5372 
35.3932 35.6756 35.6578 35.6294 35.5847 34.5619 34.7187 35.0323 33.8319 32.4345 28.3254 26.627 24.3821 21.8107 19.4259 17.2431 14.6407 11.9625 7.9911 6.6805 10.6062 10.9635 15.6947 17.4462 19.5352 22.2315 24.3741 26.441 28.0628 29.7317 30.4257 36.0243 38.1918 39.6337 45.1235 46.301 46.2074 45.6532 45.5242 45.5292 45.532 45.5331 45.5344 45.5356 45.5367 45.5377 45.5386 
36.4804 37.0284 37.0166 36.9987 36.9702 36.0574 35.9844 34.557 34.2308 33.4614 30.0276 27.6729 25.3059 23.0684 20.0463 18.3846 16.154 13.4232 9.9766 6.1085 6.5313 9.3405 11.4824 13.5454 17.0133 20.0264 22.664 24.6307 26.7089 28.6604 30.3141 32.4741 37.0593 39.3323 41.2819 45.2059 46.2631 45.9924 45.647 45.6849 45.7258 45.614 45.6167 45.619 45.621 45.6228 45.6245 
38.3469 37.1562 37.1879 37.2382 37.3233 37.4755 37.4047 37.4142 36.8663 33.1099 31.2576 28.7771 26.9213 24.7345 21.044 19.267 17.4853 15.4352 13.4867 7.0658 3.2412 7.0528 9.0388 11.2832 14.7745 18.4609 20.2483 23.3324 24.5137 27.2304 29.0531 30.4613 32.48 37.4425 39.6076 42.5636 45.8883 46.0947 45.9163 45.7701 45.7663 45.7733 45.7811 45.6302 45.6298 45.6299 45.6302 
38.5127 38.5561 38.6199 38.6441 39.3896 39.4183 39.2827 39.5338 39.425 36.1684 32.8006 29.7227 27.4654 25.3102 23.0927 19.832 18.6246 16.3117 14.4139 9.5348 4.8171 3.3685 7.5152 10.2989 13.3918 16.6569 19.8136 21.4476 23.2838 24.2249 26.8723 29.6606 31.2984 33.3545 38.0712 40.0841 42.9453 44.5839 45.9901 45.93 45.8029 45.797 45.7971 45.7992 45.8019 45.6367 45.6359 
39.4608 39.9289 39.938 39.9495 39.9643 39.9828 40.002 39.9908 39.7244 37.9699 35.1371 30.8588 29.7222 26.5689 25.3819 21.696 18.9679 18.1013 15.7358 12.3857 8.774 2.8593 2.6218 7.8524 11.2768 14.6571 17.2092 19.6193 21.5102 22.8495 24.9991 27.8081 29.6028 31.2747 35.9113 38.8129 41.6389 43.7588 44.6805 45.9665 45.9403 45.817 45.8115 45.8101 45.8103 45.8112 45.8125 
39.9354 39.9471 39.963 39.9858 40.0212 40.0836 40.2191 40.6268 41.9224 39.4141 36.3444 32.6533 29.7889 28.1847 26.1091 25.3689 21.9398 18.7339 17.5606 14.6278 11.7761 7.1697 1.7718 2.523 10.7377 13.02 17.1636 18.1954 20.1648 22.3198 23.1274 26.7574 28.1257 30.066 33.1493 36.1428 39.1977 42.0817 43.7728 44.575 45.9607 45.9465 45.9384 45.82 45.8179 45.8174 45.8176 
40.7649 40.7704 40.7803 40.7979 40.8302 40.3266 40.7649 40.8517 40.7128 39.4317 36.4377 34.8282 31.3195 29.9044 26.6615 25.2297 24.3935 22.2721 18.7185 17.0492 13.4898 10.5175 5.0002 1.494 4.2774 11.5787 15.5033 17.8541 19.032 20.9805 22.0424 25.0239 28.515 29.24 31.1688 33.5667 36.9996 39.2934 42.2159 44.3861 44.5335 45.9593 45.9505 45.9449 45.8258 45.8233 45.8223 
40.8126 40.8293 41.5119 41.5356 41.4703 41.4907 41.526 41.6011 41.6615 41.7962 38.2241 35.4457 32.4646 30.0032 28.6596 26.4792 25.0758 23.6827 19.5378 17.587 16.5833 13.0445 8.4086 3.3322 4.2616 7.5868 12.4207 16.1313 18.7003 19.7123 20.2647 23.6162 26.2121 29.0824 30.8222 31.3921 33.6095 37.1771 40.0744 43.0227 44.416 44.4003 45.9592 45.9532 45.9492 45.8296 45.8274 
41.5321 41.5506 41.4795 41.4982 41.5268 41.5737 41.6602 41.6259 41.9326 42.371 40.3543 36.5254 34.1488 30.6398 29.3093 28.339 26.5066 24.7954 19.906 17.2545 16.5308 15.2702 12.6115 6.0087 3.122 4.973 10.613 13.915 16.1624 18.1601 18.4804 23.0955 23.8671 27.7306 30.7012 31.1148 31.4265 34.9985 37.2486 40.1347 44.3368 44.4343 44.3913 44.4441 45.9553 45.9522 45.8322 
41.475 41.4884 41.5066 41.5325 41.5707 41.7639 41.5148 41.6084 41.5629 41.1268 40.7328 38.4798 34.8613 33.1732 30.4766 29.0445 28.1691 26.6366 22.078 18.0882 17.0953 16.3339 13.9886 11.1678 3.7643 3.5272 9.2525 13.637 14.9675 17.2489 17.8802 18.7084 23.4771 25.5203 27.8255 30.9753 31.2264 31.4114 35.0983 37.2763 40.1632 44.3773 44.33 44.3857 44.4269 45.9568 45.9544 
41.4903 41.5062 41.6876 41.7037 41.8138 41.4117 41.4444 42.0805 41.9466 40.8182 39.6395 38.613 36.8289 34.3606 32.5089 31.0925 30.4429 27.9972 24.4691 22.9246 20.9851 18.9692 16.765 13.6157 8.7814 7.861 8.5926 10.9191 14.3861 15.6568 17.5714 17.8641 19.6898 25.1993 25.5816 30.9059 31.1062 31.267 34.9009 35.146 40.0284 41.4748 44.4034 44.3392 44.3821 44.415 45.958 
41.6654 41.6744 41.7766 41.7746 42.2015 42.1988 42.1929 42.1853 41.8168 41.9605 41.7477 40.9258 38.8922 35.6109 33.1957 31.5866 30.5937 28.2189 25.6536 23.6918 22.5153 19.6136 17.8705 15.1703 10.0273 9.2068 8.6611 9.2788 12.0853 14.0592 16.1192 17.7115 19.3761 21.6939 25.3457 27.7154 31.0335 31.1702 31.2792 34.9891 35.168 40.0713 41.5049 44.4213 44.3457 44.3796 44.4065 
42.5736 42.5808 42.2245 42.2315 42.8818 42.902 42.9394 42.2492 42.3315 42.8738 43.3889 43.8381 41.3197 38.0852 34.001 32.1701 31.1111 28.1382 25.9462 24.375 23.2968 21.5694 19.3133 16.7612 12.7164 9.5707 9.393 9.0163 9.3332 13.7113 14.0283 16.2298 17.7818 19.5452 21.7722 25.4136 30.9896 31.105 31.2019 31.2794 35.0416 35.1769 41.4052 41.5239 44.3166 44.3503 44.3778 
42.8816 42.8887 42.8991 42.9145 42.9382 42.6365 42.7959 42.6544 42.7704 42.9639 43.5253 43.4436 43.1571 40.3728 36.8946 33.0624 31.7165 29.275 26.7735 25.5676 24.4207 22.0842 20.7247 17.5854 14.26 13.2892 9.4435 8.9141 9.1187 11.7935 14.1811 16.1227 16.2791 19.3973 19.6399 22.7181 25.4449 31.0609 31.146 31.2172 34.947 35.0735 37.9903 41.4414 41.5362 44.3263 44.3537 
42.9041 42.9154 42.931 42.953 42.7481 42.7874 42.613 43.2866 43.3187 43.3567 43.3796 43.2018 42.978 41.9681 39.5399 36.1093 32.0513 31.152 27.62 26.089 24.8895 23.9724 23.2323 17.7632 14.9588 14.0934 11.188 9.7188 9.0039 9.1284 12.4501 14.2091 16.1949 16.3022 19.5175 19.6941 23.9059 28.7769 31.1055 31.1699 31.2239 34.9932 35.0931 38.0146 41.4668 41.5441 44.3337 
42.9244 42.9388 42.7209 42.7438 43.2361 43.2482 43.2634 43.2822 43.3038 43.3251 43.3371 42.6553 42.5551 41.6785 40.264 37.1837 33.9401 32.1054 29.3565 26.7596 25.4623 24.4144 24.0846 21.7891 17.0848 14.553 14.1107 11.2209 9.7877 9.0332 11.7286 13.5808 14.2191 16.2357 19.4356 19.593 22.618 23.9399 28.8338 31.1339 31.1839 34.9309 35.0244 35.1051 38.0309 41.4851 41.5492 
43.005 42.7183 43.2212 43.2286 43.2376 43.2484 43.2612 43.2758 43.34 43.3058 42.9286 42.4194 41.7022 41.662 41.1768 38.9402 36.4654 33.9678 29.8445 27.2644 25.4588 25.1393 24.3106 24.1772 20.4074 14.7955 14.4147 14.1579 13.4028 8.9696 9.036 12.4002 13.6202 14.2213 16.2598 19.5209 19.6419 22.679 23.9593 31.1064 31.1522 31.1918 34.9696 35.046 37.9522 41.436 41.4985 
43.2115 43.2166 43.2225 43.2295 43.2376 43.2469 43.3239 43.3114 43.2882 42.9073 42.2441 41.5879 41.5233 40.6013 40.3908 38.9584 38.0864 34.5564 30.9609 28.6104 27.1801 25.222 25.0371 24.2996 20.6769 18.2025 14.6033 14.3686 13.5841 13.4841 8.9819 12.3282 13.5233 13.643 13.7385 19.4698 19.579 22.5757 23.8428 28.7905 31.1271 31.1641 31.1961 34.9976 35.061 37.9735 41.4556 
43.2126 43.2174 43.223 43.2293 43.2365 43.3045 43.5019 43.4878 42.8976 42.8738 42.1656 41.488 41.4232 40.3454 40.198 38.8238 38.3158 36.5674 33.3253 30.6483 27.3465 25.2554 25.1206 25.0128 24.3064 20.4366 16.359 14.5131 14.3571 13.6136 13.5407 8.9832 12.3871 13.5641 13.6565 13.7315 19.5322 19.6197 22.6298 23.8717 28.8233 31.1415 31.1717 34.958 35.0181 35.0715 37.9893 
43.2131 43.2176 43.2227 43.2968 43.5009 43.4934 43.4825 43.4667 42.8761 42.1503 41.4641 41.4264 41.3695 40.2215 40.1231 38.7111 38.3928 36.7724 33.5216 30.8551 28.6378 27.2866 25.1667 25.0798 25.0128 21.821 18.2668 16.2503 14.4693 13.7164 13.6378 12.6761 12.3423 13.504 13.5912 13.6644 16.1761 19.5774 19.6486 22.6683 26.1533 28.8461 31.1515 31.1766 34.9824 35.0334 37.9381 
43.2131 43.2173 43.4987 43.4943 43.488 43.4793 43.4674 42.8774 42.1396 41.4464 41.423 41.3882 40.1992 40.1549 40.0863 38.6301 38.4157 38.2102 36.6014 33.2498 30.743 27.3602 25.1928 25.1226 25.0646 21.9394 18.4609 18.1128 16.1927 14.4482 13.7173 13.6578 12.6986 12.3861 13.5398 13.6097 13.669 16.1853 19.6108 22.6051 23.8212 26.1959 27.6859 31.1584 31.1796 35.0011 35.0448 
43.4965 43.4936 43.4897 43.4844 43.4774 43.4681 43.047 42.1318 42.1107 41.4175 41.3948 41.3645 40.1523 40.1154 40.0654 38.5714 38.4183 38.2674 36.6961 33.3692 32.3949 27.4068 26.5239 25.1505 25.1009 25.0605 21.7946 18.2856 18.0212 16.1625 13.7812 13.7211 13.6745 12.7159 13.4997 13.5655 13.6226 13.6716 19.5806 19.6358 22.6397 26.1014 26.2272 27.6962 31.1633 34.9738 35.0156 
43.4899 43.4864 43.4819 43.4761 43.4687 43.0499 42.1258 42.1101 41.4117 41.3961 41.3754 40.1418 40.1205 40.0902 40.0523 38.5277 38.4133 38.2987 36.7506 35.5402 32.5256 30.7949 27.3629 26.4603 25.1266 25.0906 21.8745 21.6997 18.172 16.2939 16.1475 13.7733 13.726 12.7649 12.3893 13.53 13.5843 13.6318 13.6728 19.6082 21.6948 22.666 26.1424 26.2502 31.1492 31.1665 34.9906 
43.4839 43.4801 43.4752 43.4692 43.0519 42.1211 42.1089 41.4064 41.3951 41.3804 41.3619 40.1171 40.098 40.0731 40.0435 38.4942 38.4056 38.316 38.2325 35.6273 32.6129 32.4349 27.391 26.5117 25.145 25.1132 25.0862 21.7767 18.287 18.0972 16.2585 13.8161 13.7695 13.7314 12.7707 12.4144 13.5528 13.5983 13.6383 17.501 19.6296 21.7275 26.0699 26.1739 26.2672 31.1537 31.1687 