normal_rasters/0772100000293566.ascii
ncols 54 
nrows 40 
xllcorner 158648.769001
yllcorner 383597.640999
cellsize 0.25
nodata_value -9999 
35.8398 34.7235 34.6735 34.6069 34.522 34.4181 34.2968 34.1616 34.0189 32.8227 30.4132 30.4132 30.4145 30.4145 30.5157 29.898 29.2828 27.4015 24.1837 21.7917 18.9628 14.5913 14.4197 10.9967 9.3935 8.787 8.8161 10.5706 13.5766 17.8136 19.779 22.013 22.2472 27.0431 27.1474 28.1399 29.5081 29.6926 29.7437 30.1939 30.1939 30.1939 30.1939 30.1939 30.1939 30.1939 30.1939 30.1802 30.1797 30.1791 30.1788 30.2021 30.2023 30.2025 
35.9079 35.8821 34.7675 34.7002 34.6094 34.4928 34.3511 34.1887 34.014 32.8 30.4132 30.4133 30.4145 30.4145 30.5153 29.9072 29.2902 27.4292 24.2603 21.8285 18.9859 18.767 14.4249 11.0021 9.3728 8.7559 8.7941 9.3726 13.5495 17.7027 19.7414 22.0289 22.3226 27.0133 27.1439 27.2753 29.503 29.7013 29.7634 30.1939 30.1939 30.1939 30.1939 30.1939 30.1939 30.1939 30.1939 30.1801 30.1795 30.179 30.2017 30.202 30.2022 30.2024 
35.9863 35.968 35.9345 34.8187 34.7245 34.5954 34.4297 34.2321 34.0139 32.7725 30.4133 30.4133 30.4145 30.4145 30.5147 29.9201 29.3008 27.4684 24.3685 21.8848 21.6044 18.7432 14.4371 11.0123 9.3434 8.7069 8.7586 9.3745 12.9867 16.393 19.6838 22.0503 22.427 26.3311 27.1408 27.3089 29.4962 29.7139 29.7902 30.1939 30.1939 30.1939 30.1939 30.1939 30.1939 30.1939 30.1808 30.1799 30.1793 30.2013 30.2016 30.2019 30.2021 30.2024 
36.0751 36.0683 36.0459 36.0008 34.8774 34.7383 34.5458 34.3023 34.0234 32.7385 30.4133 30.4133 30.4145 30.4145 30.5139 29.9387 29.317 27.525 25.4668 21.9727 21.6102 18.7137 14.4616 11.0316 8.8873 8.627 8.7 9.3776 12.9167 16.2949 19.5938 22.0804 22.5753 26.3181 27.1396 28.1544 29.4874 29.7327 30.1939 30.1939 30.1939 30.1939 30.1939 30.1939 30.1939 30.1939 30.1807 30.1797 30.2007 30.2011 30.2014 30.2018 30.2021 30.2023 
36.1735 36.1835 36.179 36.151 36.0866 34.9403 34.7211 34.4187 34.0524 32.6959 32.4037 30.4133 30.4145 30.4145 30.5126 29.9663 29.3425 29.1993 25.5688 22.1138 21.6322 18.6773 14.5087 11.0687 8.9657 8.4912 8.5994 9.3836 12.8053 16.1375 17.6002 22.1252 24.8178 26.3031 27.1438 28.2112 29.4406 29.7614 30.1939 30.1939 30.1939 30.1939 30.1939 30.1939 30.1939 30.182 30.1806 30.2 30.2004 30.2009 30.2013 30.2017 30.202 30.2023 
36.2793 36.3116 36.3338 36.3356 36.2995 36.1996 34.9923 34.6179 34.1217 32.642 32.2471 30.4134 30.4145 30.4145 30.5104 30.0082 29.3849 29.1898 25.7268 25.2232 21.6884 18.6351 14.5972 11.1438 8.9616 8.3904 8.417 9.3964 12.6328 15.8688 16.7667 22.1963 24.8321 26.29 27.163 28.5863 29.4579 30.0875 30.1939 30.1939 30.1939 30.1939 30.1939 30.1939 30.1939 30.1821 30.199 30.1995 30.2001 30.2007 30.2012 30.2016 30.202 30.2024 
36.3702 36.448 36.5064 36.5539 36.5717 36.5231 35.4209 34.9732 34.2797 32.5745 32.0186 30.4135 30.4145 30.4145 30.5063 30.0784 29.4602 29.0955 25.9799 25.2836 21.8146 18.599 14.7581 11.3092 8.9502 8.0305 6.755 7.8432 12.1723 15.383 16.8098 22.3197 24.8118 26.3005 27.2183 28.6514 29.5197 30.1939 30.1939 30.1939 30.1939 30.1939 30.1939 30.1939 30.185 30.1819 30.1983 30.199 30.1998 30.2005 30.2011 30.2017 30.2021 30.2024 
38.3597 38.38 36.6583 36.7955 36.9001 36.9618 36.8878 35.6358 34.648 32.4966 30.4128 30.4136 30.4145 30.4145 30.4966 30.5356 29.6035 29.1532 27.5101 25.4396 22.0666 18.6377 15.0151 12.6109 8.8957 7.3355 6.2741 8.1246 11.6278 14.5032 16.8771 22.8684 24.6162 26.447 27.7095 28.8527 29.6727 30.1939 30.1939 30.1939 30.1939 30.1939 30.1939 30.1939 30.1859 30.1966 30.1975 30.1985 30.1995 30.2005 30.2011 30.2017 30.2021 30.2025 
38.4289 38.481 38.5279 36.9608 37.2075 37.4925 37.6988 37.5225 35.5505 32.4404 30.4132 30.4139 30.4145 30.4145 30.4731 30.6039 29.8869 29.3694 28.0384 25.2755 23.4727 19.0667 15.8183 13.0881 8.5945 5.8486 4.2224 8.241 11.6026 13.1352 17.1534 22.2358 23.8786 26.5971 27.7247 29.4483 30.094 30.1893 30.1939 30.1939 30.1939 30.1939 30.1939 30.1939 30.1949 30.1948 30.1962 30.1979 30.1994 30.2005 30.2012 30.2018 30.2023 30.2026 
38.4547 38.5132 38.5905 38.7005 37.41 37.9076 38.6416 39.3433 38.0965 33.5031 30.4137 30.4144 30.4145 30.4145 30.4145 30.5388 30.7729 30.2259 27.8566 26.9781 23.1594 20.3963 16.3206 13.2244 8.8006 4.258 3.0902 6.6746 10.4737 14.4392 17.1089 20.769 24.4446 26.2443 28.3213 29.6811 30.0864 30.2196 30.1939 30.1939 30.1939 30.1939 30.1939 30.1877 30.1886 30.1893 30.1942 30.1975 30.1995 30.2007 30.2015 30.2021 30.2025 30.2028 
40.3693 40.3512 38.6091 38.7149 38.8794 39.1828 39.1196 41.6583 39.7846 35.1225 30.4114 30.4114 30.4137 30.4145 30.4145 30.4175 30.7177 30.3214 28.1537 26.8557 23.4225 20.3227 16.6967 13.4704 10.2008 5.565 2.8878 3.8628 9.5267 13.6328 17.4117 20.4914 23.7876 26.9688 28.3542 29.618 30.3167 30.2569 30.1939 30.1939 30.1939 30.1939 30.196 30.2111 30.1421 30.181 30.1936 30.198 30.2001 30.2012 30.202 30.2024 30.2027 30.203 
40.4224 40.4104 40.3914 40.3623 38.8151 38.9765 39.2285 38.7795 36.8488 34.2052 30.9197 30.4086 30.4137 30.4145 30.4145 30.4552 31.0156 30.5593 29.474 26.074 23.148 21.3694 16.0192 13.8432 8.6276 6.5876 3.0747 4.6786 8.3587 12.6852 17.2681 20.9785 24.2221 25.5584 28.3129 29.6888 30.1582 30.2082 30.1939 30.2006 30.2198 30.2514 30.2203 30.3017 30.2012 30.1932 30.1977 30.1999 30.2011 30.2217 30.2022 30.2025 30.2028 30.203 
40.4862 40.4866 40.4821 40.4674 40.4308 40.3416 38.7481 38.1909 35.5134 32.165 30.8005 30.4133 30.4145 30.4145 30.4145 30.4145 30.4926 30.2134 28.8554 27.3183 23.5523 21.0156 18.0647 12.4655 9.6152 5.0204 2.1317 5.2795 8.1447 14.3013 17.1784 20.3947 24.3936 26.2171 27.4409 29.4161 30.0819 30.1939 30.1939 30.2093 30.2662 30.3111 30.2912 30.2191 30.212 30.2187 30.2194 30.2207 30.2221 30.202 30.2022 30.2025 30.2027 30.2029 
41.704 41.7105 40.5993 40.6254 40.6563 40.6963 39.9984 39.6456 37.8099 32.7697 30.7927 30.4145 30.4145 30.4145 30.4145 30.4145 30.3851 30.1467 28.8194 26.4307 24.9006 20.4348 17.8628 12.7653 9.5203 4.537 2.6671 5.4044 9.0752 12.1479 18.1631 20.3796 22.0286 25.9923 28.1525 29.0643 30.1574 30.2104 30.1939 30.2436 30.3226 30.3284 30.3237 30.2888 30.2486 30.2515 30.2034 30.2016 30.2017 30.2019 30.2021 30.1783 30.1783 30.1782 
42.0933 42.0948 42.0941 42.0898 40.9306 41.0309 41.1895 41.5867 42.3648 37.0423 31.6442 30.4013 30.3364 30.3303 30.3769 30.4131 30.3048 29.9989 29.4821 26.2559 24.5761 22.0385 17.3604 13.515 9.7401 5.3194 3.8305 4.2091 8.6227 12.357 16.4371 20.1923 22.7228 25.0771 27.9566 29.3708 29.9809 30.3086 30.2564 30.2987 30.3284 30.3284 30.3284 30.3092 30.2199 30.2301 30.2147 30.2153 30.2159 30.2164 30.1806 30.1939 30.1939 30.1939 
40.7383 40.775 40.8217 40.883 40.9664 41.0857 41.268 41.5925 41.0158 36.5538 32.6507 30.3398 30.2885 30.2718 30.302 30.3592 30.3717 30.1363 29.569 27.7423 24.1074 21.1582 18.8853 14.2297 9.3265 5.1786 3.2836 4.104 8.9316 12.6919 16.4202 19.1517 22.9811 25.178 27.1148 29.4562 30.0886 30.3773 30.3911 30.3502 30.3302 30.3394 30.3309 30.2869 30.2136 30.2189 30.2262 30.2139 30.2148 30.2154 30.1939 30.1939 30.1939 30.1939 
41.316 40.9017 40.794 40.8527 40.9347 41.0588 40.9659 41.2043 42.2304 35.2775 30.6547 30.3322 30.2535 30.2285 30.2936 30.3942 30.3838 30.0251 28.4068 27.8454 25.452 21.5764 19.0901 15.7314 10.7309 6.1655 1.8275 2.6556 8.8264 13.1731 16.161 19.3898 21.917 25.7596 27.5373 28.6073 30.1021 30.4096 30.4075 30.3998 30.3697 30.403 30.3753 30.2248 30.1947 30.1939 30.1939 30.1939 30.1939 30.1939 30.1939 30.1939 30.1952 30.1952 
42.1043 42.105 40.8291 40.851 40.8774 40.9107 40.1201 40.3318 38.5129 34.3612 30.7982 30.2765 30.2026 30.2047 30.2409 30.3707 30.4061 29.9836 28.3674 26.5246 25.016 23.0002 18.1229 16.3699 10.7016 7.0297 3.3973 4.8734 7.254 12.661 16.0596 18.4944 22.4992 24.6949 27.694 29.2789 29.8121 30.3251 30.408 30.4072 30.4072 30.4072 30.3703 30.2204 30.2114 30.1946 30.1939 30.1939 30.1951 30.1952 30.1952 30.1952 30.1953 30.1953 
42.0693 40.8653 40.8707 40.8705 40.8558 40.7843 39.4692 39.125 36.7926 34.0025 30.536 30.2037 30.1985 30.2007 30.2012 30.2761 30.1802 29.7091 29.1407 26.4473 25.0357 21.9696 19.1656 15.1795 11.5685 7.0234 2.8556 4.4349 8.793 12.1186 16.1318 18.409 21.8546 24.7302 26.6696 28.9286 30.044 30.381 30.4073 30.4072 30.4072 30.4023 30.3795 30.2498 30.2029 30.1948 30.1952 30.1953 30.1953 30.1953 30.1953 30.1953 30.1953 30.1953 
40.8215 40.8197 40.8116 40.792 40.7497 38.9258 38.9904 38.4946 39.1136 35.0666 30.955 30.1941 30.1939 30.1977 30.2007 30.2012 30.0534 29.568 28.81 27.0779 24.5187 21.5092 20.0147 14.8716 12.2491 6.6931 3.1927 3.1904 7.2672 10.8919 15.9463 18.6034 22.0891 25.0222 26.4728 28.6532 30.1005 30.3205 30.4074 30.4072 30.4078 30.3788 30.2387 30.2035 30.1974 30.1955 30.1955 30.1955 30.1955 30.1954 30.1954 30.1954 30.1954 30.1954 
40.7905 40.7849 38.6408 38.6886 38.7578 37.3756 38.0261 39.3963 41.4857 32.2844 30.1939 30.1939 30.1939 30.1939 30.1972 30.2029 30.2131 29.808 27.9032 27.0214 25.0781 22.2681 19.8612 16.1537 11.35 8.0739 5.4532 3.5079 6.3362 11.6625 14.9838 19.2594 21.1732 24.0411 27.3771 28.354 30.1126 30.3595 30.412 30.4073 30.4109 30.3428 30.2765 30.2027 30.1958 30.1958 30.1955 30.1954 30.1954 30.1954 30.1954 30.1954 30.2191 30.2197 
37.7274 37.7817 37.8538 37.9545 38.1047 37.3575 37.8547 38.8745 38.7842 31.7612 30.1939 30.1939 30.1939 30.1939 30.1939 30.2057 30.2399 30.0607 28.6982 26.4056 24.4867 22.7938 18.2735 16.0119 11.7037 8.0807 4.1613 3.2036 7.9373 10.5792 14.5044 18.2945 22.2448 24.3704 26.6171 28.5745 29.6058 30.3345 30.4123 30.4099 30.4138 30.4017 30.3082 30.2103 30.2003 30.1951 30.1952 30.1952 30.1952 30.2192 30.2201 30.2207 30.2211 30.2214 
39.5277 39.5368 39.549 39.5666 37.9045 38.0064 36.7322 36.6768 34.6263 31.5797 30.1939 30.1939 30.1939 30.1939 30.1939 30.1939 30.2037 30.0054 28.9359 27.4041 24.3997 22.5322 19.2344 15.0265 11.947 8.4943 2.8621 1.3681 6.4347 11.6707 14.5664 18.5546 21.3916 24.806 26.3688 28.3157 29.4774 30.3846 30.4127 30.4123 30.4138 30.4145 30.3999 30.2752 30.2382 30.2312 30.243 30.252 30.2571 30.2598 30.2612 30.2618 30.2621 30.2624 
39.0898 39.0805 39.0646 39.0363 38.9838 38.8813 38.6715 37.0376 35.6238 34.1807 30.9374 30.1939 30.1939 30.1939 30.1939 30.1939 30.1945 29.808 29.5154 27.7762 25.8207 22.6285 19.5871 15.6423 12.8366 8.5195 4.1875 2.8952 5.2895 9.8094 14.673 19.2181 22.2001 24.048 27.0484 28.3295 29.5526 30.3922 30.4145 30.4135 30.4143 30.4118 30.4097 30.3927 30.2223 30.2575 30.2803 30.2916 30.2964 30.2872 30.2883 30.289 30.2894 30.2895 
38.8192 38.803 38.7775 38.7361 38.6665 38.5454 37.3609 37.2537 37.0621 36.1357 33.3511 30.4585 30.1939 30.1939 30.1939 30.1939 30.1905 30.123 29.6263 28.8044 26.5149 22.3639 20.1107 16.7032 11.5736 8.3183 5.9864 3.5661 6.0187 9.001 15.0158 17.8058 22.4355 24.0643 26.3608 28.4962 29.8931 30.3255 30.4128 30.4087 30.4093 30.4073 30.4072 30.3954 30.3304 30.3201 30.3174 30.3198 30.3221 30.3238 30.3131 30.3138 30.3143 30.3147 
38.8817 38.8821 38.8802 38.8731 38.8551 38.8132 38.7223 37.8068 37.6356 34.0694 32.2655 30.6687 30.1939 30.1939 30.1939 30.1939 30.2146 30.2788 29.6548 28.9326 26.6682 23.2203 18.9161 16.1944 13.407 7.9479 4.0547 2.2519 6.5075 9.6265 14.0138 17.4238 21.6276 24.5525 26.2153 27.6339 29.9738 30.3908 30.4107 30.4086 30.4072 30.4022 30.3916 30.3683 30.3944 30.3496 30.3358 30.3311 30.3178 30.3168 30.3164 30.3163 30.3163 30.3163 
38.9461 38.9649 38.99 39.0247 39.0747 39.1495 39.2584 38.807 39.9471 34.3954 30.2944 30.1939 30.1939 30.1939 30.1939 30.1939 30.2157 30.3806 30.0913 28.8518 26.2523 25.1292 19.8423 17.05 11.8833 10.2064 3.0729 1.2037 4.8685 10.3084 13.2734 18.4805 20.9573 23.4579 26.9758 28.238 29.4063 30.2217 30.408 30.4072 30.4072 30.3665 30.3319 30.3425 30.3552 30.3723 30.361 30.3453 30.3445 30.3441 30.3194 30.3187 30.3182 30.3178 
38.4701 38.5148 38.5784 38.6735 38.6564 37.9079 38.3752 39.4556 39.7785 30.6545 30.1881 30.1891 30.1939 30.1939 30.1939 30.1939 30.2639 30.7475 30.2572 29.0804 26.8663 23.8801 20.9357 15.9934 11.4908 9.0735 5.9298 2.6698 5.4202 9.4529 14.8446 18.1818 21.6594 24.1002 26.0669 28.6322 29.5337 30.2002 30.4163 30.4072 30.4072 30.3751 30.355 30.4036 30.3872 30.3589 30.3536 30.354 30.3551 30.3559 30.3566 30.357 30.3573 30.3575 
37.7342 37.7626 37.8009 37.8557 37.9408 38.091 37.8166 38.5868 36.7066 32.9874 30.3896 30.1802 30.1939 30.1916 30.1939 30.1939 30.4113 30.9219 30.4708 28.4789 26.6082 22.898 21.6461 18.4968 11.8778 8.6958 5.5086 4.7938 6.7107 9.4623 13.6991 18.1563 21.0719 23.4817 26.886 28.3023 29.8011 30.5122 30.46 30.4072 30.3978 30.3494 30.3609 30.3841 30.3459 30.3384 30.3453 30.3494 30.3517 30.3418 30.3421 30.3553 30.356 30.3565 
37.0135 37.0142 37.0105 36.998 36.9673 35.8197 35.8074 35.5179 34.5683 33.143 31.0114 30.1309 30.174 30.1619 30.1675 30.2426 30.6445 30.7704 29.7385 28.9477 26.7888 24.0727 20.5605 17.1938 14.1689 7.6866 4.7775 2.6495 4.7007 11.3043 13.4968 16.6427 21.019 23.7257 25.7722 28.6509 29.6084 30.4983 30.4339 30.4072 30.401 30.3847 30.3862 30.3348 30.3333 30.3306 30.3354 30.3462 30.3494 30.3515 30.3529 30.3539 30.3423 30.3554 
36.8637 36.8251 35.5383 35.5209 35.473 35.3586 35.1078 34.6603 34.3023 33.601 32.7005 30.4423 30.1241 30.1195 30.1313 30.261 30.6849 30.8121 30.1734 28.2401 26.2836 25.101 20.8984 17.0585 14.3551 8.8849 4.9149 2.029 4.7821 8.4751 13.7472 16.598 20.3233 23.7262 26.0775 28.02 29.6832 30.2138 30.4054 30.4072 30.4072 30.3926 30.3643 30.3372 30.3288 30.3329 30.3354 30.3375 30.3391 30.3402 30.341 30.3532 30.3541 30.3548 
35.4599 35.4424 35.3994 35.336 35.2283 35.0501 33.8058 33.9038 34.0005 33.5286 32.5057 30.2789 30.1157 30.1157 30.1186 30.1847 30.7227 30.9739 30.6071 28.0851 26.5575 24.5799 22.8362 16.4248 14.042 9.1813 5.9528 4.2275 5.7386 8.024 13.9703 16.4059 21.1984 23.6061 25.6349 28.0856 29.3331 29.9062 30.3962 30.4072 30.4072 30.3969 30.3712 30.3387 30.3333 30.334 30.3357 30.3374 30.3387 30.3398 30.3405 30.3411 30.3416 30.3419 
35.3635 35.324 35.2654 35.1788 35.0525 33.7181 33.7516 33.7785 33.4791 33.1356 32.2869 30.6976 30.3512 30.1157 30.1157 30.1778 30.5778 30.8138 29.6864 27.5037 26.1589 24.9267 22.3111 16.8361 13.4799 8.7476 6.0376 4.6585 5.0559 8.3697 14.2466 17.2427 20.9207 22.5818 25.6079 27.1991 29.2822 29.7775 30.3879 30.3849 30.4072 30.3956 30.3723 30.351 30.3376 30.3366 30.3367 30.3377 30.3387 30.3396 30.3403 30.3409 30.3413 30.3417 
35.2852 35.2349 35.1662 35.0732 33.6707 33.685 33.3025 33.2873 33.1821 32.9244 32.0792 31.0686 30.5311 30.1157 30.1157 30.3256 30.4853 30.6909 29.2601 27.716 26.4635 24.2686 22.1348 19.2922 13.2644 8.3847 6.8841 4.6885 6.5602 8.3077 14.5999 17.4733 21.2484 22.199 25.6953 26.9933 28.4498 29.6853 30.2179 30.3776 30.4072 30.3939 30.3732 30.3657 30.3399 30.3387 30.3382 30.3382 30.3389 30.3396 30.3402 30.3408 30.3412 30.3416 
35.2227 35.1678 35.097 33.6425 33.6498 33.1934 33.1824 33.1351 33.0259 32.8368 31.6825 31.3379 30.6265 30.1157 30.1157 30.3829 30.4799 30.0765 29.2678 27.7428 26.588 23.9103 22.0315 19.6906 15.3475 8.1293 6.9664 4.6568 6.6916 7.361 14.8995 17.5263 21.3915 22.0214 24.1936 26.9137 28.3305 29.6549 30.1987 30.3731 30.3962 30.3927 30.3739 30.369 30.3412 30.3401 30.3395 30.3392 30.3392 30.3398 30.3403 30.3407 30.3411 30.3415 
35.1748 33.6193 33.6242 33.6284 33.1274 33.119 33.0925 33.0375 32.9436 32.809 31.6296 31.4081 30.6726 30.1157 30.2166 30.4118 30.4703 29.9812 29.196 27.7541 27.0866 24.4916 21.9664 19.3872 15.5175 9.0255 6.9759 6.6737 6.7486 7.2114 15.0936 17.553 18.2578 21.9381 24.037 26.8825 28.2639 29.6385 30.1871 30.3705 30.3948 30.392 30.3744 30.3709 30.355 30.341 30.3404 30.3401 30.34 30.34 30.3404 30.3408 30.3411 30.3414 
33.6082 33.6114 33.6141 33.0838 33.0772 33.0604 33.0284 32.976 32.8999 32.8027 31.5989 30.7969 30.6959 30.1157 30.1157 30.4275 30.47 29.9234 29.156 27.7585 27.4707 24.4547 21.9223 19.4391 17.1893 11.0711 6.9616 6.7369 6.7682 7.1018 15.2156 17.5762 18.0988 21.8976 23.9414 28.0076 28.2268 29.6289 30.1797 30.2019 30.3593 30.3917 30.375 30.3721 30.3562 30.3417 30.3412 30.3408 30.3406 30.3405 30.3405 30.3408 30.3411 30.3414 
33.6021 33.604 33.0532 33.0478 33.0362 33.0157 32.9834 32.9371 32.8762 32.3725 31.5796 30.7825 30.7085 30.1157 30.1157 30.4374 30.4691 29.8863 29.7893 27.7597 27.5426 24.4359 21.8907 19.465 17.3596 11.153 6.9405 6.7693 6.7703 10.6632 14.4028 17.5979 17.9976 21.8774 23.8834 28.0386 28.2059 29.6229 29.8713 30.1923 30.3571 30.3915 30.3754 30.3729 30.3571 30.3422 30.3417 30.3413 30.3411 30.341 30.3409 30.3409 30.3412 30.3414 
33.0319 33.0305 33.0261 33.0176 33.0035 32.982 32.9518 32.912 32.8632 32.3557 31.5666 30.7718 30.7157 30.1157 30.1157 30.4439 30.4684 29.8614 29.7855 27.7594 27.5908 24.4257 20.0008 19.4785 18.9424 11.2071 6.9187 9.4241 8.8191 10.7119 14.3965 17.6179 18.6179 21.8674 23.8481 28.0632 28.1942 28.3173 29.8589 30.1853 30.3556 30.3913 30.3756 30.3736 30.3721 30.3566 30.3421 30.3418 30.3415 30.3414 30.3413 30.3412 30.3413 30.3415 
33.0131 33.0095 33.003 32.9927 32.9776 32.9568 32.9295 32.8956 32.856 31.6229 31.5574 30.7637 30.72 30.1157 30.1157 30.4486 30.4679 29.8439 29.7833 28.499 27.6241 24.4198 19.906 19.4857 19.0558 11.2431 6.8982 9.4638 8.8489 10.7434 14.3904 17.636 18.5941 21.8627 23.8267 28.0828 28.1877 28.2877 29.85 29.8849 30.3544 30.3912 30.3758 30.3742 30.3728 30.3572 30.3424 30.3421 30.3419 30.3417 30.3416 30.3415 30.3415 30.3416 