normal_rasters/0772100000302911.ascii
ncols 46 
nrows 66 
xllcorner 159147.142029
yllcorner 384389.484985
cellsize 0.25
nodata_value -9999 
[rows 0 to 43 of 66, columns 0 to 45 of 46]
44.313 44.3191 44.3265 44.3352 44.3454 44.357 44.658 44.6167 45.0651 45.4014 45.4133 45.4272 45.6219 45.6367 45.652 45.8241 45.8285 46.3854 46.9313 46.879 46.9559 47.6015 47.484 47.545 47.6271 48.2999 48.275 48.2509 47.8668 47.8484 47.2941 47.2819 47.2703 47.2596 47.2627 47.254 46.786 46.7797 46.7745 46.7702 46.7667 46.7639 46.7616 45.9818 45.9742 45.9678
44.3059 44.312 44.3196 44.3287 44.3397 44.3526 44.3673 44.6134 45.0559 45.0825 45.4057 45.4216 45.4399 45.6342 45.6526 45.8243 45.8294 46.3507 46.3832 46.8311 46.9235 47.5745 47.4827 47.5906 48.1512 48.4437 48.2745 48.2447 47.8599 47.8115 47.2966 47.2818 47.268 47.2558 47.2573 46.7889 46.781 46.7745 46.7693 46.7651 46.7618 45.9903 45.9801 45.9716 45.9644 45.9584
44.2977 44.3036 44.3111 44.3206 44.3323 44.3465 44.3632 44.6082 44.633 45.0736 45.4809 45.4135 45.435 45.6301 45.6526 45.8246 45.8305 45.8348 46.3404 46.8779 46.879 47.5407 47.6823 47.6223 48.178 48.4482 48.273 48.2353 47.8218 47.3176 47.2986 47.2804 47.264 47.2623 46.7932 46.7828 46.7745 46.768 46.763 46.7591 45.9894 45.9776 45.9679 45.9599 45.9534 44.1935
44.2882 44.2936 44.3008 44.3104 44.3226 44.3381 44.3569 44.3791 44.6297 45.0614 45.4674 45.402 45.4274 45.6236 45.6516 45.8253 45.8321 45.8362 46.2846 46.7934 47.3172 47.4976 47.6893 47.6731 48.2171 48.4539 48.2697 48.2211 47.8111 47.3238 47.2994 47.2768 47.2573 46.7996 46.7854 46.7744 46.7661 46.76 46.7555 45.9877 45.9739 45.9628 45.9539 45.9467 44.1845 44.16
45.1119 44.2819 44.2885 44.2976 44.31 44.3265 44.3476 44.3734 44.6237 44.6619 45.2562 45.4702 45.4152 45.4523 45.649 45.8266 45.8348 45.8378 46.2874 46.6749 47.1881 47.4418 47.7121 47.7562 48.2747 48.4615 48.2631 47.834 47.7955 47.3297 47.2977 47.2694 46.8098 46.7895 46.7743 46.7634 46.7556 46.7503 45.9846 45.9683 45.9556 45.9456 44.204 44.1715 44.1447 44.1225
45.1205 45.0901 44.2738 44.2819 44.2938 44.3107 44.3337 44.3637 44.4006 44.6604 45.2389 45.4475 45.4806 45.4422 45.6435 45.8295 45.8402 45.8395 46.1979 46.5049 46.701 47.3704 47.7685 48.4614 48.5413 48.4717 48.2497 47.8205 47.3799 47.334 47.291 47.2558 46.7965 46.7741 46.7589 46.749 46.0046 45.9791 45.9597 45.9451 45.9341 44.1892 44.1529 44.1235 42.9312 42.9129
44.7442 45.1001 45.0615 44.2629 44.2733 44.2895 44.3136 44.3477 44.3927 44.655 44.8818 45.2384 45.4528 45.5084 45.6656 45.8347 45.853 45.8433 45.7695 46.0939 46.5053 47.2881 47.8957 48.5717 48.6234 48.485 48.2227 47.7993 47.4005 47.3328 47.2744 46.8096 46.7736 46.7513 46.7383 46.0017 45.9696 45.9463 45.9296 44.2178 44.1663 44.1258 42.9397 42.9155 42.8962 42.8806
44.766 44.7352 44.6975 45.0223 44.2478 44.2615 44.2848 44.3217 44.3758 44.4475 44.8844 45.2133 45.41 45.4776 45.5757 45.8702 45.8865 45.9171 45.7458 45.7498 46.1845 47.245 48.4764 48.8071 48.6864 48.4991 47.8927 47.4991 47.42 47.3168 46.8391 46.7725 46.7366 46.7193 45.9938 45.9526 45.9246 44.2674 44.1897 44.1307 42.9523 42.9188 42.8929 42.8728 42.8573 38.5384
45.579 44.7636 44.7232 44.6724 44.9662 43.8696 44.2447 44.2808 44.3429 44.437 44.8842 45.1859 45.213 45.4241 45.5774 45.842 45.9765 45.9901 45.7367 45.6904 46.02 47.3379 48.5821 48.908 48.7098 48.5274 47.9101 47.5959 47.4232 46.9254 46.7688 46.703 46.6816 45.9744 45.9209 45.888 44.2343 43.0393 42.9721 42.9228 42.8865 42.8598 42.8401 42.8255 37.607 34.0137
45.6201 45.5686 44.7615 44.7061 44.6346 44.5475 43.8681 44.2195 44.2824 44.4015 44.6786 44.9661 45.1737 45.2758 45.4974 45.7854 46.0338 46.0823 45.8483 45.7276 46.146 47.8499 48.7906 48.8215 48.635 48.01 48.0166 47.5407 47.4003 46.7496 46.6021 46.0444 45.9287 45.8592 44.9219 43.1221 43.0068 42.9277 42.8736 42.8364 42.811 42.7936 37.6308 34.0207 33.0512 32.9652
45.6745 45.6273 45.5613 44.7609 44.6808 44.5734 44.4436 43.863 44.1809 44.3117 44.5708 44.9826 45.1198 45.2053 45.3156 45.6833 45.9107 46.0007 45.971 45.2467 45.3484 47.6959 48.4181 47.0816 47.8803 47.2049 46.5763 47.0057 46.5959 46.1969 45.9763 45.8244 44.9508 43.305 43.0768 42.9337 42.8451 42.7907 42.7577 42.7381 37.6693 33.2191 33.0683 32.952 25.9505 25.7885
45.743 45.7062 45.6502 45.5646 44.7657 44.6402 44.4659 44.2844 44.2584 44.5866 44.4641 44.9327 45.0647 45.1113 45.3478 45.9937 45.844 45.8786 45.6294 44.9592 44.7282 45.8288 46.4559 46.3941 46.4942 46.7072 45.8327 45.8697 45.9811 45.8568 45.1061 44.6683 43.2391 42.94 42.7745 42.6892 41.0712 41.0174 33.625 33.3195 33.0943 32.9286 26.0193 25.8014 25.6307 25.4967
45.8248 45.8056 45.7714 45.7106 45.6018 44.7901 44.5709 44.2647 44.0835 44.1124 44.9326 45.3586 44.9805 44.9696 45.3734 45.3544 45.4242 45.2286 44.9406 44.8584 44.8581 45.4961 45.7674 45.8635 45.6454 45.9579 45.764 46.1516 46.1787 45.443 44.0914 43.0683 42.6743 41.1214 40.9662 40.8963 37.0198 33.5047 33.1377 32.8845 30.6724 25.8094 25.5793 18.0674 17.926 17.8157
45.916 45.9211 45.9211 45.909 45.868 45.7565 45.4717 44.4643 44.0227 43.8313 45.5995 46.1294 45.3308 45.0185 45.2956 45.3592 45.1949 44.8744 44.4886 44.6093 44.9921 45.3781 45.4364 45.4115 45.7614 46.0844 46.3211 46.3758 46.015 43.9711 43.2891 41.5164 40.8018 38.6931 38.3589 36.8827 32.3895 31.9832 30.5646 25.8008 25.4779 18.1134 17.9166 17.77 17.6603 17.5779
46.1612 46.1952 46.2406 46.3035 46.2099 46.3005 46.3843 46.2134 44.609 43.9153 49.2157 45.989 45.283 45.1177 45.2777 45.1369 45.0658 44.8041 44.4118 44.2538 44.4584 44.911 45.1059 45.6442 45.8157 45.6589 44.9145 44.0332 42.2521 41.8224 39.8855 38.7525 38.2668 38.025 34.5846 30.7408 30.3079 30.0824 19.9032 18.1753 17.8858 17.6832 17.541 12.7425 12.697 15.0971
46.4239 46.4616 46.7434 46.8136 46.9295 47.1426 47.5924 48.7937 48.3397 47.2931 44.7032 44.3922 44.7562 44.8406 44.9871 45.1192 45.0395 44.7397 44.3793 44.3386 44.4414 44.8268 44.6215 44.0432 44.9805 44.5268 41.5123 40.8027 39.8831 37.5778 36.8735 36.8648 32.94 30.1007 28.9932 26.9643 24.3744 19.5705 17.8037 12.9609 12.8257 12.7328 12.6687 15.0306 15.049 15.0667
46.6272 46.6477 46.676 46.7178 46.785 46.9069 47.1678 47.6939 47.401 45.9506 43.9768 43.3511 43.8037 44.2565 44.5971 44.7423 44.5425 44.4509 44.3209 44.384 43.7867 43.6896 43.1871 40.7069 39.5893 39.6284 39.1236 37.8445 36.6678 35.8501 33.56 30.6776 27.2478 26.2115 23.7632 19.4407 13.5449 13.122 12.8647 12.7077 12.6111 14.916 14.9525 14.9858 14.4196 14.4585
46.3417 46.3504 46.3598 46.3684 46.3711 46.3496 46.2342 45.939 45.3391 44.4068 43.7247 43.637 43.6058 44.2371 44.4188 44.3823 44.1215 44.0366 44.1149 43.6096 42.0939 39.7141 40.5543 37.1557 36.1862 36.8212 36.6541 34.1846 32.2432 31.5755 27.8572 25.2839 22.4231 19.6574 16.3196 13.6052 12.9561 12.6345 12.4753 14.6911 14.7743 14.2851 14.3627 14.4219 17.502 17.6388
46.1148 46.1065 46.0901 46.0582 45.9939 45.8592 45.008 44.8145 44.35 44.0933 43.902 44.0214 44.0415 44.181 44.3153 44.1194 43.1147 43.1413 41.4386 38.3468 37.2946 36.6416 34.0607 35.0865 34.2995 32.7033 32.576 29.7809 27.3166 25.2963 23.7697 20.0693 19.0101 17.1387 13.3826 12.3619 12.0652 12.4276 13.9147 14.1224 14.2664 14.3669 17.422 17.6219 17.7704 21.6913
46.0253 45.9943 45.9469 45.8726 44.8992 44.4696 44.4632 44.4315 44.349 44.298 44.3295 44.1917 44.2722 43.7004 42.8487 42.4601 41.0058 38.6537 35.692 35.7205 34.6368 33.2236 32.4656 31.4929 31.5515 30.6156 28.4079 24.0674 23.7087 21.1997 17.2939 14.8846 13.1953 9.5482 8.749 8.8926 13.1467 13.7406 14.0811 14.2826 14.4068 17.7704 21.0047 21.7688 28.0075 35.2363
45.4593 44.4699 44.4699 44.4695 44.4681 44.4644 44.4549 44.4328 44.3478 44.4337 44.4347 44.4064 43.3583 42.8006 39.8266 37.6135 36.4495 35.3903 33.8598 31.4314 30.7932 30.3229 28.8145 27.2351 25.9157 23.3658 23.8252 19.4589 13.9097 14.2749 8.5756 8.5594 7.533 4.6928 7.7267 12.0897 13.15 13.5743 13.7583 17.8485 21.1568 27.8808 28.1563 35.2233 35.3044 35.362
44.47 44.4701 44.4702 44.47 44.4695 44.3524 44.3013 44.0796 43.9665 43.9962 42.7035 42.8733 40.1086 37.2227 37.521 35.0835 32.951 32.0931 32.0276 30.3162 28.3739 27.7397 24.9951 22.99 20.7601 18.8077 16.2902 12.9139 9.1904 6.1899 7.7526 11.3485 13.6472 11.821 14.4267 14.8005 14.6365 18.2595 26.8045 27.2026 33.6823 35.1997 35.3273 35.4109 35.4657 38.3598
44.3419 44.3418 44.3412 44.3396 44.3366 43.8646 43.1805 43.2028 43.0929 42.0712 40.0329 37.7955 36.1472 34.4786 33.8701 32.9378 30.5753 28.033 27.0994 27.0651 23.7632 19.6176 20.3879 18.0979 11.8379 13.2018 10.6226 8.1279 8.4193 6.377 10.4198 18.1605 17.2414 21.855 24.2096 26.6283 29.2259 32.3893 32.6259 33.8521 35.3752 35.5045 38.3109 38.3545 38.3856 39.3453
44.3352 44.3338 44.3315 42.9692 42.9774 42.9736 42.9382 42.8228 41.2981 39.6611 38.1317 35.956 32.6906 31.9894 31.6998 30.675 28.4508 23.3797 21.9689 21.914 19.1536 16.3988 10.6412 10.1649 7.5243 8.5118 8.4222 8.7801 12.8758 19.6214 21.2745 24.6447 26.3297 27.3945 29.1772 32.2811 32.9122 34.0394 36.8253 36.9858 38.2795 38.3439 38.3944 39.3475 39.375 40.2759
44.329 43.8945 42.8971 42.8919 42.8754 42.8373 42.7576 41.1348 35.1565 33.4428 31.3525 29.8277 29.4095 27.7578 26.8122 24.8553 22.0745 18.3501 14.2963 10.2695 7.6186 7.7908 8.4844 10.2143 12.1338 13.1451 12.9559 18.2004 20.1412 22.9964 26.6063 27.7355 28.7843 32.3306 33.6284 34.9596 35.5437 37.3872 37.63 38.3398 38.4158 39.3062 40.2617 40.2743 40.2825 40.288
42.8562 42.8519 42.8424 42.8244 40.1384 36.8601 34.8624 34.4135 31.5408 30.6294 28.0572 27.9865 24.3621 22.2663 18.7329 16.4537 14.9779 9.7337 7.791 4.6547 4.492 5.2592 10.6654 11.1751 18.1818 20.8579 22.8014 25.8477 28.4398 28.5911 31.2111 32.3067 34.2957 34.5762 35.4598 36.0639 37.3251 38.3186 38.5255 39.3542 40.2474 40.2726 40.2866 40.2945 40.2991 40.3016
40.2006 40.1414 40.0502 36.7596 36.5331 34.6285 34.2742 30.0123 28.0932 27.7709 25.9352 24.2423 19.7253 15.428 9.8176 8.9595 4.2442 4.944 6.6653 10.0532 9.4181 15.4647 15.0693 19.7698 22.1361 26.0466 28.5376 30.5072 31.1419 32.6112 33.8666 34.6014 35.5649 36.3681 36.7141 37.6231 38.8365 39.9818 40.2103 40.2753 40.3017 40.3124 40.3165 40.3175 40.3172 40.3162
37.872 37.7366 36.5862 36.3869 34.5574 30.1089 29.8696 27.9703 27.7192 23.9704 21.916 20.0575 12.4717 8.0672 3.223 5.0383 3.6761 5.7169 9.8239 13.3033 15.3842 18.251 21.1611 23.9166 27.7928 29.4044 31.3568 31.8857 34.1868 34.446 35.6161 36.378 37.0741 37.7846 38.6919 39.5601 40.7858 40.3032 40.3796 40.376 40.3663 40.2938 40.2841 40.6768 40.6759 40.6751
37.6112 36.4938 36.3251 30.1528 30.0186 29.8291 27.9398 23.3551 20.0723 19.6243 18.5503 11.7275 6.0832 5.1164 2.8762 8.725 10.8989 11.6377 15.1323 18.3766 21.778 23.9917 25.8716 29.2298 30.7923 31.7089 32.8299 34.1166 34.2699 35.458 36.8573 37.2751 38.6441 39.964 39.6712 40.0617 40.4384 40.6533 40.6923 40.6891 40.6853 40.6824 40.6802 41.4463 41.4751 41.4952
36.4455 36.3038 30.0932 29.98 24.2987 22.9465 19.5156 19.2917 18.8507 13.8762 11.0986 9.9104 9.3436 7.9872 9.018 12.0262 16.2652 17.0163 19.8823 21.7241 24.4716 27.5388 28.3417 30.8972 32.4373 33.793 35.1984 36.0736 36.9685 38.174 39.9221 40.3697 40.5014 40.7092 40.9436 40.8274 40.7202 40.8034 40.7196 40.6993 41.293 41.4576 41.4977 41.5214 41.5359 41.545
31.5495 24.8529 24.1692 22.7774 20.3535 20.2047 19.9639 19.5749 12.7135 12.4743 12.0354 11.8099 11.3999 11.887 14.8632 16.358 18.0485 21.336 22.7993 26.3574 27.3942 29.8401 31.6024 33.4298 35.2205 35.619 36.8834 38.3885 39.5326 41.8586 41.5768 41.6836 41.4483 40.9399 41.4895 41.7533 41.2869 41.4477 41.6579 41.7711 41.8177 41.8375 41.7746 41.7768 41.7772 41.7767
24.6833 20.2838 20.2107 20.1048 19.9513 19.7283 14.4591 12.807 12.5771 12.6143 12.7149 14.9173 15.2102 15.8825 18.0853 19.5288 22.6355 24.3868 27.3133 27.8282 30.8018 31.2787 33.3578 34.9291 36.3172 36.7945 38.009 39.6876 40.7111 40.6875 41.1169 41.7155 41.6398 42.0939 42.0322 42.3119 42.5011 43.2597 42.7317 42.4481 42.026 41.9411 41.8924 41.8619 42.1727 42.1634
20.1355 20.0573 19.9516 19.8084 18.8719 14.4349 12.7319 12.7772 15.3777 15.3871 15.4556 15.6602 16.1163 18.0631 19.4008 21.7431 25.3281 27.5736 28.1527 29.9229 31.7217 33.9033 34.7923 37.0166 37.2251 37.7121 37.7634 39.1522 39.6445 39.7084 40.4673 41.1004 42.1323 42.384 42.4232 42.2985 42.832 44.2455 43.398 43.1832 42.747 42.652 42.6333 42.6001 42.5784 42.5634
19.9559 19.1148 18.9786 17.038 12.7895 15.5359 15.5367 15.5489 15.5824 15.6551 15.7978 18.1501 18.2639 20.4531 22.0763 24.6769 26.5875 28.8023 30.2838 32.1135 33.6955 35.1372 35.4021 36.4998 36.5401 36.7694 37.1665 36.9883 39.1691 39.5195 39.3389 40.972 41.7619 42.1359 42.2394 42.5739 42.2067 43.0163 43.1386 43.0678 43.0203 42.9928 42.9757 42.9644 42.6012 42.5832
19.0429 17.1206 17.033 15.6118 15.6157 15.6258 15.646 15.6822 17.217 19.6019 22.0504 22.3356 22.9484 24.7949 27.7829 27.8562 28.8407 30.8526 31.4273 32.0361 32.9178 34.0245 34.3918 34.3418 35.2081 34.7499 35.2967 36.9045 36.8355 39.1412 39.3608 39.7458 40.4089 41.6006 41.8073 42.0736 42.7771 42.7589 42.8249 42.8807 42.9095 42.9225 42.9281 42.9303 42.9309 42.9307
17.1102 17.1361 17.1517 17.1762 17.2136 17.2701 19.2141 19.393 22.2626 22.4435 22.7499 24.9441 28.7047 28.6098 28.4159 28.2377 29.1234 30.435 30.7105 31.4804 31.0386 31.1663 32.8983 33.2634 33.2508 34.324 34.151 34.5678 34.6486 35.7632 35.7809 37.1433 36.8517 39.2496 40.9073 41.3963 42.4137 42.5293 42.3647 42.3832 42.7198 42.8667 42.8873 42.8996 42.9072 42.912
17.2386 19.1095 19.1587 19.2264 19.3198 19.4492 20.1205 22.4284 22.5992 26.176 28.814 28.7907 28.7595 28.721 28.7069 28.9457 29.0587 28.4072 28.4348 28.4796 29.1184 29.5604 29.2183 31.8149 32.2721 32.3732 33.7133 34.0266 33.5387 32.7309 32.1963 35.0657 35.6211 35.3714 40.8318 40.9201 41.3104 42.1694 42.1046 41.9331 42.0486 42.0092 41.9829 42.7295 42.7439 42.7537
19.2364 19.2928 19.3662 19.4622 20.0832 22.3988 24.108 25.3776 27.8989 27.8979 27.8951 28.0879 28.0723 28.0391 27.022 26.6483 25.6536 25.3168 26.3158 25.6576 24.2266 28.1446 29.1089 29.8885 31.9121 32.4631 32.718 33.0929 32.699 31.3854 32.1027 34.2649 35.3109 34.6662 37.2779 40.612 40.9715 41.5133 41.7501 41.7733 41.75 41.7234 41.7008 41.6825 41.6676 41.6555
19.387 19.4603 19.5526 22.117 25.2563 25.3273 25.4192 27.8698 28.0761 27.0785 27.0663 27.0377 26.9746 26.8357 26.3901 25.004 24.7517 22.7439 21.1109 22.5527 22.7866 22.4336 28.7911 30.832 32.4981 32.9815 33.0567 33.5846 33.1913 31.7641 31.9603 36.2473 35.7852 34.6992 36.876 39.0839 41.1518 41.3741 41.5559 41.6388 41.6647 41.6676 41.6625 41.6549 41.647 41.6396
21.2382 25.2075 25.2472 25.2969 25.359 27.0468 27.0433 27.0369 27.0256 27.0065 26.974 26.9181 26.8213 23.9986 22.5917 22.4706 21.6603 18.9419 19.5735 18.7154 21.3305 22.5907 24.3614 30.5964 32.8308 33.5951 33.4376 34.2357 33.4533 32.786 31.8952 33.0751 35.3585 34.5833 36.2238 38.2306 38.9883 41.3713 41.4831 41.5591 41.6001 41.6191 41.6263 41.6276 41.6259 41.623
25.2401 25.2768 25.3214 27.0268 27.0228 27.0169 27.008 26.9949 26.9753 26.946 24.4965 24.3687 23.0026 22.1458 21.8858 19.1838 17.3063 15.4963 15.949 16.0236 17.0516 20.7738 24.4053 27.1883 31.7253 34.0128 33.4881 35.255 37.465 40.1206 39.3352 37.0587 35.2957 36.2284 34.5264 38.0623 38.4974 41.3894 41.46 41.518 41.5579 41.5823 41.596 41.6031 41.6062 41.6069
25.2961 27.0147 27.011 27.0059 26.999 26.9896 26.9766 26.9587 24.4422 24.3585 22.9719 19.5768 19.4491 19.2024 18.7286 16.1908 13.5262 12.2202 11.8533 13.2521 16.6997 19.7363 23.3571 28.1931 31.1648 34.529 35.4969 34.9902 38.9315 41.0437 40.8729 39.9636 36.4653 34.418 36.3938 35.9531 38.2332 38.5112 41.4553 41.4983 41.5321 41.5563 41.5724 41.5827 41.5888 41.5923
27.0037 26.9994 26.994 26.9869 26.9776 24.3164 24.2665 24.3627 21.0054 19.4365 19.3483 19.2084 15.9633 14.2457 11.9339 11.8511 11.6102 10.6853 10.7104 12.264 14.7468 19.4856 23.5126 25.811 29.7982 35.8645 35.4972 34.5405 35.1239 36.893 37.4385 37.6833 36.836 35.9363 36.512 35.7519 36.2019 38.3256 40.0728 41.4894 41.517 41.5388 41.5549 41.5663 41.5742 41.5794
26.9909 26.9854 25.1781 24.2972 24.2601 24.212 20.7774 20.8656 16.8325 16.7199 16.5551 14.2631 14.0322 11.7624 11.4182 11.2349 10.5481 10.1339 8.6717 11.1504 14.337 18.7328 23.0034 25.9616 29.0806 32.4598 33.6013 33.8634 34.301 35.2239 35.7285 37.6879 37.7582 36.4389 36.0115 34.0757 36.8623 38.2082 39.9968 41.4861 41.5084 41.5272 41.5422 41.5537 41.5623 41.5685
