normal_rasters/0772100000297596.ascii
ncols 67 
nrows 58 
xllcorner 159483.445984
yllcorner 383864.621002
cellsize 0.25
nodata_value -9999 
[rows 0 to 30 of 58, columns 0 to 66 of 67]
27.305 27.7347 27.7513 27.7692 28.8286 28.8472 28.8668 29.3144 30.3193 30.3243 30.3296 30.335 30.6907 32.5715 33.631 35.4699 35.5415 35.6169 32.8494 32.7776 32.2065 28.3608 21.0363 20.7127 15.8692 15.6808 13.6116 7.873 7.8105 7.7456 5.502 5.2027 5.6585 5.6485 5.6394 5.6213 5.6241 5.6215 5.4003 5.4548 5.664 5.9162 6.4741 6.4942 6.517 6.4389 6.4432 6.4453 6.738 6.74 6.7404 6.7395 7.2086 7.2085 7.2091 7.2101 7.8512 7.8621 7.8722 7.8814 7.8895 7.8966 7.9029 7.9084 7.9131 7.9173 7.9209
27.2981 27.3075 27.7414 27.7606 28.8186 28.8386 28.86 29.3062 30.3175 30.3229 30.3287 30.3346 30.6902 32.5379 33.5957 35.4353 35.5142 35.5982 35.6855 32.8445 32.2763 32.136 25.9191 20.8414 15.9489 15.7355 13.6823 7.8942 7.8229 7.7482 5.5015 5.7419 5.667 5.6557 5.6424 5.6261 5.35 5.6158 5.3965 5.4525 5.4714 5.688 6.4637 6.4869 6.5142 6.4465 6.4533 6.457 6.744 6.7463 6.7461 6.7441 7.2052 7.2052 7.206 7.8358 7.8496 7.8624 7.8737 7.8837 7.8924 7.8999 7.9064 7.9119 7.9167 7.9207 7.9242
27.2901 27.3001 27.7299 27.7505 27.7728 28.8285 28.8518 29.2963 29.3303 30.3211 30.3275 30.3341 30.6897 30.6912 32.5774 33.6399 35.4806 35.5744 35.6727 32.9239 32.3616 32.2087 28.3392 21.005 16.0504 15.8072 15.5458 13.4101 7.8404 7.7537 5.5002 5.5075 5.2368 5.665 5.6496 5.633 5.3523 5.6082 5.3458 5.5027 5.4718 5.6883 5.9392 6.476 6.5088 6.4552 6.4659 6.746 6.7526 6.7549 6.7534 7.2023 7.2009 7.201 7.8152 7.8331 7.8495 7.8641 7.8768 7.8876 7.8967 7.9044 7.9108 7.9163 7.9209 7.9248 7.9281
27.2811 27.2915 27.3032 27.7385 27.7626 28.8166 28.8421 28.8693 29.3219 30.319 30.326 30.3333 30.6891 30.6908 32.5362 33.5963 35.4387 35.544 35.6554 37.7961 32.466 32.3 32.1082 25.8864 18.3615 15.9022 15.5982 13.4745 7.8649 7.7633 5.4978 5.5065 5.243 5.6773 5.6593 5.6427 5.3558 5.3332 5.336 5.4028 5.4706 5.6875 5.9387 6.4595 6.499 6.4645 6.482 6.7557 6.7653 6.7673 6.7628 7.1968 7.1949 7.1954 7.8102 7.8322 7.8516 7.8681 7.8819 7.8932 7.9025 7.9101 7.9164 7.9216 7.9259 7.9294 7.9324
27.2707 27.2816 27.294 27.7244 27.7505 28.8023 28.8302 28.8604 29.3114 30.3162 30.324 30.3323 30.3408 30.6903 30.6922 33.5425 35.3863 35.5049 35.6321 37.7873 33.0346 32.4152 32.203 26.0432 18.537 16.0295 15.6726 15.294 7.8995 7.7792 7.654 5.5039 4.9245 5.6937 5.6728 5.6467 5.3611 5.3325 5.3215 5.3925 5.4662 5.5106 6.0729 6.435 6.4818 6.7668 6.5023 6.7701 6.7857 6.786 7.1959 7.1885 7.1862 7.7768 7.8077 7.8347 7.8571 7.8752 7.8896 7.901 7.9101 7.9173 7.9231 7.9278 7.9316 9.1654 9.1897
27.2589 27.2701 27.2832 27.2982 27.7358 27.767 28.8159 28.8493 28.8851 29.347 30.3215 30.3308 30.3405 30.6897 30.6919 32.7444 33.6029 35.4542 35.6003 37.7762 37.8527 32.5608 32.3273 32.0506 25.8072 18.3448 15.7793 15.3234 7.9484 7.8043 7.6523 5.4985 4.9334 5.3159 5.6921 5.6598 5.3694 5.3321 5.3005 5.3751 5.4553 5.5165 5.7368 6.3422 6.4528 6.7439 6.5262 6.7931 6.8223 6.8158 7.1864 7.1741 7.7246 7.7703 7.8104 7.8426 7.8675 7.8863 7.9006 7.9114 7.9197 7.9261 7.9311 9.1529 9.1842 10.2899 11.0784
27.2453 27.2568 27.2705 27.2865 27.7181 27.7522 28.7983 28.8355 28.8757 29.3367 30.3182 30.3287 30.3398 30.689 30.6915 32.6806 33.5327 35.3877 35.5568 37.7617 37.8537 32.7452 32.4906 32.1784 26.0174 18.5922 15.9339 15.3767 14.8045 7.8432 7.6557 5.4882 5.5145 5.0366 5.7204 5.6801 5.629 5.3325 5.2862 5.3467 5.4314 5.5173 5.9116 6.333 6.3456 6.7036 6.546 6.8307 6.9001 7.2147 7.1637 7.6352 7.7073 7.7728 7.8231 7.8592 7.8846 7.9025 7.9153 7.9245 7.9313 7.9363 10.241 10.2817 11.0697 11.1169 11.1556
27.2297 27.2413 27.2555 27.2725 27.2923 27.7338 28.2401 28.8182 28.8636 28.9119 30.3139 30.3258 30.3386 30.6882 30.6912 30.6939 32.7232 35.2995 35.4965 35.7096 37.855 37.7676 32.7058 32.3561 30.0454 21.2978 16.1621 15.4692 14.7498 7.9033 7.6667 5.4695 5.5045 5.0744 5.9835 5.713 5.6426 5.3346 5.2722 5.3032 5.3516 5.5008 5.9212 6.1816 6.3381 6.639 6.7088 6.9597 7.1179 7.2179 7.0944 7.5811 7.7067 7.7959 7.8524 7.8877 7.9099 7.9243 7.9338 8.9751 10.2199 10.2747 11.0616 11.1227 11.1711 11.2096 11.2403
27.2118 27.2233 27.2378 27.2557 27.277 27.7108 27.7573 28.7115 28.8479 28.9034 30.2913 30.3219 30.3367 30.6872 30.6907 30.694 32.644 32.8017 35.4119 35.6679 37.8564 37.9784 35.311 32.6035 30.2263 23.9632 18.6072 15.6272 14.7028 9.1907 7.6887 5.4357 5.4812 5.3749 6.196 5.977 5.6682 5.3394 5.2549 5.0905 5.2706 5.4359 5.7137 6.2177 6.3254 6.3644 6.4952 6.7883 7.7833 7.004 7.2277 7.5631 7.7607 7.8578 7.9056 7.9304 8.9061 8.9639 10.1958 10.2726 10.3295 11.1384 11.2003 11.2475 11.2835 11.3109 12.3986
27.1913 27.2024 27.2169 27.2353 27.2581 27.2855 27.7337 28.6907 28.8274 28.8917 30.285 30.3164 30.3337 30.6859 30.6902 30.6941 30.8828 32.7044 35.2915 35.6028 37.8569 38.014 37.7747 35.2595 32.3783 29.9088 21.3361 15.8965 14.6807 9.2874 7.2462 5.3747 5.4287 5.3915 6.2273 6.1955 5.7189 5.3453 5.1922 5.0814 5.0791 5.2383 5.6082 6.1963 6.3393 6.4769 6.3608 6.5128 7.4706 5.253 7.1874 7.7709 7.9303 8.2712 8.8784 8.9672 10.1747 10.2875 10.3649 11.176 11.2567 12.3743 12.4111 12.4376 12.4566 15.2657 15.2938
27.1679 27.178 27.192 27.2107 27.2347 27.2646 27.3003 28.2198 28.7191 28.8752 29.2708 30.2924 30.3292 30.3512 30.6896 30.6944 30.8795 32.5749 36.8241 35.4997 37.8536 38.0651 39.2875 35.4389 35.1208 30.1987 24.1372 20.6141 14.7207 12.4034 8.7057 6.6795 5.3097 5.1122 6.1024 6.2555 5.9845 5.4718 5.2115 5.1774 4.9541 5.0282 5.3337 5.7652 6.3968 7.1574 7.0663 7.2583 7.9001 8.0262 8.7946 8.6069 8.961 9.058 10.1908 10.3588 10.4622 12.3195 12.412 12.4723 14.3993 14.4236 14.4407 15.2832 15.3173 15.3439 15.3647
26.7694 27.1497 27.1625 27.1808 27.2056 27.2378 27.2778 28.1912 28.6933 28.8522 29.2629 30.2835 30.3224 30.3491 30.6888 30.6949 30.8755 30.8706 35.0647 37.0723 37.8387 38.1385 39.3402 37.2724 35.3086 30.696 26.0075 21.0231 14.895 10.8757 8.7176 6.1222 4.7196 4.9883 6.1169 6.3424 6.2329 5.5132 5.3149 5.2433 5.1258 5.096 5.1868 5.8219 6.64 7.0767 8.1779 8.3845 8.7832 9.5231 10.0044 9.7525 9.6888 10.63 10.7437 14.2038 14.3266 14.4006 14.4458 14.4735 14.4904 14.5005 15.358 15.3887 15.7795 15.7956 16.9445
26.7528 26.7536 27.1277 27.1445 27.1692 27.2033 27.2477 27.303 28.6576 28.7455 28.9348 29.8893 30.2964 30.345 30.6879 30.6959 30.8708 30.8637 34.7542 37.1545 39.5303 40.65 39.4497 39.1784 35.6161 34.937 27.092 24.9748 18.8077 11.4082 8.8292 5.4637 4.3396 4.5061 5.943 6.2356 6.4292 5.8626 5.3827 5.7353 5.4298 5.6517 5.8928 6.5479 7.3106 8.0063 9.1126 9.764 9.8632 10.7342 11.7966 12.3077 12.9147 14.2127 14.4098 14.5115 14.5611 14.583 14.5904 14.5902 16.436 16.4653 16.4862 17.5495 18.9002 18.9314 18.9565
26.7345 26.7329 26.7339 27.1006 27.1237 27.1584 27.207 27.2708 28.1813 28.7159 28.8329 29.8817 30.2834 30.3374 30.6863 30.6978 30.8656 30.8544 32.9607 35.0069 39.3898 40.8704 40.5354 39.3547 37.3379 35.1829 31.49 25.9191 18.1319 13.1475 9.2732 3.4715 4.119 3.8396 4.8769 6.1636 6.6916 7.0661 6.9566 6.557 6.4377 7.068 7.443 7.4814 8.4169 8.9528 9.8856 10.5694 10.6878 12.6177 13.5655 13.9873 15.0506 14.8367 14.8616 14.8419 14.8072 16.3931 16.4547 17.4936 17.532 17.5591 18.4768 18.9271 18.9598 18.9851 19.0049
26.7145 26.7096 26.7071 26.7085 27.0668 27.0999 27.1512 27.2242 28.1221 28.671 28.8219 29.8687 30.2635 30.31 30.6835 30.7012 30.8605 30.8419 32.6186 34.6384 37.6015 40.1796 40.8596 39.7662 39.0705 36.2898 34.7486 27.7304 21.5783 15.6762 10.7714 6.6597 4.7227 4.51 6.0419 6.8542 7.3874 8.2731 8.1677 8.5689 8.5096 7.9096 9.0411 9.5466 9.3934 10.4992 10.9559 11.9077 12.6715 13.1371 14.4859 15.2877 15.4672 15.5758 16.2464 16.313 17.3839 17.4791 17.5408 17.5806 18.4774 18.9259 18.9697 19.002 19.026 20.2257 20.2383
26.6933 26.6842 26.6769 26.6729 26.6749 27.0237 27.0741 27.1552 27.2716 28.1895 28.8011 29.8464 29.9151 30.2914 30.6769 30.7071 30.858 30.8256 30.793 33.886 37.2424 40.3972 41.5814 40.376 40.1608 37.2956 34.3244 28.8919 25.9355 17.2056 13.6449 9.2794 7.7532 6.6999 8.0096 8.4579 9.41 9.1603 9.5617 9.2875 9.9583 10.5984 10.0519 10.4056 12.0595 13.7232 13.0067 13.3955 13.5128 14.2641 15.5001 15.6914 16.6087 16.9008 17.2886 17.4646 17.5729 18.1742 18.4935 18.5381 18.9951 19.0363 20.2122 20.2335 20.2491 20.2607 20.2693
26.6715 26.6573 26.6436 26.6319 26.6252 26.6281 26.9675 27.0516 27.1917 28.099 28.7628 29.808 29.898 30.2594 30.4902 30.7161 30.8986 30.811 30.7265 32.0418 35.4387 40.9703 42.439 41.3039 40.6687 39.3901 34.5393 29.0853 26.3791 22.6741 14.9984 12.1721 10.8535 9.941 9.019 10.3017 10.6512 11.158 11.2865 10.2339 11.2923 11.7431 13.6891 13.5832 14.092 14.0118 14.6819 14.386 14.5943 15.7685 16.3503 17.0227 17.41 17.74 18.1208 18.2509 18.3078 18.6181 19.7366 20.1818 20.2233 20.2512 20.2701 20.283 20.2918 20.2978 20.3018
26.4896 26.6302 26.6087 26.5867 26.5668 26.5542 26.5589 26.8942 27.0547 27.3228 28.6939 29.0599 29.86 30.2732 30.3978 30.8377 30.9316 30.836 30.6024 31.1457 33.9776 41.8642 43.8798 42.1689 40.7754 39.0093 37.7296 32.9401 27.4324 25.176 21.1469 15.6192 12.2394 11.9727 11.8445 11.5177 12.2108 12.8095 14.2835 14.4089 14.4069 14.2752 14.6558 15.8642 16.1839 15.6142 15.3507 15.9132 16.1808 16.325 16.9042 18.0432 18.5739 18.739 19.2179 19.29 19.3181 19.7505 20.2559 20.2915 20.3127 20.3249 20.3317 20.335 20.3362 20.336 21.0478
26.4858 26.4598 26.4283 26.5403 26.5028 26.4658 26.4384 26.4457 26.8119 27.1856 28.2819 29.3419 29.7788 30.1859 30.3725 30.8205 30.9975 30.9344 30.8548 30.9059 33.4459 41.8523 44.8423 43.1663 41.5854 39.3139 37.9656 36.0055 31.0424 25.6036 23.7788 20.2153 17.2469 15.4468 14.7948 14.7152 15.4427 15.3837 14.4383 16.2434 16.3091 16.2155 16.28 17.0025 17.1289 17.2738 17.1478 16.7884 17.1542 17.581 17.9082 19.1961 19.2689 19.5799 19.5587 20.0853 20.5113 20.5723 20.8621 20.8786 20.8876 20.8925 20.895 21.0485 21.0533 21.0568 21.0593
26.4864 26.4578 26.4219 26.3761 26.3176 26.3714 26.2933 26.216 26.2356 26.91 28.2037 29.2205 29.6304 30.0877 30.1615 30.846 31.1585 31.2287 31.2659 31.1572 32.5161 37.8411 43.8983 43.7016 42.2197 41.0383 38.3964 36.4239 32.9137 28.5816 24.7231 21.5399 19.502 19.1967 18.138 17.1993 17.2909 17.4862 17.1314 16.9247 17.472 17.6117 17.8581 17.8163 18.0062 18.153 18.45 18.3097 17.997 18.2308 18.7187 19.0435 19.521 19.9762 20.2569 20.766 20.8588 20.8949 20.9087 20.9134 20.9142 21.0596 21.0644 21.0675 21.0694 21.0707 21.0713
26.4924 26.4632 26.4251 26.3741 26.3041 26.2071 26.0755 25.9717 25.6492 26.5223 28.1892 28.9272 29.472 30.3629 30.8323 31.2563 31.4027 31.5103 31.7284 31.4418 31.11 34.3336 42.3832 43.6463 42.4257 41.4903 37.3091 31.5345 28.3919 28.9702 25.8967 22.0494 20.0163 18.9316 19.3554 19.1779 18.1718 17.9345 18.7117 18.7947 18.1439 18.0801 18.5059 18.7551 18.8109 19.1615 19.0517 19.3154 19.3382 19.1437 19.3599 19.6528 20.3121 20.5828 20.8818 20.9836 20.9879 20.9755 20.9625 21.088 21.0888 21.0889 21.0883 21.0874 21.0863 21.2366 21.2363
26.0591 26.0466 26.4406 26.3904 26.3174 26.2053 26.0255 25.7835 25.8026 27.0456 28.1573 28.8988 30.0809 31.0412 31.4451 31.7209 32.0281 31.9849 32.1265 31.7381 31.5232 34.0933 37.4898 42.1207 38.5144 37.6079 38.4941 25.1583 25.6147 27.2494 24.9102 26.3143 21.1649 21.7464 19.5805 19.7563 19.839 20.0279 19.3022 19.6329 19.8729 19.0797 19.0794 19.4332 20.0121 19.931 19.9415 19.8075 19.9406 20.1996 20.3633 20.6113 20.7129 21.1758 21.4199 21.2302 21.1167 21.0522 21.1486 21.1351 21.1257 21.1184 21.5276 21.5252 21.5234 21.5221 21.5211
26.0693 26.0603 26.0484 26.0318 26.0061 26.2696 26.0841 25.6596 25.8951 27.1114 28.2139 29.4541 30.5196 31.4189 32.0174 32.1895 32.3822 32.6377 32.5046 31.9044 32.3846 34.0815 37.6403 38.4135 42.6789 31.0262 29.4487 28.7687 32.4117 25.2541 25.839 23.2641 22.4909 21.67 20.833 20.6535 20.4645 20.6568 20.8488 20.4028 20.4719 20.6587 20.2537 20.3895 20.6145 20.8271 20.9605 20.6396 20.6345 20.8047 21.0558 21.5407 21.4206 21.5016 21.5598 21.4796 21.529 21.5181 21.6597 21.6603 21.5285 21.525 21.5226 21.5209 21.5197 21.5189 21.5183
26.0801 26.0747 26.0686 26.0619 26.0551 26.0501 26.0572 26.1644 26.8753 27.2274 27.9188 29.651 31.1921 32.0943 32.5167 32.8099 32.9782 33.0805 32.9313 34.1959 35.9339 33.0689 39.0522 37.9179 34.9788 32.9299 31.7282 27.1459 27.325 33.0882 22.7307 22.9106 22.139 21.7578 21.5375 21.4324 21.1746 21.3151 21.3991 21.7232 21.278 21.2868 21.6082 21.3914 21.3426 21.422 21.5596 21.3397 21.2775 21.4501 21.5168 21.643 21.6559 21.7557 21.6842 21.6488 21.6388 21.6564 21.5282 21.5232 21.52 21.518 21.5168 21.5161 21.5157 21.3316 21.3266
26.0903 26.0878 26.0859 26.086 26.0906 26.3422 26.3612 26.4558 26.7409 27.4617 27.9346 29.6793 31.4831 32.4553 33.3334 33.7673 33.8629 33.3558 33.0211 32.8583 42.1922 41.8404 38.1273 34.2983 31.4805 32.0212 26.7608 25.7195 25.1403 25.3788 23.1731 22.875 22.7702 22.2585 21.9163 21.925 22.1686 22.2406 22.2246 22.2991 22.5245 22.3377 22.3414 22.23 22.1552 21.9874 21.7939 21.6142 21.5168 21.6893 21.6639 21.6835 21.7296 22.0043 21.6737 21.6096 21.604 21.4813 21.4769 21.5106 21.5101 21.5101 21.3388 21.3296 21.3229 21.1225 21.1149
26.099 26.098 26.3773 26.3726 26.3599 26.343 26.3046 26.321 25.584 26.4524 28.5679 29.7088 31.4754 32.8688 33.7218 34.4615 34.5909 34.304 33.1092 34.0543 35.072 40.1835 36.3626 32.5987 30.0399 28.0214 27.0232 25.7756 24.6565 23.9535 23.7572 23.2036 23.3104 23.1867 22.7446 22.5271 22.6635 22.8268 23.0956 22.7925 22.8901 22.8986 22.8395 22.7937 22.5575 22.2583 22.1134 21.8194 21.5759 21.7434 21.677 21.6441 21.7008 21.4431 21.5499 21.5348 21.5377 21.5353 21.5367 21.3985 21.2692 21.2517 21.2394 21.231 21.114 21.1062 20.8213
26.411 26.4046 26.3971 26.388 26.3748 26.3497 26.5326 26.3134 26.0245 26.6969 27.5872 29.3973 32.1663 33.3788 34.357 34.7303 34.7353 34.538 33.7554 33.0486 34.5227 34.4384 32.9269 30.0692 28.9658 27.6564 26.5333 25.3166 24.9252 24.2363 24.1312 24.167 23.9431 23.836 23.7441 23.568 23.688 23.476 23.2989 23.3522 23.1696 22.9819 22.8776 22.6944 22.52 22.3461 22.1865 22.0422 21.8755 21.7734 21.6969 21.6943 21.7103 21.5393 21.5187 21.4888 21.427 21.3819 21.2965 21.2638 21.2418 21.2278 21.1101 20.8334 20.8185 20.8079 20.8003
26.4248 26.4212 26.4173 26.4128 26.6658 26.6264 26.6853 26.6777 26.9738 27.2017 27.543 29.8833 31.4158 33.7631 34.4841 34.9412 34.778 34.4353 33.9633 33.6395 33.5418 30.9697 30.3807 29.365 27.9427 26.5966 26.1126 25.2303 24.8704 24.8315 24.5336 24.4829 24.511 24.6116 24.3037 23.8531 23.6426 23.5442 23.411 23.3081 23.1045 22.6697 22.6919 22.5756 22.4138 22.2318 22.0212 21.9853 21.8444 21.7206 21.565 21.6127 21.5858 21.5739 21.4831 21.3726 21.3556 21.3492 21.2456 21.2184 21.0324 21.0175 20.743 20.6679 20.6592 20.5124 20.5044
26.4385 26.4376 26.7212 26.815 26.7945 26.8004 26.8293 26.9096 27.0732 27.3133 28.0411 29.1478 31.6583 33.0835 34.1079 34.9907 34.5501 34.2304 33.8678 33.6063 32.5228 28.643 27.6509 27.2485 26.1885 26.073 25.6969 25.6198 25.0963 24.8012 25.008 24.8126 24.8058 24.632 24.3732 23.959 23.5612 23.4081 23.1855 23.0339 22.9816 22.7564 22.6509 22.5825 22.2435 22.0087 21.759 21.7979 21.8322 21.4595 21.3758 21.4754 21.5103 21.4459 21.2955 21.289 21.1877 21.0689 20.919 20.8859 20.871 20.6657 20.6528 20.5094 20.4987 20.4914 20.4864
26.8462 26.8459 26.848 26.8544 26.8688 26.7465 26.7986 27.1505 27.1678 27.2665 27.302 27.3788 30.172 32.8476 33.3914 33.7305 34.1284 33.8618 33.6347 33.353 32.9559 29.9535 26.8871 25.3483 24.9838 25.0813 25.4394 25.6642 25.6492 25.0126 24.9049 24.9167 24.8246 24.2931 24.2096 23.7368 23.337 23.1371 22.9333 22.7261 22.5297 22.5305 22.4872 22.3059 22.1417 21.8849 21.604 21.5146 21.4812 21.2134 21.0844 21.2039 21.2185 21.2877 21.1693 21.1039 20.9898 20.8506 20.8323 20.6518 20.6338 20.6247 20.4848 20.4764 20.4714 20.4687 20.4673
26.7103 26.7158 26.7247 26.7388 26.7606 26.7933 27.2001 27.1851 27.1502 26.8717 26.9098 26.6504 26.1978 29.457 32.6313 32.7931 33.0341 33.2512 33.3526 33.3666 33.186 30.0312 24.8215 26.2338 24.8247 24.1187 24.3376 25.4393 25.452 24.9525 24.7475 24.458 24.3336 24.0553 23.7473 23.4536 23.0492 22.6384 22.4826 22.3475 22.1334 21.9993 21.7929 21.9708 21.9397 21.5327 21.4314 21.2918 21.2239 21.0153 20.848 20.8275 21.0238 20.9993 20.9313 20.7811 20.717 20.6247 20.5815 20.5556 20.3834 20.2601 20.2489 20.2422 20.2381 20.2355 20.1987
