normal_rasters/0772100000293563.ascii
ncols 54 
nrows 41 
xllcorner 158649.48
yllcorner 383580.130997
cellsize 0.25
nodata_value -9999 
32.8234 32.8025 32.7776 32.7483 32.7149 32.6778 31.8147 31.7717 31.728 30.8942 30.1939 30.1939 30.1939 30.2554 30.3542 30.3623 29.5404 27.9534 27.2223 27.071 24.4656 20.4163 16.7976 15.7133 12.1387 7.3476 7.347 7.3487 9.6072 13.3215 15.9324 16.3334 18.9851 27.3313 27.459 29.7212 29.7564 29.7982 30.3442 30.349 30.4145 30.4145 30.4145 30.4145 30.4145 30.4145 30.4145 30.4145 30.4145 30.4145 30.4268 30.427 30.4399 30.4404 
32.8422 32.8206 32.794 32.7617 32.7238 32.6805 31.8214 31.7701 31.7174 30.8906 30.1939 30.1939 30.1939 30.2553 30.3531 30.3629 29.5602 27.9871 27.2262 27.0553 24.4615 20.4702 16.861 15.7258 12.1243 7.3456 7.3443 7.3468 9.5393 13.2218 13.4674 16.3109 19.0325 27.3109 27.4713 29.7167 29.7602 30.3406 30.3444 30.3497 30.4145 30.4145 30.4145 30.4145 30.4145 30.4145 30.4145 30.4145 30.4145 30.4263 30.4266 30.4392 30.4398 30.4403 
32.8652 32.8436 32.8158 32.7808 32.7379 32.6872 31.8325 31.7706 31.7059 30.8867 30.1939 30.1939 30.1939 30.2551 30.3516 30.3791 29.5876 28.0368 27.2352 27.0377 24.4585 20.5464 16.9472 16.5048 12.1001 7.3423 7.3397 7.3436 8.3239 13.0864 13.404 16.2861 19.0992 27.2801 27.4869 29.7103 29.7665 30.3398 30.3447 30.3508 30.4145 30.4145 30.4145 30.4145 30.4145 30.4145 30.4145 30.4145 30.4145 30.426 30.4382 30.439 30.4397 30.4403 
32.8932 32.8727 32.8447 32.8076 32.7599 32.7005 32.6305 31.7747 31.6936 30.8812 30.8386 30.1939 30.1939 30.2546 30.3496 30.3797 29.8611 28.9683 27.2142 27.019 24.4579 20.6571 18.9663 16.4911 12.0589 7.3372 7.3317 7.3379 8.2938 12.8951 13.32 16.2615 21.4082 25.3209 27.5071 29.3117 29.7762 30.3385 30.3453 30.3524 30.4145 30.4145 30.4145 30.4145 30.4145 30.4145 30.4145 30.4145 30.4254 30.437 30.438 30.4389 30.4396 30.4403 
32.9267 32.9088 32.8825 32.8449 32.7931 32.7245 32.6386 31.7852 31.6811 30.873 30.822 30.1939 30.1939 30.2538 30.3465 30.3803 29.8909 29.0149 27.2645 27.001 24.4624 22.4786 19.0432 16.4664 11.9872 8.7806 7.3171 7.3279 7.3994 11.5794 13.2048 16.245 21.4292 25.315 27.534 29.3094 29.7918 30.3368 30.3464 30.355 30.4145 30.4145 30.4145 30.4145 30.4145 30.4145 30.4145 30.4244 30.4354 30.4367 30.4379 30.4389 30.4397 30.4405 
32.9661 32.953 32.931 32.896 32.8428 32.7657 32.6607 32.5298 31.6696 30.8629 30.7996 30.1939 30.1939 30.2523 30.3419 30.3811 30.5432 29.0894 27.3585 26.99 24.4236 22.5162 19.1688 16.4214 11.8592 8.7214 7.2887 7.3093 7.4056 11.2369 13.0416 16.2622 21.4528 25.2852 27.5698 29.3152 29.8195 30.3341 30.3487 30.3607 30.4145 30.4145 30.4145 30.4145 30.4145 30.4145 30.4231 30.4239 30.4349 30.4365 30.4379 30.439 30.44 30.4409 
32.9903 32.9971 32.9916 32.9642 32.9154 32.8343 32.7091 32.5346 31.6617 30.8498 30.7644 30.1939 30.1939 30.2493 30.2669 30.3707 30.5435 29.2126 28.9071 27.0035 24.4887 22.5811 19.3831 15.4924 11.6254 8.6152 7.2275 7.2724 7.2324 10.4859 12.8086 14.3952 21.4246 25.2045 27.6135 29.1651 29.8733 30.3303 30.3536 30.3955 30.4145 30.4145 30.4145 30.4145 30.4145 30.421 30.4223 30.4324 30.4348 30.4367 30.4382 30.4395 30.4406 30.4415 
33.0148 33.029 33.0417 33.0494 33.0181 32.9454 32.8073 32.5758 32.2584 30.8302 30.7069 30.1939 30.1939 30.2432 30.268 30.3722 30.5458 30.1074 29.0068 27.0885 26.1206 22.6982 19.7499 15.5938 11.2068 7.7399 7.0712 6.447 7.3188 8.5295 12.5246 15.2212 21.3412 24.1898 27.5282 29.2515 29.9868 30.3266 30.3662 30.4012 30.4145 30.4145 30.4145 30.4145 30.4145 30.4199 30.4288 30.4324 30.4352 30.4373 30.4391 30.4405 30.4416 30.4424 
33.0381 33.0607 33.0858 33.1114 33.1315 33.1158 32.9964 32.7131 32.197 30.7876 30.6096 30.1939 30.1939 30.2298 30.2637 30.3801 30.5491 30.2407 29.2827 27.3375 25.8559 22.8308 21.0576 15.8028 9.7833 8.3184 5.6569 5.1973 7.1834 8.2774 11.5571 17.1063 21.0068 24.3449 27.6219 29.3951 30.133 30.3284 30.4068 30.4145 30.4145 30.4145 30.4145 30.4145 30.4168 30.4236 30.4286 30.4332 30.4365 30.439 30.4408 30.442 30.4428 30.4434 
33.0576 33.0884 33.1265 33.1736 33.2299 33.2882 33.3103 33.0945 32.2909 30.7779 30.4206 30.1939 30.1939 30.1939 30.2329 30.4411 30.5304 30.6146 30.0237 28.088 25.8438 23.0034 20.182 17.0044 9.6513 7.8753 4.3469 3.7956 6.4939 9.1027 13.1498 18.3535 20.8062 24.0478 27.4483 28.8219 30.0216 30.3996 30.4044 30.4145 30.4145 30.4155 30.4283 30.4296 30.4225 30.4189 30.43 30.4363 30.4398 30.4417 30.443 30.4437 30.4443 30.4447 
33.0703 33.1071 33.1553 33.2207 33.3132 33.4483 33.6423 33.8136 33.3885 31.1929 30.3752 30.1939 30.1939 30.1939 30.1943 30.3847 30.6043 30.7264 30.2746 28.4911 26.6737 22.7628 19.8935 17.8267 11.5598 7.8794 3.581 0.8021 3.971 10.5885 13.7902 17.3815 20.7893 23.899 27.1422 28.9341 29.955 30.358 30.4145 30.4145 30.4145 30.4226 30.4688 30.4859 30.458 30.4415 30.4485 30.4434 30.4447 30.4453 30.4456 30.4458 30.4459 30.446 
33.0743 33.1128 33.1643 33.2363 33.3433 33.5166 33.8328 34.4909 34.4275 32.6619 30.512 30.1939 30.1939 30.1933 30.1944 30.2198 30.6706 31.0187 29.7272 28.2136 26.3615 23.5335 20.5828 16.8762 13.2624 8.6802 3.9465 2.4493 5.6521 8.6714 14.0439 17.0525 21.1559 23.2351 26.8576 28.9734 29.8599 30.3369 30.4145 30.4145 30.4145 30.425 30.4701 30.4865 30.4914 30.4793 30.4729 30.4717 30.4609 30.4282 30.4255 30.4237 30.4007 30.3991 
33.0386 33.0736 33.1209 33.1871 33.2829 33.3845 33.5487 33.7118 32.6467 30.7075 30.1939 30.1939 30.1817 30.1655 30.1939 30.1944 30.5449 30.7692 30.5387 28.4933 25.9723 24.4442 21.5883 16.4003 13.8402 9.5799 4.5177 1.0369 5.4134 10.1216 12.7649 17.24 21.3138 23.9111 25.5386 28.3159 29.7128 30.2677 30.3844 30.4145 30.4145 30.3896 30.3363 30.4453 30.4919 30.4702 30.4298 30.4155 30.4076 30.4025 30.3995 30.3975 30.3963 30.3954 
32.961 32.9752 32.9924 33.0131 33.0361 33.053 32.5372 32.2698 30.799 30.1939 30.1887 30.1808 30.1449 30.1493 30.1832 30.1939 30.2578 30.4226 29.9393 29.2655 26.1379 23.77 21.1478 18.5438 12.8323 8.7032 5.8015 2.6073 4.4936 9.4763 13.7897 16.3842 20.2553 23.8197 25.9952 27.646 29.3029 30.2968 30.3936 30.4011 30.4056 30.3247 30.2799 30.3218 30.4029 30.3939 30.3821 30.3743 30.3708 30.3915 30.3912 30.3912 30.3765 30.3768 
32.2157 32.2143 32.2066 32.186 32.1386 32.0347 31.8175 30.8607 30.2599 30.2253 30.174 30.1173 30.1206 30.1286 30.1487 30.146 30.1936 30.1837 29.9352 28.9888 27.0028 23.753 20.8518 18.2868 14.517 8.2696 4.9057 3.3232 5.5714 7.8799 13.6721 17.7483 20.0082 23.186 25.5825 27.9257 29.1748 30.0125 30.409 30.3282 30.2947 30.2799 30.2799 30.2799 30.2987 30.3092 30.3158 30.3197 30.3446 30.3471 30.3485 30.3494 30.3741 30.375 
32.115 32.0873 32.0429 31.9701 31.8488 30.9313 30.2583 30.2768 30.3081 30.2864 30.1472 30.1157 30.1157 30.1157 30.1157 30.12 30.1591 30.2089 30.1887 28.2688 27.2294 25.1443 20.6356 17.533 15.3191 10.9297 4.6437 3.8933 4.5785 10.0734 11.9802 17.217 20.1908 23.3731 24.6215 27.4088 29.3349 29.9729 30.3718 30.2842 30.2799 30.2799 30.2799 30.2807 30.2819 30.2822 30.3003 30.325 30.3305 30.334 30.3358 30.3368 30.3373 30.3376 
31.1091 31.0773 30.2201 30.2223 30.2258 30.2316 30.2321 30.2512 30.2701 30.1908 30.1285 30.1157 30.1157 30.1157 30.1157 30.1157 30.1416 30.1573 29.6748 28.5468 26.7915 24.7774 22.3156 17.6164 14.1906 10.861 7.0861 3.4205 4.1515 8.4748 13.0676 17.1789 20.0201 22.3193 25.563 26.7706 29.1578 30.1786 30.3634 30.2799 30.2799 30.2799 30.2799 30.2805 30.2917 30.3123 30.3312 30.3372 30.3397 30.3404 30.3404 30.3403 30.34 30.3397 
30.2145 30.2147 30.2149 30.2153 30.2157 30.2162 30.2168 30.2027 30.1876 30.1264 30.1147 30.1157 30.1157 30.1157 30.1157 30.1157 30.121 30.0043 29.6408 29.0249 26.4594 25.0584 21.9661 18.794 14.5744 10.9087 6.978 2.1621 4.2229 7.7497 13.516 16.2154 20.1674 22.0095 24.6716 27.5833 28.4921 29.9108 30.3121 30.288 30.2799 30.2799 30.2799 30.3157 30.35 30.3894 30.3825 30.3563 30.3719 30.3697 30.3682 30.3673 30.3666 30.366 
30.212 30.2112 30.2101 30.2083 30.2054 30.2004 30.1645 30.156 30.1314 30.1172 30.1157 30.1157 30.1157 30.1157 30.1157 30.1157 30.1157 30.0882 29.7051 28.5275 26.718 24.4363 20.7444 19.268 13.9975 11.6799 6.5179 3.584 4.9759 7.1959 11.9206 17.336 19.1038 22.857 24.437 27.3342 28.9375 29.9431 30.214 30.2799 30.2799 30.2799 30.2799 30.2931 30.3946 30.4098 30.4044 30.3993 30.3962 30.3943 30.4145 30.4145 30.4145 30.4145 
30.1723 30.1717 30.1707 30.1692 30.1371 30.1389 30.1422 30.1482 30.1472 30.134 30.1157 30.1157 30.1157 30.1157 30.1157 30.1157 30.1157 30.1022 29.8127 28.1492 26.6266 24.185 21.684 18.1102 15.3112 10.6135 6.3482 3.4161 4.7605 8.5423 10.7081 14.8173 19.6166 22.3976 24.7833 27.1091 29.187 30.0014 30.2656 30.2799 30.2799 30.2866 30.2977 30.3773 30.4103 30.4145 30.4145 30.4145 30.4145 30.4145 30.4145 30.4145 30.4145 30.4145 
30.1338 30.1342 30.1347 30.1354 30.1365 30.1382 30.1413 30.1478 30.156 30.1281 30.1157 30.1157 30.1157 30.1157 30.1157 30.1157 30.115 30.0101 29.4365 29.0612 26.9171 24.3865 22.4467 18.0654 15.7753 10.3992 6.0251 3.4896 2.5945 7.1994 12.099 14.8722 18.698 22.6987 24.8043 26.9898 29.2159 29.7051 30.2761 30.2832 30.3155 30.3558 30.3278 30.3939 30.4145 30.4145 30.4145 30.4145 30.4145 30.4145 30.4145 30.4145 30.4145 30.4145 
30.1332 30.1334 30.1337 30.134 30.1344 30.1349 30.1353 30.1343 30.1277 30.1157 30.1157 30.1157 30.1157 30.1157 30.1157 30.1157 30.1151 30.1081 29.7136 28.4218 26.8015 25.1425 21.8529 18.9588 14.0613 11.41 8.2758 2.2311 2.5439 6.5729 11.577 15.8337 18.5344 22.0378 25.5473 27.2146 28.6203 30.0323 30.2317 30.3901 30.3986 30.4145 30.3958 30.4026 30.4145 30.4145 30.4145 30.4145 30.4145 30.4145 30.4145 30.4145 30.4145 30.4145 
30.1473 30.1472 30.1471 30.1469 30.1465 30.1454 30.1425 30.1365 30.1212 30.1157 30.1157 30.1157 30.1157 30.1157 30.1155 30.1143 30.1144 30.084 29.9847 28.645 26.9974 25.2931 21.993 20.0387 14.8371 11.8535 7.1676 3.3453 3.968 7.3438 9.7894 15.427 19.5212 22.5187 24.9844 27.7081 28.7546 29.737 30.3672 30.4145 30.4145 30.4145 30.4145 30.4145 30.4145 30.4145 30.4145 30.4145 30.4145 30.4145 30.4145 30.4145 30.4145 30.4145 
30.1475 30.1475 30.1474 30.1473 30.1468 30.1459 30.1343 30.1349 30.1335 30.1262 30.1157 30.1157 30.1157 30.1157 30.1152 30.1123 30.1124 30.108 30.0139 29.2774 27.6567 25.3727 22.9273 19.327 17.2023 10.7614 6.3509 4.2862 3.7698 5.7297 11.5997 14.2754 18.2439 22.5125 24.9411 26.4692 28.6532 29.9373 30.3865 30.4145 30.4145 30.4145 30.4145 30.4145 30.4145 30.4145 30.4145 30.4145 30.4145 30.4145 30.4145 30.4145 30.4145 30.4145 
30.9447 30.9378 30.9279 30.8977 30.8625 30.8062 30.1502 30.1543 30.1738 30.19 30.128 30.1325 30.1186 30.1157 30.1157 30.1151 30.1139 30.1099 30.0497 28.9487 28.2009 25.6885 23.7286 19.2876 16.3093 13.3489 5.9955 3.0515 2.8369 8.0971 10.5976 15.7646 17.934 21.8282 24.2112 26.9657 28.2716 29.7544 30.3337 30.4145 30.4145 30.4145 30.4145 30.4145 30.4145 30.4145 30.4145 30.4145 30.4145 30.4145 30.4145 30.4145 30.4145 30.4145 
33.2161 33.1758 31.0242 31.0295 31.0455 31.0359 31.0056 30.9174 30.6795 30.1865 30.1903 30.1932 30.1336 30.1212 30.1157 30.115 30.115 30.1268 30.2114 29.7806 27.8995 25.8781 23.1966 20.9867 15.1187 12.7822 8.8576 3.9336 2.7433 6.7467 11.173 14.3244 19.1277 21.2409 24.4734 26.7881 28.7187 29.7803 30.4134 30.4145 30.4145 30.4145 30.4145 30.4145 30.4145 30.4145 30.4145 30.4145 30.4145 30.4145 30.4003 30.3993 30.3986 30.3982 
33.465 33.4647 33.4606 33.4596 33.4045 33.3058 33.1347 32.8654 31.644 31.0485 30.1939 30.1939 30.1923 30.1286 30.1308 30.1279 30.1443 30.2469 30.3174 29.7839 28.2044 25.7374 23.0792 20.7825 17.0122 11.478 7.1118 5.8816 4.8151 7.3009 11.1312 14.9763 19.0234 21.1105 24.2861 26.7109 28.6473 29.8131 30.4041 30.4137 30.4136 30.4145 30.4139 30.4142 30.4136 30.4136 30.4138 30.403 30.3992 30.3972 30.3834 30.3821 30.3813 30.3808 
35.7265 35.7402 35.7559 35.7731 35.7894 35.7958 35.7591 35.5048 34.0582 34.1283 31.0568 30.1939 30.1939 30.1859 30.1844 30.1369 30.2082 30.3385 30.3919 29.8534 28.5947 25.9884 23.7556 20.3088 17.774 14.1807 7.0266 4.9616 2.2524 7.6044 11.2097 15.1097 18.7192 22.2279 24.6698 27.1098 28.867 29.7398 30.3759 30.4102 30.4092 30.4108 30.409 30.4082 30.4078 30.4114 30.3963 30.38 30.3792 30.3788 30.3787 30.3787 30.3788 30.3789 
35.9504 36.0169 36.1053 36.2259 37.8532 37.9273 36.8207 37.1015 37.2554 36.3639 31.2101 30.1939 30.1939 30.1939 30.1939 30.1865 30.2632 30.395 30.8029 30.5737 28.401 26.3087 24.4732 20.6803 17.6455 13.9247 8.6866 3.3314 2.9076 6.3466 11.9039 14.5814 18.9186 21.3779 24.9236 26.5955 29.2343 30.1539 30.2457 30.4093 30.4075 30.4072 30.4072 30.4072 30.4075 30.3699 30.3546 30.3618 30.368 30.3713 30.3733 30.3745 30.3753 30.3759 
40.2065 40.1917 40.1746 40.1557 38.1716 38.3396 38.6265 39.2004 40.5564 41.3938 35.8702 31.1069 30.1939 30.1939 30.1949 30.2238 30.2901 30.5699 31.2265 30.6148 28.9171 26.6345 23.9171 20.5343 17.7036 11.9007 9.9304 6.5241 3.1448 5.6138 10.7421 14.9487 18.2274 21.9081 23.9014 26.9759 28.5328 30.0462 30.3787 30.4134 30.4092 30.4075 30.4072 30.4072 30.3986 30.3366 30.3422 30.3565 30.3635 30.3672 30.3709 30.3727 30.374 30.3748 
40.3136 40.3226 40.3373 40.3615 40.4028 40.4751 40.6035 40.8208 40.7805 40.3437 38.8011 31.8504 30.1939 30.1939 30.2094 30.3232 30.3486 30.5257 30.8012 30.1488 29.59 26.9108 23.7383 20.8643 16.6836 14.3274 8.3784 5.2113 2.7957 4.4096 10.7292 15.0072 17.958 20.7337 24.2614 26.2928 29.0135 29.9677 30.3502 30.4145 30.4139 30.4094 30.4072 30.4072 30.3989 30.3889 30.3593 30.3605 30.3647 30.3674 30.3693 30.3707 30.3731 30.374 
40.4167 40.447 40.4891 40.5486 40.6338 40.7553 40.3717 40.4387 40.3722 38.4462 35.3183 30.5595 30.1939 30.1939 30.2086 30.2821 30.3284 30.7054 30.8531 30.1305 28.9745 27.3249 24.7773 19.7934 17.6167 13.2221 11.1458 3.6495 2.115 3.7284 8.2362 14.7787 18.3337 21.1715 23.5092 26.9644 28.5979 29.421 30.4084 30.4145 30.4145 30.4116 30.4078 30.4072 30.4003 30.3885 30.3739 30.3678 30.3669 30.3687 30.3699 30.3709 30.3717 30.3724 
40.5113 40.5591 40.623 40.7095 40.1976 40.2778 40.3813 40.5435 39.5416 41.2953 37.1156 31.2051 30.1939 30.2045 30.2273 30.2148 30.3566 30.7882 31.0132 30.9672 28.1164 26.1291 25.3202 20.7213 16.9645 13.3935 10.1389 6.7761 3.2624 3.8639 7.6396 15.2395 18.7829 20.8769 23.4525 25.9136 28.5345 29.2195 30.1423 30.4145 30.4145 30.4115 30.4092 30.4072 30.3986 30.3855 30.3783 30.3733 30.3708 30.3698 30.3698 30.3714 30.372 30.3726 
40.5942 40.655 40.0381 40.0864 40.1458 40.2253 40.3504 39.012 40.0312 41.8633 40.1358 34.129 31.3936 30.2115 30.2298 30.2649 30.3815 30.7696 31.0109 30.6923 28.2278 26.7956 24.4329 21.5661 15.4144 12.1972 9.4931 7.1319 5.3109 4.271 8.5198 14.0522 18.1007 21.3958 23.8551 25.3476 28.9684 29.2209 29.9999 30.2104 30.4137 30.412 30.4099 30.4081 30.397 30.3846 30.3799 30.3761 30.3737 30.3723 30.3715 30.3712 30.3724 30.3728 
39.9319 39.9613 39.9953 40.0356 40.0863 40.1565 40.2682 38.8392 39.3999 38.8488 37.6554 35.1379 32.5942 30.2172 30.2451 30.3358 30.5202 30.6675 30.8878 29.6954 28.3498 26.0818 23.7422 20.3821 16.797 12.992 9.9384 7.166 5.8553 5.5325 7.4299 13.9004 15.7025 22.1002 24.1617 25.0138 29.0441 29.6842 29.9658 30.1402 30.4135 30.4119 30.4101 30.4094 30.3968 30.3837 30.3805 30.3776 30.3755 30.374 30.3731 30.3726 30.3723 30.3722 
39.899 39.9224 39.9489 39.9798 40.0176 40.0674 38.311 38.5091 37.3144 37.2422 36.4967 35.2953 33.1299 30.2195 30.246 30.352 30.5558 30.6459 30.8251 29.3366 28.367 26.0396 23.8708 20.1039 15.9928 13.0728 10.0629 7.1455 6.0527 5.8014 7.6353 13.7846 15.0238 22.4018 24.3296 24.8515 27.4655 29.7234 29.9592 30.1013 30.1587 30.4119 30.4113 30.4097 30.3963 30.3828 30.3805 30.3784 30.3766 30.3753 30.3743 30.3737 30.3732 30.373 
39.8646 39.8819 39.9005 39.921 39.9439 38.028 38.1172 36.6052 36.633 36.4424 35.9554 34.082 33.3202 32.6008 30.2466 30.3597 30.5741 30.632 30.6889 29.1567 28.3752 25.9702 23.885 19.9291 15.9414 13.1391 10.1297 7.7912 6.1292 5.9453 7.7592 13.7129 14.6008 22.5801 24.4246 25.54 27.3478 29.341 29.9597 30.0167 30.1293 30.4118 30.4114 30.4099 30.4096 30.3946 30.3804 30.3787 30.3773 30.3761 30.3752 30.3745 30.374 30.3737 
39.8298 39.8411 39.8521 39.8626 37.8538 37.9008 36.2178 36.2473 36.1914 36.0019 35.6654 33.9015 33.3581 32.8061 30.3485 30.364 30.5836 30.6232 30.6618 29.059 28.3797 25.9069 23.9075 19.8255 15.9163 13.1914 10.1667 7.8607 6.1587 6.0236 7.835 13.6701 14.33 19.4999 24.4828 25.5432 25.9151 29.3396 29.9619 30.0034 30.1101 30.4118 30.4115 30.41 30.4097 30.3947 30.3802 30.3789 30.3777 30.3767 30.3758 30.3752 30.3747 30.3743 
39.7956 39.8014 39.8057 37.7363 37.7638 35.9764 35.9992 35.9815 35.8999 35.736 35.492 33.7609 33.3544 32.9308 30.3545 30.3666 30.5888 30.6173 30.645 28.9236 28.382 24.3439 23.922 19.7628 15.9038 15.3995 10.1886 7.9013 6.1686 6.0673 7.8832 11.9008 14.1505 19.4541 23.0064 25.5495 25.8353 28.249 29.9643 29.9956 30.0975 30.4118 30.4116 30.41 30.4098 30.3947 30.3799 30.3789 30.3779 30.377 30.3763 30.3757 30.3752 30.3748 
39.7628 39.7639 37.6518 37.6691 37.682 35.8292 35.8242 35.7852 35.7005 35.5636 33.9154 33.6532 33.3371 33.0073 32.7253 30.545 30.5918 30.6131 30.6338 28.8891 28.3829 26.2809 22.4319 19.7234 15.8978 15.5102 10.2023 7.9248 6.1699 6.092 7.9152 8.2908 14.0275 19.4175 22.9989 25.5558 25.7812 28.1975 29.9665 30.0607 30.0891 30.1136 30.4116 30.4101 30.4099 30.3946 30.3939 30.3788 30.378 30.3773 30.3766 30.376 30.3756 30.3752 
39.7322 37.5881 37.5997 37.6078 35.7061 35.7058 35.6857 35.6387 35.5591 35.4453 33.7716 33.5881 33.3164 33.0548 32.8297 30.5501 30.5935 30.61 30.6261 28.8433 26.5538 26.2733 22.3798 19.6977 15.8954 15.5896 10.2113 7.9382 7.7346 6.106 6.0539 8.237 13.9404 19.3877 22.9914 25.5613 25.7431 28.1609 29.9685 30.06 30.0832 30.104 30.4116 30.4101 30.41 30.4099 30.394 30.3787 30.3781 30.3774 30.3768 30.3763 30.3759 30.3755 