normal_rasters/0772100000295739.ascii
ncols 99 
nrows 64 
xllcorner 159477.080994
yllcorner 383838.446991
cellsize 0.25
nodata_value -9999 
[rows 0 to 29 of 64, columns 0 to 67 of 99]
36.5551 36.5877 36.6176 36.6446 36.6684 36.6885 36.7048 36.717 39.1675 39.0996 39.0232 38.9374 36.8585 36.6791 36.4851 34.4259 34.2006 33.688 31.643 27.883 27.8776 27.8712 27.8639 27.8554 27.8457 27.8347 27.5455 27.5336 27.5205 27.5059 27.4901 29.9657 30.0337 29.4792 29.5574 29.6461 29.7448 29.3874 29.4614 34.2449 33.0934 33.1465 33.2134 33.2968 33.3987 37.0331 42.4625 42.6915 46.493 46.4909 46.4911 45.9221 45.843 45.8224 46.8438 46.0691 46.028 45.9866 45.9473 45.9124 45.2529 45.2091 45.172 42.1248 42.0765 42.2127 42.1449 42.0852
36.6033 36.6389 36.6718 36.7016 36.7279 36.7504 36.7686 36.7823 39.2326 39.1649 39.0879 39.001 36.9698 36.7836 36.5809 36.3621 34.2854 34.0368 31.6881 27.8916 27.8864 27.8803 27.8731 27.8647 27.8549 27.8436 27.5538 27.5414 27.5274 27.5117 27.4943 27.4755 29.9636 30.0472 29.5087 29.6055 29.7152 29.3918 29.48 28.9374 33.0604 33.1119 33.1798 33.2686 33.3826 30.9217 37.276 42.6443 41.2615 46.4973 46.4964 45.9288 45.876 45.8518 45.8211 46.0843 46.033 45.9814 45.9334 44.5467 45.2342 45.1845 45.1439 42.1459 42.2761 42.1919 42.1186 42.0555
36.6532 36.6924 36.7286 36.7616 36.7908 36.8158 36.8362 36.8517 36.862 39.2343 39.1574 39.0696 38.9701 36.8985 36.6871 36.4575 34.3817 34.1156 31.7409 27.9009 27.8961 27.8903 27.8834 27.8751 27.8654 27.8539 27.8406 27.5508 27.5359 27.519 27.5 27.4792 29.8821 29.9664 29.4481 29.553 29.6748 29.8127 29.4977 29.6009 28.977 33.0691 33.1346 33.2261 33.3513 32.3158 30.6658 42.5735 41.2716 41.3913 46.5007 45.9328 45.918 45.8894 45.8515 46.1045 46.0388 45.973 45.9132 44.5618 45.2072 45.1511 42.2355 42.1626 42.2515 42.1595 42.0816 42.5635
36.705 36.748 36.788 36.8245 36.857 36.885 36.908 36.9255 36.9373 39.3082 39.2316 39.1434 39.0426 37.0247 36.8047 36.5641 34.4909 34.2059 33.9122 31.5738 27.9066 27.9013 27.8948 27.8869 27.8774 27.866 27.8524 27.8364 27.5465 27.5284 27.5077 27.4845 27.459 29.8707 29.9776 29.4853 29.62 29.7763 29.5121 29.6402 29.0824 33.0187 33.0763 33.1647 33.2976 32.2972 30.6825 36.1056 42.8694 41.4048 46.5222 45.931 46.0533 45.9391 45.8911 46.1323 46.0456 45.9594 44.6308 45.2488 45.168 42.3557 42.2577 42.3291 42.2105 42.1121 42.5739 42.5134
36.7586 36.8059 36.8502 36.8907 36.927 36.9584 36.9843 37.0043 37.0178 37.0247 39.3107 39.2227 39.121 39.0043 36.9347 36.683 36.4083 34.3093 33.9934 31.6256 27.9181 27.9134 27.9075 27.9002 27.8911 27.8799 27.8664 27.8501 27.5596 27.5403 27.5179 27.4921 27.4633 24.7474 29.8639 29.3981 29.5458 29.7226 29.5198 29.681 29.2129 27.9211 33.0053 33.0804 33.2117 32.246 27.4619 31.1388 37.2962 41.4052 41.5908 46.5044 46.0831 46.0076 45.9443 46.1724 46.0537 45.937 44.6618 45.2049 42.5255 42.3865 42.4338 42.2756 42.1477 42.5833 42.5091 42.4509
36.8139 36.8661 36.9152 36.9603 37.0009 37.0362 37.0655 37.0883 37.104 37.1122 37.1126 39.3075 39.2056 39.0873 37.0781 36.8153 36.5264 34.4278 34.0875 31.6872 27.9304 27.9266 27.9215 27.9149 27.9065 27.896 27.8828 27.8664 27.8465 27.5555 27.5313 27.5028 27.4702 24.7884 24.7365 29.8665 29.4457 29.6445 29.8826 29.7198 29.3739 29.3253 27.9528 32.9716 33.0818 33.3047 27.532 31.224 37.391 41.394 41.5719 46.5023 46.1139 46.1089 46.0203 45.3455 46.0647 44.8182 44.6925 43.8489 42.5705 42.3981 42.3609 42.189 42.5893 42.4965 39.5691 39.4948
36.8708 36.9285 36.983 37.0334 37.0789 37.1187 37.152 37.1782 37.1964 37.2062 37.2073 39.398 39.2965 39.1773 37.2358 36.9623 36.6591 34.5634 34.1967 31.7603 31.4723 27.9408 27.9368 27.9313 27.9239 27.9143 27.9018 27.886 27.8659 27.841 27.5489 27.5177 27.4808 27.4385 24.7794 29.6976 26.9158 29.5319 29.8086 29.749 30.0159 29.5553 28.2442 27.9266 32.8975 33.0953 27.5384 28.3299 31.5598 35.7299 41.4901 41.8675 46.1366 46.274 46.1407 45.5033 46.0875 44.9299 44.0922 42.8536 42.5797 42.4765 42.2349 42.5865 39.6887 39.5666 39.4769 39.4106
36.9292 36.9931 37.0537 37.1101 37.1613 37.2064 37.2444 37.2744 37.2956 37.3075 37.3094 37.3012 39.3938 39.2746 39.1341 37.1251 36.8077 36.457 34.323 33.9157 31.531 27.956 27.9532 27.9491 27.9432 27.935 27.9238 27.909 27.8896 27.8645 27.8325 27.5383 27.4968 27.4476 24.8328 24.7551 26.7208 29.3708 29.6887 27.7366 30.1188 29.8556 28.6602 28.2927 27.7496 32.7517 27.3979 28.5072 29.3641 36.1342 41.3387 41.6035 42.633 46.575 46.3918 45.7143 45.6397 45.0562 43.3301 42.847 42.638 42.2801 39.9326 39.7009 39.5434 39.4359 39.3616 39.3098
36.9888 37.0597 37.1272 37.1905 37.2483 37.2994 37.3429 37.3776 37.4025 37.4168 37.4198 37.4113 39.4975 39.3791 39.2377 37.3047 36.9734 36.6041 34.4688 34.0278 31.602 26.1278 27.9709 27.9685 27.9644 27.9581 27.9489 27.9359 27.918 27.8938 27.8614 27.5666 27.5207 27.4634 24.9007 24.8081 24.708 26.806 29.4991 27.6422 30.2101 30.205 30.278 28.8696 28.1582 27.2153 28.9677 28.4229 29.5003 34.6021 36.9649 40.7586 42.62 46.3881 47.2939 44.5669 46.3248 43.7938 43.2692 42.7202 42.3068 40.0112 39.6758 39.4731 39.3494 39.2728 39.2247 39.1942
37.0493 37.128 37.2035 37.2745 37.3399 37.3983 37.4482 37.4885 37.5177 37.535 37.5395 37.5308 37.5086 39.4909 39.3496 39.1804 37.1574 36.7695 34.6366 34.159 31.6875 26.1267 26.1557 26.1875 27.9873 27.9835 27.977 27.9668 27.9516 27.9296 27.8985 27.8553 27.5557 27.49 27.4076 24.8769 24.7527 26.4763 26.9747 27.4328 28.4535 31.0052 30.9335 29.8141 28.8946 27.4608 27.7827 27.5851 30.3559 36.2201 35.7161 35.6487 39.7315 47.5581 45.7617 41.1489 41.9106 44.2319 42.6957 40.9878 40.0406 39.5389 39.2918 39.1706 39.1111 39.0829 39.071 39.0679
37.1103 37.1977 37.2821 37.3622 37.4364 37.5031 37.5607 37.6076 37.6423 37.6633 37.6698 37.6609 37.6365 37.5969 39.4698 39.2995 37.3605 36.9546 34.829 34.3118 33.7837 31.3909 26.1534 26.1872 26.2247 26.2663 28.0079 28.0016 27.9905 27.9727 27.9452 27.904 27.8438 27.5337 27.4338 24.9703 24.8091 24.6589 26.5249 27.0507 28.2801 29.9094 31.8754 31.3914 30.2982 27.9849 25.6493 25.663 29.2465 43.013 40.0235 29.1416 38.4867 40.1502 28.8157 32.631 33.9375 39.9145 42.1288 40.1048 39.0911 38.8397 38.7983 38.8144 38.8454 35.7048 35.6572 35.6233
37.171 37.2682 37.3628 37.4532 37.5376 37.6141 37.6809 37.7359 37.7771 37.8029 37.8118 37.803 37.7761 37.7315 39.598 39.4279 39.2206 37.1602 36.6824 34.4888 33.9152 31.4713 26.1479 26.1833 26.2232 26.268 26.3183 28.0397 28.0343 28.0229 28.0022 27.9673 27.9107 27.6036 27.4866 25.1062 24.8834 24.6804 25.967 26.4665 27.808 29.902 32.9874 33.9581 32.9217 28.9792 25.0644 23.8177 21.6058 19.1787 19.6075 19.4843 27.0874 28.0916 24.3976 24.552 31.4937 34.9569 36.1666 36.0637 35.7024 35.5624 35.5097 35.4878 35.4781 31.0252 30.817 30.6624
37.2308 37.3389 37.4449 37.5471 37.6433 37.7314 37.8091 37.8739 37.9233 37.9551 37.9674 37.9589 37.9292 37.8786 37.8084 39.5651 39.3563 37.3865 36.8856 34.6921 34.07 31.5693 26.1385 26.1752 26.2169 26.2644 26.3186 26.3805 26.4508 28.0791 28.0688 28.0458 28.0013 27.9198 27.5869 27.3752 24.994 24.6789 24.5752 26.0231 27.0034 29.2499 32.9335 36.9365 37.592 29.0543 24.5188 20.544 20.2511 13.5232 13.512 20.298 21.1468 26.1926 21.665 18.5311 26.601 27.9608 33.0883 33.3317 32.4945 32.113 31.3638 30.9916 30.7364 28.7501 29.8875 29.7039
37.2884 37.4087 37.5276 37.6432 37.7531 37.8549 37.9456 38.0223 38.0819 38.1214 38.1382 38.1306 38.0977 38.0399 37.9589 39.7105 39.5017 39.2436 37.1103 34.9235 34.2501 31.6876 26.125 26.1622 26.205 26.2545 26.3119 26.3786 26.4561 26.5459 26.6498 28.1368 28.1152 28.0607 27.9365 27.5246 25.2083 24.6125 24.4893 25.7128 26.3623 27.8553 31.4707 34.814 32.1829 28.7793 25.1838 20.9084 19.2262 16.1083 13.8457 20.2596 19.6405 22.6024 22.4802 22.1559 23.4044 25.2994 27.2054 27.0681 27.1415 30.2964 28.2894 28.0791 27.9675 24.0507 21.6325 21.5561
37.3425 37.4762 37.6096 37.7405 37.8662 37.9839 38.0902 38.1815 38.2539 38.3034 38.3266 38.3206 38.2842 38.2177 38.1234 38.005 39.6555 39.3951 37.3556 36.737 34.457 33.7249 26.1069 26.1437 26.1867 26.2371 26.2966 26.367 26.4506 26.5497 26.6671 26.8067 28.2422 28.2376 28.1858 26.5684 25.7784 24.4669 23.956 26.071 26.7265 26.4144 28.9594 31.2273 30.9282 28.7391 26.0614 21.0727 18.6299 17.1735 15.0181 17.522 18.574 22.6195 19.766 19.5356 19.2818 17.0445 16.6907 16.7721 18.6746 21.4784 21.2022 20.186 21.3009 17.2636 17.297 17.3108
37.3914 37.5398 37.6893 37.8374 37.9812 38.1176 38.2424 38.3516 38.4401 38.5028 38.5348 38.5318 38.4916 38.4145 38.3034 38.1637 39.8163 39.5548 39.2297 36.9746 34.6908 33.9021 28.6809 26.1194 26.1614 26.2113 26.2712 26.3437 26.4318 26.539 26.6689 26.8253 27.0171 27.275 28.4885 28.4931 27.416 24.6978 23.6517 21.6886 23.1773 24.557 26.6694 28.6532 29.7366 28.2412 26.5432 21.0895 18.3595 17.5559 15.5899 15.3789 16.1643 17.4818 18.3734 17.6651 14.641 10.2555 15.0173 15.5738 15.3461 16.5347 16.7743 17.2754 17.3699 17.4049 17.4099 17.6594
37.4328 37.5973 37.7645 37.9318 38.0962 38.254 38.4009 38.5318 38.6408 38.7212 38.7657 38.768 38.7239 38.6335 38.5009 38.334 38.1422 39.7202 39.3918 37.2291 34.9499 34.1051 28.814 26.089 26.1285 26.1761 26.2343 26.3064 26.3967 26.5108 26.6546 26.8317 27.039 27.2942 27.773 28.7387 28.6597 24.9126 18.1849 12.6628 17.4099 20.4703 24.8113 26.9984 27.6605 27.8813 26.7799 25.8393 18.2293 17.7268 17.2707 15.6683 14.6941 14.4807 16.4122 15.4467 13.9746 14.2279 15.511 15.659 15.4067 16.7846 17.4503 17.8265 17.8285 17.7988 16.3698 16.2493
37.4642 37.6458 37.8323 38.021 38.2084 38.3906 38.563 38.72 38.8549 38.9591 39.0222 39.0337 38.9862 38.8788 38.7179 38.5153 38.2851 38.0404 39.5577 37.4953 36.717 34.3321 28.9684 26.0526 26.088 26.1312 26.1849 26.2529 26.3413 26.459 26.6196 26.8397 27.118 27.3495 27.586 28.7576 27.5468 22.7403 16.9142 14.6982 16.1758 17.7985 20.6732 23.264 26.4242 27.8036 26.8995 19.1938 15.5819 12.7121 8.3784 2.411 1.861 6.8557 9.7786 12.7313 12.6619 14.6359 15.0157 15.2061 16.1926 17.8078 18.2289 17.1324 16.7985 16.5443 14.9797 14.777
37.4823 37.682 37.8893 38.1012 38.3139 38.5232 38.7243 38.912 39.079 39.2155 39.3067 39.3349 39.2856 39.1556 38.9558 38.7056 38.4261 38.1352 39.7223 39.3128 36.9681 34.5788 33.6492 28.3591 26.0403 26.0767 26.1224 26.1815 26.2608 26.3724 26.5398 26.8128 27.3046 28.1108 27.2989 24.8777 20.244 16.2761 11.2133 11.5195 13.9259 15.2145 16.0556 21.6582 23.3804 14.6084 5.3756 0.4098 0.4452 0.4544 0.444 0.4655 0.4151 1.6198 4.8507 6.8843 10.5364 12.8422 14.2702 16.2774 16.598 19.522 18.099 17.2823 15.5771 15.1338 14.8497 14.6591
37.4831 37.7017 37.9311 38.1679 38.408 38.6464 38.8785 39.0997 39.3047 39.4844 39.6201 39.6802 39.6329 39.4707 39.2147 38.8991 38.556 38.2094 37.8746 39.4717 37.2211 32.2994 30.9999 28.4868 22.8663 22.9751 23.1079 23.2739 23.4875 23.7737 24.1786 24.7969 25.8282 27.3143 24.9811 15.3922 13.0841 12.023 10.4558 10.56 10.8419 12.7038 12.2441 10.4725 4.4915 0.3515 0.3803 0.4029 0.4403 0.4797 0.4904 0.4774 0.4206 0.5718 2.0523 3.0474 6.6816 8.4169 11.6945 13.8226 17.4758 19.2848 17.2066 15.8876 15.2107 14.8438 14.625 14.4835
37.4619 37.6996 37.9523 38.216 38.4854 38.754 39.0167 39.2703 39.5142 39.7479 39.9572 40.0836 40.0473 39.8324 39.4897 39.0829 38.6591 38.2472 37.8626 39.6195 39.13 36.5621 31.2713 28.632 22.7274 22.8098 22.9076 23.0258 23.1717 23.3556 23.5921 23.8907 22.3743 22.1933 19.1604 14.2496 10.3754 10.9087 10.6108 10.6622 9.4262 9.0181 7.3951 2.6553 0.3405 0.2843 0.3499 0.3841 0.438 0.5331 0.5531 0.4704 0.4003 0.5228 0.5683 1.435 3.6566 7.0192 6.8843 9.7522 12.4957 16.0167 15.3139 14.7714 14.539 14.4081 14.3231 14.2632
37.4129 37.6696 37.9465 38.2393 38.5406 38.8408 39.1308 39.4073 39.6752 39.9564 40.2922 40.5792 40.5668 40.2448 39.7613 39.2295 38.7086 38.226 37.7921 37.4089 39.2729 36.7952 31.5469 28.7916 22.5753 22.6272 22.6842 22.746 22.8103 20.1635 20.3356 20.4173 20.1774 19.085 16.5671 13.0492 9.9006 10.5113 9.7859 9.1315 6.8647 4.7544 2.5088 0.5526 0.3596 0.399 0.2023 0.3438 0.3998 0.5859 0.7271 0.4896 0.3726 0.4101 0.566 0.6594 2.6094 4.5407 6.0612 7.3468 8.385 9.3799 12.1229 13.1506 13.5057 13.9231 13.9936 14.026
37.3291 37.6033 37.9049 38.2298 38.5687 38.9053 39.2202 39.5006 39.7465 39.9823 40.5158 41.2968 41.256 40.6763 39.9728 39.2872 38.664 38.1154 37.6411 37.2351 39.3978 38.8502 31.8157 25.368 22.4169 22.4374 19.3853 19.462 19.5264 19.5568 19.5067 19.2819 18.7092 17.5544 15.7225 13.6003 11.2076 9.462 7.4732 5.9102 3.5551 0.6666 0.5614 0.528 0.3564 0.4053 0.29 0.2595 0.2667 0.521 1.0047 0.4122 0.3913 0.0988 0.7364 0.2573 2.5397 4.0466 5.8382 7.2512 7.9224 9.0268 11.2133 12.3027 12.8949 13.2076 13.3785 18.5501
37.2023 37.4902 37.8151 38.1751 38.5613 38.9518 39.3064 39.5773 39.7425 39.6908 40.1878 42.6787 42.0092 40.9546 40.0013 39.1752 38.4716 37.8797 37.3856 36.9747 36.6335 38.9825 32.0668 30.7438 19.0467 19.0843 19.1132 19.1247 19.1034 19.0232 18.8393 18.4817 17.8574 16.892 15.6295 11.6603 8.0903 7.1291 4.1699 2.5835 0.886 0.7194 0.5474 0.3341 0.3521 0.4152 0.3895 0.3112 0.149 0.2741 1.052 0.3361 0.8047 0.323 0.9265 1.553 2.1368 3.1609 4.5561 6.609 7.6922 8.8665 9.7527 12.0429 12.5679 14.181 14.5541 23.2775
37.0229 37.317 37.6588 38.0524 38.496 38.973 39.4319 39.7538 39.817 39.7564 40.4128 42.6665 41.8999 40.7203 39.6777 38.8005 38.0761 37.4845 37.0041 36.6146 36.2983 34.2251 36.5476 30.9838 24.5187 18.8706 18.8583 18.8192 18.738 18.5913 18.3461 17.9605 17.3952 12.8577 12.0191 7.3834 4.8677 3.8453 1.5481 0.9365 1.2551 0.7307 0.4811 0.3116 0.3758 0.3319 0.3836 0.5903 0.9408 1.7308 4.8282 4.5521 2.5777 1.3583 1.055 1.7289 2.6039 3.0203 4.2313 6.2922 7.5921 8.86 9.7457 11.4322 15.662 16.6926 27.7446 37.3088
36.7816 37.0686 37.4126 37.8251 38.3175 38.8954 39.5363 40.0889 40.0869 39.8251 40.2267 40.8652 40.6261 39.7978 38.897 38.0984 37.4374 36.9057 36.4828 36.1473 35.8805 35.6672 33.4997 31.2064 24.6097 18.6736 18.63 18.556 18.4383 18.2597 17.9989 13.1747 12.6356 11.924 4.7484 4.2638 3.5277 0.644 0.6323 0.6601 0.5212 0.4101 0.2876 0.2529 0.3325 0.6516 0.6288 0.8841 3.7295 3.8097 6.2433 6.3065 4.0258 2.8219 1.0526 1.7257 1.9021 2.9814 4.1151 6.1751 6.488 9.4029 11.8918 16.7353 19.5638 29.6786 32.3749 35.9201
36.4713 36.7319 37.0523 37.4493 37.9432 38.5538 39.2751 39.9321 39.9144 39.37 39.2072 39.1976 38.9219 38.3445 37.673 37.0556 36.5432 36.1369 35.8202 35.5745 35.3832 35.2335 33.2092 32.8769 24.7037 18.4978 18.4325 18.3368 18.2009 13.1838 12.8606 12.4118 11.8077 4.3804 3.9844 1.9472 0.608 0.6015 0.5859 0.5337 0.3134 0.2686 0.3427 0.3483 0.3854 0.5478 1.0118 1.5695 2.9479 4.0969 4.8853 5.2702 4.7446 3.3354 2.3557 2.4011 1.8568 2.9761 3.1537 8.6787 10.0956 17.7905 18.7652 24.623 26.5143 27.308 30.6221 38.4099
36.09 36.3005 36.5637 36.8957 37.314 37.8282 38.3998 38.8391 38.827 38.4979 38.0531 37.5153 36.9934 36.503 36.0624 35.6963 35.4097 35.1924 35.0298 34.9083 28.8826 28.577 28.3254 32.6202 24.7959 18.3446 18.2658 13.117 12.9135 12.6333 12.2542 9.4986 4.2057 2.1655 1.9257 0.5969 0.5906 0.5813 0.5746 0.5773 0.4323 0.3836 0.6324 0.6178 0.5656 0.4981 0.61 1.6344 2.5958 3.9785 4.4149 4.6829 4.5604 4.1633 2.5914 2.6525 1.8326 2.9815 11.965 27.6683 27.2171 23.068 22.7581 23.8552 25.9275 27.3351 30.7705 38.4891
35.6427 35.7793 35.9506 36.167 36.4384 36.767 37.1331 37.5216 38.0968 38.675 37.7544 35.9641 34.7747 34.2596 34.0914 34.0606 34.0773 28.4978 28.2036 27.963 27.7669 27.6073 32.0519 30.0418 21.482 13.0423 12.9057 12.7223 12.4787 12.1583 9.4319 3.9779 2.1238 0.6687 0.6619 0.6525 0.6393 0.5114 0.5321 0.5369 0.527 0.5192 0.5684 0.5509 0.5123 0.5551 0.5907 1.6775 2.4542 3.9061 4.2427 4.3745 4.3673 8.5278 8.5192 14.4604 23.0243 31.2432 29.44 28.2164 25.7536 26.0174 21.9906 21.5984 24.1196 27.7501 30.4945 38.1006
35.1427 35.1853 35.2358 35.2957 35.3677 35.4638 35.6491 36.2156 37.9219 40.1838 37.9756 33.6294 31.6726 31.4207 26.7914 26.6732 26.6301 24.6903 24.6325 24.5889 24.5549 24.5278 24.5061 24.4886 22.4286 12.7524 12.5881 12.3766 9.799 9.408 2.2224 2.0065 0.6704 0.6654 0.6591 1.1179 1.085 1.0488 1.0249 1.0284 1.0546 0.9713 1.2016 1.2467 1.1718 0.5546 0.6547 1.6146 2.3924 3.8666 4.0963 9.0503 15.0417 16.7523 29.5944 36.2207 35.5655 35.2812 34.7118 29.1386 26.7382 25.0766 21.5569 18.9871 24.3726 29.3575 31.9008 35.7455
