normal_rasters/0772100000297414.ascii
ncols 117 
nrows 105 
xllcorner 159425.432983
yllcorner 383935.950012
cellsize 0.25
nodata_value -9999 
[rows 31 to 61 of 105, columns 0 to 70 of 117]
14.4381 14.4568 14.477 14.4955 14.4994 14.4379 14.0725 12.1714 12.7964 15.7508 13.4469 13.2051 13.2029 12.8701 12.7824 12.5756 10.6887 10.6344 10.7878 9.8714 8.3963 8.6814 8.589 6.8154 6.2732 5.3049 4.9019 4.7006 4.4181 4.5652 4.6979 6.0518 7.004 7.6496 9.5018 10.1441 11.2132 11.5145 11.8478 12.3126 12.4705 12.445 13.0674 14.6342 13.878 13.8618 14.0651 13.933 13.4155 12.6869 11.4625 10.4192 9.3296 6.5548 5.0467 3.6288 2.0666 1.3676 1.8513 1.9081 1.7906 1.7493 1.9014 1.9693 1.9942 1.9707 1.965 2.3606 2.4545 2.7249 3.2644
14.276 14.2488 14.2019 14.1181 13.9613 13.6516 11.5804 11.1046 10.579 12.4707 13.3664 12.8131 12.1546 11.3797 11.7224 11.3261 9.7284 8.6864 8.5954 7.8042 7.6065 7.7638 6.1849 5.745 5.2992 4.7047 4.2943 3.7376 3.8269 4.0318 5.0727 5.9029 6.8891 7.7247 9.0777 10.8523 11.4112 11.9736 12.7415 12.5484 13.1599 12.7291 12.4678 16.6953 15.1141 15.0842 16.0962 15.5322 13.1845 12.5009 12.5426 11.0186 9.8567 8.3215 5.8213 4.4449 2.5784 1.0945 1.7212 1.938 1.9768 1.9745 2.0243 2.0285 2.0067 1.9677 2.1972 2.567 2.8742 3.2931 3.4566
14.1259 14.0616 13.9646 11.8017 11.7122 10.5954 10.6055 10.6483 11.0296 11.2757 12.3674 11.5557 11.4502 9.7707 8.8333 8.0509 8.1005 7.1436 6.3942 6.2331 6.5584 6.1886 5.611 4.9341 4.0916 3.8133 3.393 3.2059 3.1245 3.7967 4.4873 5.6434 7.1103 8.4235 9.2104 10.9522 11.8121 13.3577 13.6504 13.3318 14.1475 14.9665 13.4296 14.1073 14.6992 13.508 15.0108 14.4609 12.4504 12.0664 12.2164 11.4853 10.6207 8.8144 6.5235 4.8789 3.5041 1.7468 1.7372 2.0185 2.1961 2.1443 1.9648 2.0246 2.0482 2.1222 2.3728 2.4281 2.7927 3.3023 3.2811
12.2134 12.1795 10.4275 10.646 10.6631 10.6965 10.3017 10.4572 10.9715 11.3138 11.3072 10.8711 10.1625 8.813 6.3709 6.568 6.1923 5.6048 5.7967 4.9718 4.0837 3.4851 3.4271 2.653 2.7246 2.9587 2.7295 2.5181 2.2524 2.8492 3.7786 5.7341 7.2071 8.3323 10.336 11.158 12.675 15.3067 15.4392 14.9244 15.3331 12.6124 11.6908 11.4906 11.7782 11.211 12.5648 15.1918 12.6964 11.9856 12.2742 11.872 10.7348 8.9468 7.8175 4.6797 3.5466 2.6808 1.8673 2.0533 2.2529 2.1315 2.2011 2.0231 1.9701 2.0214 2.3272 2.42 2.4996 2.738 2.7889
9.6173 9.6175 9.8802 9.8852 9.8964 9.6075 9.6149 9.6423 9.3513 8.0275 9.4394 8.4625 6.5366 6.0059 5.4233 5.5187 4.3701 4.3003 3.3989 3.1023 2.8256 2.4333 2.1812 2.2842 2.253 2.0103 2.0788 2.0331 1.8442 2.3573 4.5406 5.2668 6.5323 9.0921 10.8105 11.4439 12.1152 14.0017 15.6945 15.552 13.1125 10.0712 9.9466 6.8747 7.5235 9.7276 12.4144 12.8889 13.2429 12.0439 12.0699 11.7892 11.029 9.454 7.5031 6.3959 3.3299 1.9601 1.3634 1.8822 2.1481 2.4002 2.2876 2.042 1.9144 1.9523 2.1181 2.1964 2.2541 2.2892 2.147
9.0619 9.0593 9.0552 9.0487 9.0375 9.017 8.9758 8.885 8.3433 7.6148 6.7632 6.5269 5.799 5.0877 4.3683 4.226 4.1216 2.5428 2.3235 2.4534 2.1661 1.8493 1.8777 1.9354 1.8141 1.8715 1.9215 1.8685 1.9465 2.6546 4.2555 5.927 7.5429 9.0901 10.0263 11.8478 12.1968 13.9817 13.6605 12.9877 11.0262 9.3753 5.3103 4.5242 5.2957 6.5022 9.8087 12.4787 13.4685 11.7589 11.7033 11.4129 11.0541 10.1418 7.334 6.148 4.3407 1.6719 1.2394 1.8066 2.1966 2.3904 2.2152 2.0835 1.9205 1.6947 1.8646 1.8466 1.7132 1.6719 1.6387
9.0409 9.0331 9.0219 9.0053 8.9798 8.94 8.3014 8.482 8.7616 8.2516 6.2785 5.846 5.2961 4.297 4.2125 4.0531 3.8444 2.1596 1.8965 1.6108 1.6204 1.6999 1.7493 1.8165 1.8061 1.8249 1.9174 1.8434 1.8471 2.9336 3.9906 5.4414 7.576 8.8879 10.9167 11.5582 12.0223 12.3423 12.8819 13.7351 10.7107 8.2789 4.1665 3.6294 2.2948 4.6801 6.9022 11.2633 12.182 11.2619 11.5755 11.4807 10.6872 9.1844 8.4903 6.6507 4.116 1.6849 1.1782 1.2591 1.9795 2.1779 2.1887 1.9935 2.0833 1.9417 1.8937 1.8589 1.4524 1.3342 1.2087
8.0293 8.0454 8.0666 8.0955 7.9045 7.9671 8.0588 8.1991 8.3011 6.2903 5.5778 5.0582 4.2408 3.7075 3.7151 3.4276 2.6315 2.2581 1.6284 1.4698 1.3246 1.5493 1.6367 1.7505 1.8031 1.8798 1.9153 1.748 1.6666 2.3029 3.5941 5.3976 6.9261 8.782 10.609 11.5543 11.9295 11.8278 11.7334 12.2378 10.1287 7.8205 5.9901 2.5084 2.2495 4.8599 8.2395 10.3742 12.4937 12.63 11.9156 11.4299 10.4258 9.4475 7.9026 6.4891 4.5667 2.9792 1.0886 1.2633 2.2135 2.1903 1.9698 1.8489 2.004 2.0628 1.983 1.9332 1.76 1.2852 1.1538
8.1464 8.1546 8.1661 8.1829 8.047 8.0663 7.841 7.761 6.8771 5.7648 5.1609 4.3703 4.0026 3.4299 3.1741 3.1087 2.6628 1.7942 1.2754 1.3459 1.4742 1.549 1.5445 1.5212 1.6024 1.8702 1.8694 1.6437 1.4031 2.0853 3.5994 5.2156 6.9127 8.2862 10.0118 11.2732 11.8627 12.144 11.5153 13.3145 11.0443 6.8718 6.7572 7.1649 4.5792 6.3025 8.2732 9.9985 13.848 14.1261 11.9985 11.015 10.8168 8.7486 7.5515 6.1233 4.2943 2.5311 1.4051 1.9612 2.3033 2.1914 2.0094 2.0109 2.1073 2.3123 2.1744 2.0259 1.813 1.672 0.9416
8.0944 8.089 7.6041 7.5949 9.7601 9.7556 9.7971 9.5495 9.8775 9.0641 4.508 4.1609 3.6212 3.0382 2.8824 3.1808 2.9631 1.5426 1.2706 1.2372 1.1559 1.2497 1.3905 1.4678 1.3978 1.4058 1.4586 1.5212 1.2469 1.2795 2.7417 4.8578 6.2388 7.6315 9.9714 10.4217 11.2902 12.2169 13.0077 15.3544 14.3134 8.8982 8.215 7.9197 8.8811 9.2071 9.5798 12.5564 13.3882 12.7284 10.9352 10.7932 10.2122 8.5069 7.4528 6.1689 3.7572 2.2869 0.4219 0.859 1.7053 1.9927 1.9959 1.9642 2.1025 2.2683 2.4515 2.2055 1.8247 1.5157 1.2704
7.3775 7.3701 9.5695 9.537 9.4971 9.4484 9.1245 9.0604 9.4993 11.9125 9.3846 4.1753 3.9274 3.4664 3.3863 3.2701 2.5713 1.258 1.0509 1.0047 1.0382 1.0188 1.0895 1.1843 1.2825 1.3138 1.2868 1.4147 1.0522 1.0543 1.5113 3.9732 6.2929 7.7291 9.531 10.5225 11.1334 11.6011 12.5287 14.3697 13.4481 14.358 10.0928 9.9987 10.832 11.1481 11.2972 12.8201 11.6017 11.2966 10.9888 10.3845 9.8399 8.4248 6.9679 5.625 3.2588 2.4433 0.8189 0.7577 1.2088 1.8614 1.8619 1.8097 2.0626 2.3346 2.4499 2.8035 2.1955 1.5181 1.5371
6.9626 6.9675 6.9739 9.4447 9.3655 9.2473 9.0497 8.6341 7.4157 8.5253 6.2179 4.8793 4.2749 4.0364 3.3647 2.8628 2.6348 2.0465 0.9525 0.8808 0.8466 0.8938 0.8749 0.9466 1.1518 1.2279 1.244 1.3724 1.2748 1.0226 1.3994 3.4969 4.8205 7.73 8.6461 9.6518 11.0474 11.3338 12.0016 12.3347 14.1926 14.9248 14.924 12.2597 11.5479 10.9429 10.1122 10.3495 10.4676 10.4201 10.4564 10.1094 9.3127 7.9347 6.2354 4.9773 3.2395 1.5255 0.6607 0.727 1.3742 1.6211 1.8544 1.885 2.0099 2.2524 2.416 2.7227 2.6002 1.8716 1.7299
6.967 6.973 6.9811 6.9925 7.0092 7.036 7.0841 7.1911 7.4844 6.6977 5.5212 5.1647 4.6538 4.328 3.8374 3.2876 2.9899 2.5957 1.3164 0.7511 0.6768 0.6024 0.6679 0.7668 0.871 1.0857 1.2025 1.2882 1.2979 1.0566 0.8986 2.2785 3.395 5.0478 8.2465 9.4224 10.7625 11.4456 11.8029 12.2243 12.9155 14.4667 14.9621 11.8244 10.5193 10.525 10.7723 10.4745 10.4633 10.4681 10.2636 9.6535 8.2017 7.5234 6.008 5.1671 2.6467 1.4875 1.0019 1.2334 1.5153 1.6065 1.8604 2.0153 2.1684 2.3015 2.4506 2.6596 2.7452 2.4488 2.1156
7.0787 7.0815 7.0851 7.09 7.0973 7.1087 7.1293 7.0935 6.9322 6.2643 5.7365 5.3654 4.7149 4.414 3.8306 3.4617 2.9293 2.1835 1.315 0.5892 0.5713 0.4995 0.5948 0.6286 0.8653 0.9446 1.0528 1.1571 1.237 0.8046 0.7818 1.3431 2.2742 3.8836 5.7532 8.0668 10.0705 10.8421 11.3818 11.2912 11.8698 12.0099 12.0098 11.503 10.7204 10.7095 10.7746 10.4471 10.4218 10.4991 9.4771 8.8259 8.0114 6.6698 5.7806 3.9668 3.241 1.4791 1.1748 1.2964 1.4617 1.7283 1.9249 2.0114 2.1918 2.3983 2.5911 2.7407 3.1481 2.73 2.4964
7.0695 7.0697 7.0696 7.0688 7.0664 7.0597 6.7252 6.706 6.5984 6.2484 5.5688 5.1743 4.8251 4.3804 3.7926 3.1556 2.9019 1.7502 1.0205 0.5305 0.5378 0.5715 0.5337 0.5143 0.4646 0.7728 0.902 1.0654 1.1613 0.6883 0.4096 0.7602 1.5477 2.8843 4.3921 6.5687 8.2358 9.3543 10.5997 10.8754 11.4779 11.588 11.6426 11.2782 10.7523 10.7952 10.5119 10.358 10.4256 9.4371 9.296 8.59 6.8709 6.0896 5.4167 3.6058 2.7479 1.6582 1.208 1.3117 1.5124 1.7024 1.8946 2.0881 2.3164 2.4558 2.738 2.8633 3.025 2.816 2.8536
6.8819 6.88 6.8767 6.6563 6.654 6.6463 6.6272 6.591 6.4442 6.4621 5.5842 5.1727 4.8163 4.4751 3.541 2.8821 2.3898 1.765 1.4652 0.6285 0.601 0.5719 0.4383 0.3283 0.2897 0.3658 0.5912 0.8964 0.941 0.8813 0.5518 0.7031 0.9101 1.5267 2.9161 5.253 6.7789 7.2722 9.3743 10.3673 10.3467 10.8232 11.2149 10.9754 10.6717 10.4269 10.1762 9.9949 9.2811 9.2271 8.8128 6.9306 6.4109 5.5449 3.7544 3.2647 1.9212 1.4135 1.3352 1.5347 1.6022 1.7381 1.9371 2.1008 2.1815 2.6527 2.7519 2.9073 3.0381 3.1383 3.286
6.632 6.6285 6.6228 6.6133 6.5975 5.9858 6.0189 6.2113 6.1423 6.011 5.3173 5.3072 4.6637 3.9975 3.4033 2.3991 1.8941 1.287 1.2312 0.9444 0.6575 0.6651 0.6389 0.3715 0.3454 0.3794 0.5255 0.6445 0.806 0.8681 0.8233 0.8618 0.8549 0.9488 1.3284 3.6032 5.0527 7.1937 7.1868 7.567 9.161 9.607 9.5134 9.9369 10.2047 9.675 9.4335 9.3315 9.0725 8.3457 6.9231 6.4463 5.4342 4.46 3.4454 2.6986 1.5117 1.4513 1.4332 1.6121 1.5942 1.9099 2.0259 2.1996 2.3919 2.5127 2.82 2.9372 3.1439 3.4542 3.4092
6.2366 6.2265 5.894 5.8912 5.8855 5.8748 5.4668 5.4944 5.5301 6.0179 5.1115 5.0694 4.7312 3.4521 2.4408 1.8543 1.575 1.0781 1.0385 1.0635 0.9866 0.879 0.7805 0.6631 0.6342 0.6128 0.5912 0.6338 0.6462 0.7127 0.7652 0.7368 0.9015 1.0462 1.2205 1.611 2.3004 4.6947 6.007 6.9489 7.5933 8.0402 8.5761 9.0691 9.0651 9.3361 9.0126 8.2798 7.8176 7.0465 6.2739 5.6382 4.6986 3.5868 3.0014 1.7171 1.3503 1.1864 1.494 1.7816 1.7998 1.9704 2.0419 2.1573 2.4531 2.5524 2.8248 3.0307 3.2209 3.4958 3.6804
5.5492 4.8244 4.8299 4.8356 4.7305 4.7287 4.7171 4.6888 4.5198 4.1281 3.7357 4.2322 4.0115 2.7842 2.2142 1.942 1.314 1.1344 1.0288 1.1545 1.1852 1.0505 1.1076 1.0057 0.8067 0.7985 0.7731 0.6873 0.6105 0.5027 0.6369 0.6817 0.728 0.945 1.2613 1.5122 1.9713 2.7925 3.9544 5.2675 6.0103 6.2405 6.9567 7.4516 8.0643 7.1191 7.9034 6.7419 6.2734 5.9298 5.3434 4.5652 3.0321 2.7132 2.0065 1.3059 1.1114 0.9899 1.3367 1.8525 2.0517 2.063 2.1977 2.3277 2.3774 2.6283 2.8386 3.0471 3.2004 3.3587 3.7356
4.7661 4.7589 3.5388 3.5502 3.5637 3.579 3.5929 4.1156 3.481 3.4239 2.8627 2.3029 1.9924 2.3941 1.6093 1.3465 1.0626 1.18 1.2924 1.3139 1.3018 1.2099 1.2537 1.1845 0.967 0.8405 0.736 0.5432 0.4478 0.4194 0.4568 0.6098 0.5661 0.6456 0.779 1.1678 1.8836 2.1383 2.3508 3.4569 4.5591 5.4681 5.3222 6.0337 5.9735 6.2987 5.8035 5.5369 5.1721 4.735 4.0112 2.8845 2.4291 2.1176 1.3285 1.2152 1.1055 1.1368 1.2044 1.5003 2.0074 2.1109 2.3062 2.3631 2.3912 2.5187 2.682 3.0042 3.1674 3.5102 3.5375
3.4725 3.4689 3.4626 3.4516 3.4324 3.3983 3.3364 2.9543 2.8463 2.4754 1.9147 1.4253 1.0374 1.33 1.4011 1.3086 1.1579 1.1166 1.2479 1.3322 1.3368 1.0388 1.2163 1.0837 0.9508 0.8901 0.4888 0.4062 0.3707 0.3749 0.4568 0.4995 0.522 0.4809 0.5826 0.6245 0.8892 1.6489 2.0084 2.0792 3.1739 3.3944 3.799 4.3903 4.1129 3.6399 3.8171 4.8705 2.7918 2.7712 2.3802 2.0859 1.9486 1.1668 1.1528 1.2084 1.2033 1.2062 1.2233 1.2916 1.5816 2.0483 2.2512 2.4187 2.391 2.5192 2.5593 2.6866 2.902 3.34 3.3699
2.3587 2.3558 2.3607 2.3665 2.3738 1.8942 1.9687 2.1141 2.4638 1.9668 0.7863 0.2328 0.766 0.949 1.1384 0.9014 1.0676 1.1425 1.1637 1.2187 0.9983 0.8533 0.9507 0.8732 0.7821 0.5174 0.4102 0.4011 0.4202 0.4274 0.4052 0.4172 0.4679 0.4983 0.5536 0.6062 0.6562 1.0389 1.451 1.7132 2.0463 2.387 2.6154 3.3278 2.7736 2.8183 2.6831 1.8686 2.2271 1.9341 1.4651 1.4543 1.3001 1.1899 1.2104 1.2402 1.2352 1.2378 1.3098 1.2788 1.3647 1.5133 1.7733 2.014 2.1028 2.1953 2.6414 2.5971 2.3367 2.5962 3.1505
1.6166 1.6271 1.3621 1.3886 1.427 1.487 1.5901 1.7933 2.2924 2.2346 0.8423 0.657 0.6139 0.7402 0.7294 0.6483 0.7239 0.9364 1.0713 1.0187 0.8589 0.7532 0.6492 0.5826 0.5405 0.4877 0.4443 0.4148 0.4713 0.4474 0.4153 0.5569 0.561 0.5456 0.6329 0.6477 0.7583 0.8364 1.0037 1.2736 1.4834 1.5816 1.5989 1.6111 2.0002 1.9559 1.5802 1.2289 1.37 1.2985 1.2151 1.2306 1.253 1.2618 1.2678 1.2447 1.2399 1.2226 1.2278 1.2652 1.3172 1.3882 1.4419 1.5719 1.7092 1.6488 1.9517 1.9635 2.0653 2.0677 2.2972
1.3108 1.3204 1.3324 1.3477 1.3676 1.3939 1.4277 1.4618 1.4311 1.2088 0.7575 0.7066 0.6015 0.5936 0.6906 0.7327 0.6024 0.7491 1.1105 0.988 0.8379 0.6697 0.6857 0.6023 0.6182 0.5569 0.4342 0.4189 0.576 0.5931 0.6463 0.6779 0.7247 0.775 0.6931 0.8098 0.9724 0.8699 0.9394 1.087 1.003 0.9732 1.2723 1.1298 1.2601 1.1323 1.1971 1.2118 1.2656 1.2462 1.241 1.2589 1.2992 1.2829 1.2694 1.2556 1.2372 1.2238 1.249 1.299 1.2215 1.332 1.399 1.4611 1.514 1.562 1.5495 1.6017 1.6563 1.7443 1.5678
1.2913 1.2953 1.1822 1.1852 1.1844 1.1735 1.2622 1.1361 0.8527 0.3759 0.3816 0.342 0.3596 0.504 0.9521 1.076 0.7299 0.7003 0.8939 0.9878 0.756 0.682 0.7626 0.7973 0.7193 0.6861 0.7716 0.717 0.7294 0.7564 0.7923 0.7801 0.8444 0.8729 1.0231 0.9995 1.0397 1.056 1.1448 1.1966 1.1436 1.1206 1.1495 1.1267 1.1431 1.1724 1.2719 1.2639 1.2365 1.2279 1.277 1.3021 1.2864 1.2246 1.2137 1.2397 1.2396 1.2365 1.2581 1.2927 1.2764 1.2708 1.3051 1.4137 1.4682 1.3658 1.4254 1.434 1.5312 1.5059 1.4004
1.1969 1.2188 1.2073 1.188 1.1552 1.0991 1.0038 0.3801 0.3699 0.3551 0.3561 0.3644 0.3389 0.4721 1.1082 1.0163 0.9072 0.6671 0.8621 0.9844 0.8049 0.8047 0.8098 0.834 0.8511 0.8904 0.8627 0.8885 0.9203 0.8203 0.9062 1.006 0.9981 0.9715 1.1481 1.1856 1.2055 1.2917 1.2303 1.2942 1.2635 1.1986 1.1715 1.2015 1.2516 1.3439 1.3563 1.2878 1.217 1.2367 1.2247 1.2206 1.2107 1.1717 1.1948 1.2521 1.242 1.2381 1.236 1.2242 1.2214 1.2368 1.2709 1.2978 1.3362 1.3238 1.2823 1.2149 1.2951 1.2203 1.2033
1.1846 1.1675 1.1431 0.3937 0.3936 0.3935 0.3935 0.394 0.3969 0.408 0.4286 0.4133 0.3897 0.3899 0.8636 0.9668 0.9693 0.9331 0.8992 0.8984 0.8835 0.9207 0.8733 0.9021 0.9771 1.0119 0.9731 0.9719 0.9968 1.1099 1.111 1.041 1.1125 1.2664 1.3471 1.3446 1.3441 1.317 1.4401 1.339 1.1848 1.2539 1.2717 1.2959 1.3151 1.3417 1.2885 1.2126 1.2104 1.2102 1.209 1.2083 1.1975 1.1717 1.1937 1.2536 1.2425 1.2402 1.2321 1.2198 1.2164 1.2164 1.2251 1.2221 1.2185 1.2581 1.2291 1.2021 1.1852 1.1653 1.1268
0.3953 0.3956 0.3959 0.3964 0.3972 0.3987 0.4012 0.4158 0.424 0.4513 0.4678 0.477 0.4187 0.4748 0.6736 0.8945 0.9946 1.0175 0.945 0.9312 0.944 0.9434 1.0463 1.133 1.0565 1.0669 1.164 1.1521 1.188 1.1255 1.1547 1.1968 1.2816 1.4044 1.4354 1.4487 1.4388 1.4481 1.5218 1.4549 1.2749 1.2606 1.2598 1.2368 1.2883 1.3144 1.2191 1.2104 1.2104 1.2086 1.208 1.208 1.2041 1.1962 1.164 1.1841 1.2319 1.2364 1.2103 1.2013 1.2164 1.2147 1.211 1.2121 1.2055 1.1915 1.1794 1.1948 1.1111 1.0819 1.0645
0.4253 0.4253 0.3973 0.3981 0.3993 0.4011 0.4041 0.4187 0.423 0.4426 0.4283 0.4079 0.4634 0.4319 0.6873 0.9685 0.9109 0.9174 0.9457 0.9512 0.9854 1.1335 1.2366 1.1429 1.2292 1.2371 1.2788 1.2827 1.2714 1.1987 1.2698 1.3899 1.3971 1.4749 1.5496 1.5822 1.5532 1.5145 1.5017 1.3141 1.217 1.1813 1.1854 1.1739 1.2322 1.3098 1.2236 1.2103 1.2006 1.2083 1.208 1.208 1.1541 1.1331 1.1584 1.1252 1.1397 1.186 1.1345 1.1311 1.1569 1.2025 1.2078 1.1788 1.2006 1.1861 1.0994 1.0664 1.0128 0.9802 0.9975
0.4079 0.4083 0.4088 7.6683 0.4221 0.422 0.4215 0.4203 0.4171 0.3993 0.3945 0.4489 0.4777 0.4726 0.5439 0.7977 0.8846 0.9159 0.984 0.9959 1.0534 1.1178 1.2009 1.2956 1.3239 1.3275 1.312 1.3566 1.3924 1.3828 1.4462 1.4631 1.5163 1.5767 1.585 1.584 1.5769 1.4252 1.3607 1.2028 1.1683 1.1614 1.1762 1.2033 1.2104 1.2236 1.2088 1.2003 1.1869 1.1782 1.1982 1.1871 1.105 1.1031 1.0832 1.0587 1.0935 1.0696 1.1103 1.1255 1.1175 1.1285 1.1103 1.0971 1.1042 1.0537 1.08 0.9805 0.9698 0.948 0.8896
8.2061 8.245 8.2554 8.1543 8.1619 8.1795 8.1127 7.9826 7.6347 6.4155 1.9142 0.3922 0.4533 0.4361 0.4298 0.5596 0.8241 0.8651 1.0132 1.0005 1.0974 1.2115 1.3226 1.3325 1.3456 1.3857 1.3529 1.4228 1.4421 1.4597 1.5352 1.5847 1.6022 1.5819 1.5827 1.5585 1.4522 1.3974 1.2945 1.1722 1.1527 1.1533 1.1645 1.2064 1.2095 1.2081 1.1977 1.1478 1.1152 1.105 1.1149 1.1107 1.1047 1.0604 1.054 1.054 1.0528 1.0512 1.0399 1.09 1.108 1.027 0.9999 1.0788 1.0178 0.9732 0.9928 0.969 0.9645 0.8966 0.8601
