normal_rasters/0772100001000755.ascii
ncols 66 
nrows 58 
xllcorner 158259.208008
yllcorner 383860.053986
cellsize 0.25
nodata_value -9999 
[rows 0 to 29 of 58, columns 0 to 65 of 66]
32.5087 32.5247 32.5419 32.5601 34.6182 36.7853 36.8126 35.8526 37.3394 34.4734 34.4668 34.4594 34.4509 27.4459 27.4031 27.3541 27.2982 27.2349 25.145 21.0325 20.9293 14.9313 16.1008 16.2105 21.1752 21.3682 36.7637 36.8926 37.0387 42.9033 42.9484 44.7593 45.4046 46.9292 46.1069 45.7963 45.4666 45.458 45.4477 45.4358 45.4226 44.961 44.6293 44.6075 44.5837 44.3685 44.355 44.3431 44.0179 43.7242 43.6547 43.6468 43.6401 43.6348 43.4799 43.4774 43.4755 43.4741 43.4731 43.4723 43.5987 43.6013 43.7489 43.7551 43.7604 43.7649
32.4976 32.5141 32.5319 32.551 34.6096 34.6303 36.7979 36.8281 37.355 37.3289 34.4772 34.4699 34.4615 34.4519 27.4625 27.4139 27.3578 27.2934 27.22 25.1135 20.9905 14.9544 14.9045 16.1163 16.2462 21.2374 21.4684 36.7855 36.9415 42.8694 42.9171 42.9733 45.381 46.946 46.7126 46.1008 45.4729 45.4637 45.4521 45.4381 45.4221 44.9706 44.6401 44.6135 44.5834 44.3672 44.3498 44.3349 43.9497 43.6621 43.6511 43.6418 43.6344 43.4805 43.4772 43.4747 43.473 43.4718 43.4709 43.5976 43.6007 43.7494 43.7566 43.7626 43.7676 43.7718
32.4853 32.5023 32.5208 32.5406 32.5619 34.6216 36.7813 36.8128 37.3233 37.3567 37.3162 34.4814 34.4733 34.4638 34.453 27.4809 27.4252 27.3603 27.2854 27.1993 21.064 20.9351 14.9284 14.8698 16.1387 21.0787 21.323 36.6548 36.8199 37.0116 42.8773 42.9376 44.7567 45.4193 46.9443 46.6104 46.0909 45.4717 45.459 45.4427 45.423 45.2076 44.9529 44.6228 44.5838 44.3654 44.342 44.323 43.7327 43.6591 43.6456 43.6349 43.4814 43.4768 43.4736 43.4714 43.47 43.4691 43.5964 43.6002 43.7504 43.7587 43.7656 43.7711 43.7757 43.7794
29.8163 32.4892 32.5083 32.5289 32.5512 34.6117 34.6362 36.7955 36.8308 37.3813 37.3462 34.4941 34.4863 34.4771 34.4663 34.4539 27.5012 27.4368 27.361 27.2727 24.2269 21.0149 20.8615 14.8941 16.0111 16.1713 21.1424 21.4423 36.6681 36.8736 42.8268 42.8905 42.969 44.7962 46.4096 47.0679 46.6004 45.4829 45.4695 45.451 45.4269 45.209 44.9661 44.6378 44.5861 44.3627 44.3298 44.3052 43.6738 43.6537 43.6372 43.625 43.4763 43.4719 43.4691 43.4675 43.4666 43.5948 43.5995 43.7519 43.7617 43.7696 43.7758 43.7808 44.0724 44.5866
29.8149 32.4747 32.4943 32.5158 32.5391 32.5642 34.6262 34.6537 36.8127 36.8525 37.3701 37.3332 34.5007 34.4919 34.4814 34.4691 34.4547 27.5237 27.4484 27.3588 27.2534 24.1808 20.9473 14.9254 14.848 16.022 16.937 21.2362 21.6112 36.6961 36.957 42.8286 42.913 43.0185 44.8584 47.092 47.0597 46.4527 45.4851 45.4651 45.4362 45.3978 45.1866 44.663 44.5923 44.3581 44.3092 43.9466 43.6713 43.6442 43.624 43.4757 43.4691 43.4655 43.4637 43.5851 43.5928 43.7397 43.7545 43.7661 43.7751 43.7821 43.7874 44.5836 44.5888 44.5931
29.8132 29.816 32.4787 32.5009 32.5252 32.5516 34.6146 34.6439 36.7921 36.8338 37.3504 37.3706 37.3171 34.5083 34.4984 34.4864 34.4722 34.4553 27.5489 27.4595 27.352 27.2243 21.0551 20.8535 14.8796 14.7857 16.0422 16.9957 21.3761 33.2799 36.749 37.0874 42.8355 42.9518 44.8062 46.4367 47.0918 46.6181 46.4266 45.4885 45.456 45.4057 45.1844 44.9413 44.6083 44.3496 44.2712 43.7095 43.664 43.6266 43.475 43.4642 43.4594 43.4578 43.5797 43.5904 43.7403 43.7586 43.7725 43.783 43.7907 44.1905 44.586 44.5918 44.5966 44.9453
29.8114 29.8143 32.4612 32.4841 32.5094 32.5371 32.5672 34.6323 34.6657 36.8122 36.8595 37.4076 37.3579 34.5266 34.5174 34.506 34.4922 34.4755 34.4554 27.5769 27.4693 27.3382 27.1806 20.9714 14.9224 14.8155 9.2038 16.7922 17.086 21.589 33.3257 36.8447 42.7295 42.8531 43.0221 44.9091 46.4816 47.0878 46.4639 45.8497 45.4943 45.4335 45.1905 45.1082 44.6494 44.3309 44.1944 43.7205 43.6438 43.5925 43.454 43.448 43.4477 43.5717 43.5874 43.7423 43.7656 43.7824 43.7943 43.8027 44.581 44.5894 44.596 44.9436 44.9455 44.9471
29.8093 29.8123 29.8155 32.4651 32.4913 32.5203 32.5521 34.6186 34.6543 34.6925 36.8371 36.8912 37.3945 37.3417 34.5385 34.5282 34.5152 34.499 34.4791 29.7013 27.6081 27.4763 27.3131 24.1676 20.8481 14.8584 9.1828 12.0808 16.8382 21.2199 27.002 33.4158 37.0144 42.7089 42.8944 44.8153 45.0988 47.2229 47.0723 46.4187 45.8571 45.5063 45.3664 45.0531 44.8212 44.284 43.9253 43.7312 43.5815 43.4275 43.4229 43.429 43.5595 43.5843 43.7475 43.7775 43.7979 43.8113 44.6939 44.5848 44.5944 44.9412 44.9439 44.946 44.9478 44.6999
29.807 29.81 29.8134 29.6627 32.4708 32.501 32.5344 34.6023 34.6407 34.682 37.5279 36.8682 39.6894 37.3943 37.3208 34.553 34.5413 34.5262 34.507 34.483 29.7366 27.6427 27.4776 27.2696 23.0094 14.9207 14.763 9.2106 12.1115 16.9222 26.6712 31.1946 33.5911 42.5023 42.6885 42.9927 45.0145 46.838 47.2486 46.8183 46.2579 45.8694 45.5444 45.0972 44.8483 44.2903 43.832 43.6166 43.3232 43.3544 43.4006 43.5407 43.5385 43.7597 43.799 43.8232 44.2147 44.6972 44.5907 44.9375 44.9415 44.9446 44.9469 44.7034 44.7013 44.5692
29.8043 29.8075 29.811 29.8149 32.4473 32.4787 32.5138 32.5528 34.6243 34.6689 34.7167 37.5577 39.1977 37.4508 37.3791 34.5806 34.5708 34.5575 34.5398 34.5167 34.4871 29.778 29.6848 27.4683 27.1951 22.8432 14.825 9.1711 9.2532 10.1101 17.0766 26.849 31.3366 33.9363 42.3664 42.6815 43.2466 46.8142 47.0327 47.345 46.5626 46.1591 45.7838 45.4181 45.04 44.8052 44.2307 43.036 43.1632 43.3218 43.4918 43.5644 43.7883 43.8393 44.4621 44.6471 44.7042 44.9313 44.9379 44.9426 44.946 44.9485 44.7057 44.7029 44.5686 44.5604
29.8013 29.8046 29.8082 29.8123 29.6628 32.453 32.4897 32.5309 34.6044 34.6527 34.705 37.5453 36.8797 39.2295 37.4362 37.3586 34.6038 34.5932 34.578 34.557 34.5286 34.4913 29.8266 29.704 27.4385 23.0779 18.5872 14.6683 9.1992 10.0325 10.2928 22.4095 30.9499 31.6688 36.6871 42.1237 42.752 45.2891 47.1215 47.6503 47.1085 46.5976 46.3057 45.8734 45.7036 44.903 44.311 43.5193 43.4544 43.5473 43.6392 44.1655 44.2181 44.4715 44.658 44.9849 44.9314 44.9396 44.9449 44.9485 44.951 44.7088 44.5792 44.5674 44.5578 44.5501
29.3197 29.8012 29.805 29.8092 29.814 29.6651 32.4615 32.5049 32.5538 34.6327 34.6898 37.5298 37.5858 39.224 39.7299 37.437 37.3314 34.6334 34.6219 34.6045 34.5792 34.5436 34.495 29.884 29.7161 27.3689 22.8386 14.7666 9.1137 9.248 10.2163 15.4502 22.6113 31.1563 32.461 37.0323 41.6596 43.1997 47.0711 47.9131 47.3908 46.9659 46.6123 46.1294 45.8041 44.9183 43.9924 44.0413 43.761 44.0227 44.1847 44.4032 44.5545 44.8704 44.9793 44.9342 44.944 44.9496 44.9529 44.9188 44.9097 44.5795 44.5652 44.5539 44.3298 44.0151
29.3169 29.3205 29.8013 29.8057 29.8106 29.6628 31.6489 32.474 32.5259 34.6079 34.6704 34.7386 37.5725 37.6389 39.2678 39.7163 37.4194 37.4901 34.6718 34.6599 34.6401 34.6091 34.563 34.497 29.9506 29.7089 27.2183 21.4606 14.4663 9.1084 10.0341 10.6187 15.9799 30.0343 31.8955 36.6755 38.5002 41.0469 44.5925 47.6087 47.6058 47.2464 46.7728 46.4582 45.5468 45.253 44.2826 44.4238 44.2944 44.378 44.4815 44.7833 44.8611 44.9764 45.0085 44.9544 44.9586 44.9604 44.9173 44.9056 44.5789 44.5613 44.3375 43.7286 44.0137 44.0071
29.3137 29.3174 29.797 29.8015 29.8067 29.8126 29.6656 31.6539 32.4922 32.5552 34.6456 34.7212 37.555 37.6299 37.7087 39.337 39.7072 37.3945 37.5056 37.4611 34.7119 34.6896 34.651 34.589 34.4946 30.0241 29.6529 21.9175 16.6971 8.8851 9.0916 10.4186 11.6507 20.8123 29.5108 34.7317 37.2957 38.8805 42.1034 45.6664 47.6399 47.2071 47.0849 46.3408 46.1096 45.3895 44.9963 44.7848 44.8893 44.7891 44.8411 44.8574 44.9784 45.0295 45.1 45.0973 44.9362 44.9144 44.8987 44.5767 44.4271 44.331 43.7285 43.8475 44.0036 43.9978
28.8559 29.3138 29.318 29.7967 29.802 29.8082 29.6624 31.6312 32.4513 32.5187 34.6138 34.6978 37.5317 37.6168 37.7072 39.3416 40.7497 39.822 37.5693 37.5303 37.4779 34.7861 34.7623 34.7135 34.6253 34.4792 30.09 29.4719 21.4933 15.8638 8.6064 9.6964 11.7673 18.7315 23.9312 31.4213 33.3187 38.5347 40.1483 42.3201 46.0208 47.5086 47.3623 46.7064 46.0836 45.6291 45.4488 45.0734 44.8932 45.0476 45.1716 45.0071 45.1153 45.1141 45.0953 44.9408 44.9082 44.6736 44.4502 44.42 43.7511 43.7267 43.709 43.9982 43.4975 43.4042
29.5361 28.8558 29.314 29.7911 29.7965 29.8029 29.6585 29.6659 31.6366 32.4733 34.573 34.6664 35.5261 37.598 37.7026 37.8113 39.4144 40.7409 39.8046 37.6134 37.5704 37.5093 34.8978 34.8766 34.8145 34.6788 34.424 30.0908 22.7283 19.23 8.3737 7.6448 10.2056 17.2764 21.8354 29.1319 32.0106 35.1318 39.5086 40.765 42.723 46.2541 47.1089 46.9839 46.1568 45.7466 45.6924 45.6963 45.3419 45.2428 45.3479 45.2985 45.231 45.0989 44.9422 44.8933 44.6677 44.4457 44.1073 43.7529 43.7213 43.6999 43.496 43.403 43.4063 43.4086
29.5678 28.8569 29.3093 29.3144 29.79 29.7965 29.8044 29.6616 29.6707 31.6467 32.5075 34.6242 34.7428 37.5712 37.6932 37.8217 37.951 41.6705 41.6525 40.0573 40.0023 37.6372 37.5685 37.4642 35.0748 34.9993 34.7592 32.4361 29.8479 21.2527 15.2898 5.9916 6.2261 12.9906 19.6961 24.6174 30.5993 33.3094 35.9166 39.5246 41.4319 43.0162 47.0425 46.7221 46.1061 45.8795 45.7285 45.8427 45.8744 45.6455 45.3521 45.3262 45.1341 44.8816 44.7385 44.5229 44.4305 44.1094 44.0754 43.7087 43.3336 43.3985 43.4047 43.4091 43.5267 43.7389
29.5701 29.5388 28.8569 29.3089 29.3151 29.7889 29.797 29.656 29.666 31.6111 31.6641 34.5676 34.7021 37.5329 37.6767 37.8305 37.9865 39.5448 41.6912 41.8652 40.112 40.0509 39.9576 37.6834 37.5673 36.7384 35.4109 34.8314 32.06 27.9859 21.7019 13.0909 3.7012 7.1035 16.5765 20.8315 27.3125 32.1005 34.8997 36.3496 40.5145 42.1463 42.9519 45.7591 46.1421 45.8048 45.7933 45.9396 45.8889 45.7315 45.5221 45.2463 44.8343 44.7503 44.537 44.2147 44.101 44.0552 43.3915 43.3319 43.3977 43.407 43.5256 43.5316 44.1234 44.1307
29.5729 29.5683 29.5342 28.8569 29.3087 29.7798 29.788 29.7982 29.6596 29.6725 31.6234 32.4889 34.6437 35.5472 37.6488 37.8358 38.0275 38.4498 41.7288 42.7077 41.8663 40.2094 40.1493 40.0424 39.8556 37.833 37.3124 36.6676 33.9569 31.2886 25.5255 19.1153 9.4178 2.5063 10.3453 18.9963 23.4044 29.1785 32.8707 35.7011 37.9717 41.4321 41.9795 43.6592 45.2653 45.605 45.6758 45.8325 45.797 45.6804 45.4735 45.2532 44.683 44.2482 44.1571 43.9385 43.8508 43.3941 43.3259 43.395 43.4102 43.5318 44.1132 44.1257 44.3507 44.3571
29.5763 29.5714 29.5658 28.8587 28.8569 29.3088 29.7769 29.7873 29.651 29.6652 30.4343 31.648 34.56 35.5007 37.6032 37.8342 38.075 38.5327 41.7662 41.7758 42.7261 40.3947 40.3884 40.3548 40.2592 40.0278 39.0178 39.2282 36.2484 32.8061 27.9043 23.9539 16.0815 10.1168 5.286 15.1812 21.7368 24.3788 31.7854 33.7771 36.1027 38.5766 41.0273 42.6345 44.1538 45.5767 45.6523 45.76 45.8205 45.6634 45.2511 45.0708 44.2656 44.0688 44.0628 43.8529 43.3875 43.1493 43.3861 43.5228 43.5436 44.1143 44.3401 44.3515 44.3593 44.3648
29.5805 29.5753 29.5692 29.5622 28.8591 29.2998 29.3091 29.7736 29.7873 29.6549 29.6743 30.4444 31.6952 35.4277 35.6345 37.8194 38.1299 38.6388 41.7834 41.8183 42.8157 42.0382 41.2989 41.3264 41.3459 41.3206 41.1015 39.5708 38.768 36.5561 31.7087 25.5982 19.8227 14.1047 6.4353 9.7381 18.9608 23.4337 26.3185 33.0034 34.057 36.3563 39.0202 40.9947 43.4788 45.0636 45.6612 45.6969 45.7257 45.4149 45.3125 44.9911 44.0275 43.988 43.7251 43.4239 43.1789 43.3522 43.5326 43.5691 44.3148 44.3399 44.3551 44.3644 44.3704 44.6438
29.5856 29.5801 29.5736 29.5658 29.5301 28.8596 29.2982 29.2493 29.7698 29.6405 29.662 29.69 31.6223 34.5485 35.5639 37.7789 38.1921 38.7789 41.8078 41.8527 42.359 42.8802 41.4662 41.5771 41.7556 42.0738 42.6764 43.1311 39.9652 38.0469 32.8108 26.3231 24.9039 16.2012 9.3737 7.9889 10.9241 22.4225 25.5285 27.3198 33.8578 35.3251 36.5994 39.4204 41.0885 43.0637 45.4518 45.331 45.3138 45.2816 45.1319 44.9074 44.2304 43.9005 43.3177 42.4581 43.235 43.5475 44.2228 44.307 44.3467 44.3661 44.6282 44.6435 44.6534 44.66
29.5917 29.5862 29.5792 29.5707 29.5606 28.863 29.0041 29.4393 29.2461 29.7657 29.6432 29.6756 30.4405 31.7075 35.4325 37.6867 38.2582 38.9706 41.8455 41.9041 42.3955 43.4553 42.9889 41.7647 42.0306 42.3614 43.1501 44.05 42.2086 40.5217 32.2616 25.9542 27.3255 24.3658 14.4612 5.3027 7.9435 12.2026 23.8815 26.7368 27.6675 34.4709 35.7653 37.6419 40.1561 42.0308 44.3386 45.4998 45.4101 45.3431 45.0033 44.9064 44.5107 43.9634 43.8294 43.6928 43.166 44.1554 44.3308 44.383 44.6286 44.6528 44.6653 44.6721 44.676 44.6782
29.5993 29.5938 29.5865 29.5772 29.5659 29.5525 28.8649 29.0043 29.4301 29.241 29.6151 29.6507 29.7039 30.4875 35.1938 35.7382 38.3127 39.2445 41.9096 41.9853 42.4509 42.4872 43.5128 44.2344 44.2282 44.2191 44.2105 43.7148 43.4197 42.2125 33.9393 30.6527 27.6305 27.1337 21.5345 11.5422 5.4811 9.5544 13.704 25.0361 28.1125 29.5713 35.0382 36.2537 38.2883 39.277 42.5566 45.2189 45.7534 45.5119 45.1972 44.8102 44.7014 44.3033 44.2786 44.3887 44.4882 44.6858 44.7261 44.7241 44.7183 44.7125 44.7075 44.7034 44.7001 44.6973
29.3226 29.3182 29.596 29.5861 29.5734 29.5577 29.5395 29.0117 29.0047 29.2237 29.2323 29.6086 29.6715 30.4459 32.4432 35.4493 38.4987 39.6491 42.0365 42.1207 42.5337 42.6964 43.2506 44.2549 44.2571 44.2584 44.2542 44.2373 44.0055 42.6077 40.4486 38.0319 33.6216 30.8984 25.0706 20.4704 10.9571 8.9053 11.5492 17.4191 26.0256 28.2323 31.2442 35.5975 36.8575 39.0885 41.5687 44.8709 45.4303 46.0236 45.9466 45.4345 44.9674 45.0505 44.9765 44.7275 45.1338 45.3228 45.2011 45.1502 44.8072 44.771 44.7488 44.734 44.7235 44.7158
29.3382 29.3354 29.3294 29.5982 29.5843 29.566 29.5436 29.06 29.0165 28.8571 29.2042 29.2155 29.6028 29.7382 30.6027 34.7841 36.4664 40.8962 42.3501 42.3387 42.7485 42.7216 43.2674 43.9266 44.2907 44.3002 44.3052 44.2501 44.1592 42.8399 41.2483 39.6711 36.0416 32.8465 27.8437 23.7668 16.1049 5.8354 10.3589 14.0896 19.1774 26.9158 27.6304 32.0012 35.8911 37.9435 40.2895 43.3248 45.4601 46.2858 46.1989 45.4477 45.7873 45.3329 45.3083 45.0711 45.369 45.4871 45.2879 45.2053 45.1668 45.1469 45.1356 45.1288 44.7443 44.7326
29.356 29.3557 29.3522 29.3438 29.6 29.579 29.5513 29.5188 29.0718 29.0265 28.8559 29.1625 29.467 29.6171 30.5681 32.3389 35.8255 40.3409 42.9738 42.8717 42.7844 43.2574 43.4184 43.9502 44.2967 44.3161 44.3705 44.4979 44.0758 43.2463 41.7097 40.3652 38.8908 35.6804 30.2839 26.1042 22.9728 13.4412 8.4861 12.7147 13.2484 20.0192 26.8627 29.2683 34.1122 36.49 38.8359 41.587 44.7079 46.52 46.6902 46.3334 46.2335 46.1183 45.908 45.6536 45.4465 45.5543 45.2914 45.2211 45.185 45.1624 45.1481 45.1387 45.1323 45.1277
29.3758 29.3792 29.3797 29.3752 29.3626 29.338 29.5655 29.5218 28.8972 29.0571 28.9048 28.8447 28.8636 29.2512 29.9568 31.2403 33.8577 39.0156 41.7718 42.7623 42.8006 43.2172 43.273 43.4247 44.2338 44.211 44.2578 44.2886 43.9959 43.2461 42.6781 41.0807 39.963 37.9337 34.7017 31.0867 25.834 22.6061 10.5965 7.9797 12.2045 14.4004 21.6881 26.7404 30.9075 36.1741 37.5481 39.6727 42.5515 46.0324 46.8449 46.7059 46.5238 46.2701 46.0833 45.6739 45.4982 45.4639 45.5503 45.441 45.1893 45.1698 45.1557 45.1457 45.1384 45.133
29.2176 29.4055 29.4122 29.4148 29.4089 29.3877 29.3427 29.5309 28.734 28.789 29.0244 28.9519 28.7807 28.5328 28.7515 31.019 32.5653 37.444 40.4692 42.7378 43.1378 43.3508 43.3082 43.2645 43.9481 44.033 44.0395 43.9029 43.3832 43.0838 42.7712 42.5764 40.5517 39.6844 36.0551 35.6583 30.4381 24.5654 20.8855 8.5278 5.4707 12.8271 15.8471 23.7739 27.3283 32.7567 36.7666 38.7269 40.9538 43.5784 45.8577 47.1235 46.8925 46.5879 46.3749 46.1623 45.6608 45.4673 45.5617 45.5486 45.4387 45.1715 45.1593 45.1499 45.1426 45.137
29.2939 29.2547 29.2828 29.4625 29.4703 29.4622 29.4196 29.3224 29.1763 28.6143 28.9083 29.2535 29.1276 28.2722 28.157 29.7434 30.7949 38.1115 41.0816 42.1202 43.2542 43.6161 43.3674 43.2821 43.8357 43.9499 43.8928 43.5647 43.0694 42.6898 42.5586 42.761 42.1047 40.9393 38.4485 35.5665 35.4267 29.0252 23.6806 17.5776 6.3283 6.0872 13.3607 21.5582 26.8331 29.1712 34.228 39.3048 40.5016 42.8887 45.0453 46.7126 46.8826 46.7942 46.5634 46.3798 46.1817 45.4649 45.4525 45.5556 45.5472 45.437 45.429 45.1519 45.1451 45.1396
