normal_rasters/0772100001000778.ascii
ncols 63 
nrows 65 
xllcorner 158308.657013
yllcorner 383926.035004
cellsize 0.25
nodata_value -9999 
[rows 0 to 32 of 65, columns 0 to 62 of 63]
39.3069 39.3087 39.2422 40.1873 40.2783 40.2826 40.027 40.0243 40.0211 40.0173 39.7713 39.7569 39.2398 38.0296 38.0235 37.8079 37.7946 37.7792 37.3792 37.3723 37.3645 37.356 36.9997 36.989 36.9775 36.9658 36.9547 36.1418 36.1169 35.8528 35.8151 35.782 35.754 34.2765 34.225 31.915 31.1558 29.1928 29.135 26.4262 26.3874 26.3543 26.3261 24.2199 24.1996 24.182 21.394 21.3642 21.3377 19.9401 19.9256 17.4894 16.0527 16.0386 12.2966 12.2723 12.2502 10.6861 12.3483 12.3763 12.4024 12.4268 12.4495
39.3318 39.3071 39.3092 39.2434 39.2446 40.278 40.283 40.0278 40.0247 40.0209 40.0163 39.7682 39.5418 39.2328 38.0295 38.0216 37.8031 37.7857 37.3837 37.3759 37.3666 37.3562 37.0058 36.9929 36.9786 36.9642 36.1781 36.1466 36.1162 35.8416 35.7982 35.7615 35.7314 34.227 31.9235 31.1571 31.1139 29.1336 26.4346 26.3885 26.3496 26.317 24.2199 24.1966 24.1767 21.3982 21.3643 19.9563 19.9378 19.9215 17.485 16.0504 16.0347 12.298 12.2711 12.2468 10.6845 12.3381 12.3689 12.3978 12.4246 12.4495 16.2016
39.5692 39.3317 39.3072 39.3096 39.3124 39.2463 40.2777 40.2837 40.0289 40.0252 40.0206 40.0148 39.7638 39.5359 39.2226 38.0289 38.0183 37.7954 37.7719 37.3811 37.3699 37.3571 37.0141 36.9981 36.9801 36.9617 36.1899 36.1496 36.1121 35.8231 35.7734 35.7333 34.2311 31.9368 31.1601 31.1062 29.1325 26.4456 26.3899 26.3437 26.3057 24.2196 24.1927 24.17 21.4032 21.3643 19.956 19.9349 19.9166 16.0676 16.0477 16.0301 12.2996 12.2696 12.2427 10.6826 12.326 12.3602 12.3922 12.4218 12.4493 16.2033 16.2524
39.57 39.5682 39.3314 39.3073 39.3102 39.3135 39.2484 40.2775 40.2848 40.0304 40.0259 40.0202 40.0129 39.5497 39.363 39.3062 38.0275 37.8096 37.7824 37.3887 37.3754 37.3592 37.0256 37.0054 36.982 36.9579 36.2013 36.1489 35.8633 35.7933 35.7375 34.2392 33.3576 31.1662 31.097 29.132 26.4603 26.3919 26.3361 26.2911 24.2189 24.1875 24.1614 21.4094 21.3643 19.9557 19.9315 19.9106 16.0672 16.0446 16.0249 12.3015 12.2679 10.6991 10.6803 8.8726 12.3498 12.3854 12.4184 12.4488 16.2051 16.2588 19.6726
39.571 39.569 39.5669 39.331 39.3074 39.3108 39.3148 39.251 40.2774 40.2864 40.0324 40.027 40.0197 40.01 39.5444 39.3493 38.0402 38.0243 37.7994 37.7602 37.3843 37.3635 37.0423 37.0164 36.9846 36.9515 36.21 36.1405 35.8284 35.7463 33.445 33.3526 31.1779 31.0862 29.1327 26.4805 26.3947 26.3261 26.272 24.2176 24.1804 24.1502 22.1569 21.3642 19.9553 19.9272 19.9033 16.0667 16.0409 16.0186 12.3037 12.2659 10.6986 10.6776 8.8721 12.3374 12.3772 12.414 12.4479 16.2071 16.2661 19.6798 19.7233
39.2077 39.5702 39.5678 39.5652 39.3305 39.3075 39.3115 39.3164 39.2545 40.2776 40.289 40.0354 40.0286 40.019 39.5685 39.5357 39.3264 38.0415 38.0173 37.7796 37.3994 37.3725 37.3389 37.0341 36.9886 36.319 36.2096 36.1169 35.7656 34.8688 33.3477 31.1998 31.0735 29.1356 26.5095 26.3987 26.3124 26.2463 24.2152 24.1706 24.1353 22.1564 21.364 19.9548 19.9219 17.249 16.0664 16.0366 16.0112 12.3063 12.2634 10.6979 10.6744 8.8713 12.3224 12.3672 12.4086 12.4465 16.2093 16.2744 19.6881 19.7356 26.4561
39.1791 39.2099 39.3182 39.5662 39.563 39.3296 39.3075 39.3124 39.3185 39.2592 40.2782 40.0455 40.0399 40.0312 40.018 39.5686 39.3617 39.2852 38.1551 38.0017 37.5858 37.3914 37.3425 37.0661 36.9958 36.3507 36.1842 35.8103 34.8654 33.3448 31.242 31.0588 30.2947 27.9297 26.4047 26.2932 26.2109 24.211 24.1568 22.1948 22.155 20.001 19.9543 19.9152 17.2498 16.0661 16.0315 16.0022 12.3095 12.2604 10.697 10.6704 8.8701 12.304 12.3549 12.4018 12.4446 16.2117 16.2839 19.6975 19.7497 26.4613 32.5023
39.1738 39.1812 39.2128 39.3188 39.3967 39.3255 39.3284 39.3073 39.3134 39.3213 40.2508 40.3405 40.2924 40.0471 40.0357 40.0163 39.5675 39.3304 38.1709 38.1416 37.6175 37.579 37.3599 37.1365 37.0076 36.3448 36.0954 34.8675 32.6415 32.4795 31.0436 29.8118 27.9423 26.4144 26.2653 24.2927 24.2037 24.1367 22.2011 22.1523 20.0108 19.9536 19.9066 18.4718 16.0661 16.0252 14.0667 12.3135 10.731 10.6959 10.6654 8.8684 12.2816 12.3397 12.3931 16.1239 16.2143 19.6432 19.7084 23.5078 26.4672 32.4995 32.5082
38.5028 39.175 39.184 39.3243 39.3194 39.3956 39.3232 39.3265 39.3067 39.3146 39.3251 39.296 40.3635 40.2962 40.0596 40.0445 40.0134 39.5612 39.2574 38.1641 38.0957 37.6532 37.5531 37.3881 36.7821 36.1686 34.9096 33.9239 32.458 31.033 29.2471 27.9679 26.4308 26.2229 24.9848 24.191 24.1064 22.2084 22.1473 20.0244 19.9529 19.8952 16.1253 16.0664 16.0175 14.0652 12.3184 10.7353 10.6943 10.6592 8.8661 12.2537 12.3207 12.3821 16.1151 16.2172 19.6483 19.7211 23.5154 29.2911 32.4964 32.5061 35.0914
38.4912 38.5065 39.1768 39.1879 39.3262 39.3201 39.394 39.3198 39.3236 39.3056 39.3161 39.3307 39.3088 40.3583 40.3029 40.0837 40.0648 39.7149 39.3878 39.0652 38.1022 37.8722 37.8537 37.2921 36.5572 34.9586 33.765 32.4339 31.186 29.266 28.0199 26.4611 25.0992 24.9587 24.1677 24.059 22.2165 22.1381 20.0435 19.9519 19.8796 16.1401 16.0672 16.0078 14.0632 14.0328 10.7405 10.6922 10.6513 8.8627 12.2187 12.2966 12.3679 16.1042 16.2204 19.6541 19.7359 23.5241 29.2915 32.4928 32.5036 35.0875 35.9438
38.4774 38.4928 38.5114 39.1794 39.1932 39.3287 39.3209 39.3916 39.3146 39.3188 39.3034 39.3178 39.3394 39.3305 40.2718 40.3151 40.1378 40.1288 39.7584 39.1684 38.199 37.8061 37.7959 37.4283 34.7447 33.2741 32.1943 30.7332 29.358 28.9442 27.6372 25.1351 24.9098 24.123 23.9813 22.2248 22.1217 20.0716 19.9509 18.4956 16.1611 16.069 15.9954 14.0605 14.0238 10.7472 10.6893 8.9385 8.8579 8.0564 12.2659 12.3495 16.0904 16.224 19.661 19.7536 23.5342 29.2919 32.4888 32.5009 35.0832 35.9397 36.9326
38.4608 38.4759 38.4947 38.5178 39.0812 39.3092 39.332 39.3217 39.3879 39.3063 39.3106 39.2986 39.3194 39.3543 39.3727 40.102 40.1398 40.2964 40.5026 39.7497 38.1578 38.0898 37.6114 35.8109 33.866 32.4384 30.8915 29.382 28.8089 26.7269 25.2128 24.8111 24.6288 22.9169 22.2309 22.0919 20.1141 19.9497 18.4886 16.192 16.0723 15.9789 14.0567 14.0115 10.7557 10.6852 8.9372 8.851 8.0469 12.226 12.3254 16.0729 16.2279 19.6691 23.5055 23.5461 29.2923 32.484 32.4977 35.0783 35.0952 35.9598 36.9524
38.4414 38.4555 38.4738 38.4972 38.5267 39.0878 39.3155 39.3366 39.3226 39.3817 38.8907 39.2956 39.2882 39.3199 39.3833 39.39 39.3219 39.9204 40.2031 42.2714 39.1063 37.7928 36.1729 33.2824 31.8937 30.7275 29.8832 28.8752 26.423 25.785 24.6215 23.7675 22.8795 22.7611 22.037 20.1807 19.9489 18.4787 16.2389 16.0785 14.1268 14.0513 13.9945 10.7669 10.6793 8.9343 8.0807 8.0333 12.1736 11.4468 16.0504 18.4622 18.5918 23.5134 23.5601 29.2926 32.4785 32.4941 35.0728 35.0918 35.9577 36.9515 34.042
37.8163 38.4313 38.4481 38.4706 38.5005 39.0754 39.0983 39.3252 39.3435 39.3233 39.3707 38.8979 39.2461 39.2638 39.3137 39.444 39.5147 39.9554 38.4211 39.0321 38.275 36.7225 34.0275 32.8205 31.2435 29.7931 27.8599 26.1092 25.3819 24.1462 23.3966 22.7511 22.6178 21.5347 21.3819 19.9498 18.4658 16.3127 16.0897 14.1454 14.0434 13.9697 10.7823 10.6707 8.9285 8.0699 8.0138 12.1033 11.4119 11.5532 18.4536 18.6065 23.5228 23.5769 29.2928 32.4719 32.49 35.0664 35.0881 36.3896 36.9506 34.05 34.0427
37.7984 37.8134 37.8328 38.4373 38.4657 38.5051 39.0824 39.1156 39.2196 39.3696 39.3231 39.0778 38.9071 38.9197 39.2093 39.2812 39.3909 39.1941 38.1322 37.7173 36.9326 33.7406 31.9623 31.4927 29.1753 28.1644 27.0908 25.5584 24.6331 23.1259 22.2696 22.1135 21.5502 20.9913 19.9579 18.4548 16.4326 16.11 14.1762 14.0315 13.9324 10.8039 9.019 8.9179 8.0521 7.9851 7.1606 11.3633 11.537 18.4414 18.6245 23.5338 23.5973 29.2929 32.4641 32.4851 35.059 35.0839 36.3863 36.9498 36.9787 34.0512 34.0426
37.7777 37.7906 37.8079 37.831 38.1018 38.4578 38.5121 39.0953 39.2243 39.2472 39.3758 39.3197 38.9002 38.9169 38.9705 39.0783 38.8521 38.6215 37.512 35.3122 34.8657 32.5176 31.043 30.2566 27.551 27.0297 25.1864 24.4223 23.9645 22.6423 22.0968 21.7072 20.8271 20.3114 18.3255 17.9198 16.1458 14.2321 14.0134 13.8731 10.8357 9.0325 8.8984 8.0226 7.9419 4.4927 11.2942 11.512 18.4238 18.647 23.5471 23.6226 29.2927 32.4546 32.4793 35.0503 35.0792 36.3828 36.9492 36.982 34.062 34.0516 34.0414
37.7545 37.7644 37.7782 37.7978 37.8256 38.0956 38.1374 38.5239 39.1218 39.2626 39.2973 39.1492 38.864 38.8564 38.7962 38.8476 38.2789 37.6601 35.9604 34.9885 33.113 30.9564 29.8714 28.4037 27.0336 24.8008 24.1329 23.6424 22.5231 22.3234 21.6233 20.9936 20.1898 18.6638 17.4906 16.3179 14.3456 13.988 11.9537 10.8839 9.0466 8.8619 7.9721 7.8749 4.4862 11.1933 11.4727 18.398 22.2439 23.5633 26.2873 29.2922 32.4427 32.4723 35.0399 35.074 36.3789 36.9489 36.9864 34.0755 34.0628 35.7368 31.1426
37.7291 37.7351 37.7444 37.7585 37.7799 37.8128 38.0818 38.1415 38.2466 39.185 39.3534 39.302 39.1649 38.8748 38.1996 38.2137 37.9884 35.3927 33.9379 33.1606 31.1343 30.583 28.3938 26.0945 25.498 24.098 23.4941 22.611 22.0229 21.5625 20.3779 20.2169 18.9565 17.8899 16.3234 14.6009 13.9783 12.0422 11.7197 9.0572 8.7912 6.8628 5.2606 4.471 6.2542 13.574 13.8953 22.2381 23.5835 26.301 29.2912 32.4278 32.4637 32.4942 35.068 36.3746 36.9491 36.9923 34.0927 34.0771 35.7364 31.1526 31.0844
37.7022 37.7037 37.7073 37.7144 37.727 37.7489 37.7864 37.8515 38.1397 38.3306 39.2243 39.5634 39.3589 39.279 38.3588 38.5842 36.2444 33.7362 32.7202 31.1834 29.575 28.5508 26.9493 24.7933 23.9239 23.5006 23.0075 22.3888 21.4526 20.9407 20.2724 18.6011 17.81 16.3063 15.1779 13.851 12.8379 11.5781 9.0513 8.648 4.8514 5.2205 4.4379 6.2134 10.0169 13.874 22.2248 23.6093 26.3177 29.2892 32.4084 32.4529 32.4902 35.0612 36.3699 36.9501 37.0004 34.1149 35.783 35.7364 31.1646 31.0864 31.018
36.15 36.7739 36.8005 36.8347 37.6697 37.6778 37.6975 37.7384 37.8187 38.1197 38.6925 39.4679 39.769 38.5899 37.9347 35.9358 33.5707 31.7206 30.9349 29.0721 28.8905 26.6349 24.954 23.7766 23.3434 23.0446 22.253 21.5169 21.0514 19.6649 18.8612 17.8396 16.8703 15.8284 14.4812 12.4923 10.305 9.0129 6.7838 4.8348 5.1235 4.3658 4.6088 9.8205 13.8293 22.1967 22.4482 26.3386 26.3724 29.3413 32.439 32.4856 35.0534 36.3649 36.4255 37.0115 35.8554 35.7921 35.737 31.1793 31.0886 31.0101 30.9425
36.0573 36.1339 36.2325 36.816 36.8598 36.9214 37.0122 37.3988 37.5273 37.6737 37.904 37.7281 37.6788 36.4942 36.471 33.9332 32.281 30.7836 28.4714 27.9582 26.6873 24.9721 24.2503 23.2874 23.0331 22.3793 21.791 21.0414 19.938 19.319 17.6618 16.7609 15.2429 13.5261 11.7894 9.9243 8.9448 6.5722 4.6829 4.4055 4.2036 4.6061 5.5037 17.2645 22.1377 22.5012 26.3655 26.4114 29.3522 32.4206 32.4804 35.0445 36.3597 36.4333 37.027 35.8812 35.8048 35.7387 31.1975 31.0912 31.0002 30.9227 24.8537
35.9388 36.0022 36.0892 36.2072 36.8226 36.8753 36.9569 37.0998 37.4211 38.1472 37.5192 36.3365 36.2144 33.4846 32.8581 30.77 30.1864 29.9065 27.6974 26.6902 24.9199 24.1424 23.0535 22.7774 22.6698 21.7065 21.075 19.7161 18.909 18.6337 16.471 15.7866 14.0063 12.2616 10.8312 8.3308 6.7295 3.8706 2.8771 3.1896 5.3135 5.5691 16.9211 17.657 26.2887 26.401 26.4669 29.3669 32.395 32.4746 35.0346 36.3548 36.4457 37.049 35.9166 35.8226 36.2749 31.2206 31.0944 30.9876 24.9848 24.8563 24.7455
34.6663 34.7284 34.8202 35.9847 36.1193 36.8012 36.8452 36.907 36.9635 36.5944 35.9274 35.058 33.2309 31.0272 30.6816 29.5953 28.7743 27.3862 25.9754 25.2223 24.2839 23.2641 22.6074 22.3204 21.5327 21.0204 20.2931 19.4946 18.3469 16.2198 16.1923 13.8972 11.4718 10.5022 8.4202 6.4911 3.8053 2.0174 2.8832 5.2791 5.7558 12.4983 17.4833 26.2519 26.449 26.5517 29.388 32.3576 32.4683 35.024 36.0354 36.4658 37.0812 39.0167 35.8483 36.2797 31.2506 31.0982 30.9712 25.008 24.8577 24.7298 17.8698
32.9052 32.9328 32.9751 33.042 33.1504 34.4069 34.6928 35.5899 35.5257 35.2318 34.2975 33.5676 31.2933 30.2334 29.3574 28.6429 27.2297 25.9739 25.1906 24.0023 23.3647 22.8537 22.1791 21.7623 21.2487 20.6418 19.17 18.2699 17.5222 15.5995 14.4122 12.244 10.6366 9.0224 5.8335 5.3878 2.6812 2.5859 4.2616 6.2995 11.808 16.9833 26.0937 26.5125 26.6953 31.1557 32.2987 32.4628 35.014 36.0515 37.0005 39.0129 39.0223 35.8862 36.2893 31.2904 31.1029 30.9495 25.0351 24.8572 24.708 17.8814 17.7328
31.4888 31.4849 31.4803 31.6249 31.5995 31.563 31.5068 30.286 31.1003 31.0639 31.3776 31.07 29.6771 28.8116 27.0976 27.0297 25.9356 24.941 24.4308 23.6731 22.7235 22.1154 21.8242 21.1355 20.7601 20.0934 18.2541 17.6892 16.279 14.2386 12.461 10.3331 9.0748 6.8327 4.7971 2.2449 1.8249 3.9653 6.745 9.8281 15.0386 22.9139 26.5622 26.9802 31.0339 32.1962 32.4623 35.0099 36.0885 38.4748 39.0177 39.0301 36.4723 36.3074 31.345 31.1092 30.9201 25.0671 24.8535 24.6775 17.8947 17.7201 17.5734
29.5545 29.7242 29.7444 29.7884 29.9984 30.0174 30.0245 29.9845 30.1371 29.9519 30.1098 29.1519 28.6554 27.7823 26.8327 26.2537 24.8445 24.5005 23.3539 23.1535 22.3948 21.8101 21.2527 20.8097 20.3003 17.9265 17.9283 15.8714 14.2006 12.976 10.1234 9.2176 7.1201 4.1343 3.2799 1.9659 3.8142 8.3405 11.7005 15.1456 20.3701 25.9825 27.6938 30.7279 31.1434 32.4851 35.8797 36.172 38.4778 39.0249 39.0421 36.5657 36.3407 31.4231 31.118 30.6705 25.1051 24.8443 24.6339 17.9096 17.7022 17.5306 11.2398
29.5479 29.5661 29.5912 29.6272 29.6816 29.9045 30.0027 30.1822 29.9383 29.6988 29.4954 28.3288 27.6758 26.612 25.7562 24.8184 24.308 23.4748 23.1643 22.7229 21.6253 20.8363 20.2508 19.5319 18.4398 16.9691 16.5388 14.0839 13.1881 11.4527 8.6098 6.9479 5.0633 1.9575 2.873 3.2267 6.9203 10.4094 14.8385 19.212 22.8273 30.1371 29.5369 30.9923 32.6338 35.9475 36.3626 38.4809 39.3065 39.0616 36.7226 36.4034 36.1516 31.1313 30.6473 30.4581 24.8259 24.5707 17.9263 17.6765 11.4935 11.2336 9.1169
29.5371 29.553 29.5753 29.6082 29.6612 29.7573 29.9666 30.5234 30.2089 29.4512 28.3422 27.6231 26.7443 26.0652 25.4645 24.3669 23.9165 22.8662 21.9798 21.6922 20.9612 20.2433 19.2941 18.4422 17.0925 16.208 14.4547 13.0234 11.2656 8.4066 6.5448 5.0579 2.3312 0.5211 5.1135 6.1315 10.3091 16.3822 19.6221 24.5748 26.8731 30.7843 31.5707 34.1761 36.2743 36.779 38.4861 39.3094 39.6009 39.5897 36.5255 36.1511 30.9701 30.6153 30.364 24.7914 24.4767 17.9445 17.639 11.497 11.2245 9.0967 6.0329
29.5225 29.5342 29.5498 29.572 29.6055 29.6608 29.7599 29.8807 29.2618 28.7778 28.0087 27.1572 26.1513 25.51 24.7729 23.8297 23.3615 22.0776 21.7227 20.6261 20.1836 19.4116 17.998 17.1193 16.1882 14.0962 12.6361 12.0232 9.2022 6.9175 5.0705 1.7937 2.1952 4.7709 6.863 11.6025 16.1386 18.1483 22.9446 26.5711 31.6791 32.1854 35.3584 36.7658 37.7361 38.5198 39.3174 39.641 39.6181 36.7769 35.8919 31.0927 30.5683 30.2196 24.7275 24.3328 17.9628 17.583 11.4986 11.3513 9.0686 6.0313 6.0143
29.5056 29.5118 29.5188 29.5263 29.5324 29.529 29.4836 29.0581 28.7239 28.1973 27.0218 26.1046 25.3625 24.7787 24.1199 22.3528 22.0773 21.828 20.5179 19.7293 19.1973 17.2273 16.7774 15.2675 14.5113 12.8642 10.8053 9.8589 7.1849 4.4882 1.45 0.971 3.7768 7.4919 9.6865 16.2053 18.2166 26.051 27.4227 28.2409 34.6462 34.9609 36.7635 37.611 38.6762 39.3961 39.5821 39.698 39.5771 36.1723 31.3376 30.4946 28.6112 24.6075 22.4766 17.9768 17.4972 11.4961 11.3109 6.0564 6.0297 6.0087 5.5835
29.488 29.4887 29.4876 28.768 28.7732 28.7553 28.6834 28.5126 27.5577 26.6696 26.0318 25.0182 24.669 24.1363 23.2249 22.4344 21.292 20.6474 19.7354 19.0118 17.1256 16.629 14.9726 14.2743 12.0486 10.7427 9.8967 6.7784 5.1994 2.0529 3.5437 5.4397 8.6644 10.9411 15.5417 18.4994 25.757 27.4866 30.7442 32.5831 35.4209 36.8187 37.1731 37.4402 39.1885 39.8943 39.9852 39.6526 36.7872 31.9104 30.3699 28.2691 22.8903 22.3417 18.8819 11.8152 11.4849 11.247 6.063 6.0282 6.0017 5.5803 5.5738
28.6675 28.6688 28.6649 28.6507 28.617 28.5464 28.4066 27.3045 26.9536 25.839 24.9924 22.9686 23.6172 22.8387 22.1322 21.2396 20.3448 19.4381 18.5828 17.2435 16.6416 14.8046 13.5683 12.8113 10.9896 9.1372 6.0347 4.2914 3.9165 3.5134 5.6815 8.3796 12.1371 15.8287 20.2058 23.2022 29.5245 30.9482 34.3331 34.9085 36.8896 37.6638 37.7685 38.4369 39.8992 40.3026 40.1422 38.1901 35.0627 30.1645 27.4166 22.8374 22.0763 18.6059 11.9124 11.4549 11.1421 6.074 6.0272 5.9927 5.5763 5.5682 4.9729
28.6133 28.6023 28.5824 28.5477 28.4884 28.06 27.2684 27.1211 25.8491 24.9726 23.7719 22.5689 22.3163 21.9696 21.4535 20.1624 19.3401 18.541 17.8002 16.4127 15.1632 13.5958 11.8267 9.5525 8.0933 7.1188 5.9502 3.3555 4.0224 4.5154 9.2987 13.9488 15.9159 19.9417 24.137 26.7723 30.7824 32.4317 35.4959 36.8113 37.9565 38.5253 39.6287 39.9093 39.7171 39.7522 38.9799 38.5671 29.5747 25.866 22.6994 21.5208 13.7619 12.9632 11.3814 10.9635 6.0931 6.0273 5.5861 5.5711 4.9791 4.9756 4.9726
