normal_rasters/0772100000297598.ascii
ncols 65 
nrows 59 
xllcorner 159478.820984
yllcorner 383878.56601
cellsize 0.25
nodata_value -9999 
[rows 0 to 31 of 59, columns 0 to 64 of 65]
1.0889 1.0867 1.0843 1.0789 1.0799 3.1772 3.2086 3.2426 3.1053 11.3507 11.5441 20.3525 24.937 25.1415 26.2361 21.722 21.5193 21.2896 24.0068 14.789 3.6305 3.6225 4.2606 4.2523 4.387 5.1185 5.186 6.8648 6.8935 7.8202 6.8004 6.806 6.2318 5.9177 5.0462 5.0946 4.7293 4.7258 4.1107 4.1109 4.1071 4.1986 4.485 4.4696 5.0309 5.0843 6.0191 6.1198 6.2201 6.3144 6.3985 6.4696 6.5266 7.178 7.2104 8.3942 9.2256 9.2822 9.333 9.3781 9.4179 9.4528 9.4833 9.5099 9.5332
1.0904 1.088 1.0855 1.0784 1.0795 2.8811 3.1933 3.2299 3.0961 11.2522 11.4605 20.2501 20.5277 25.0935 32.7026 21.846 21.6297 21.3799 24.0698 22.45 3.6336 3.6244 3.615 4.2492 4.3671 4.4087 5.1628 6.8534 6.8861 6.921 6.807 6.8143 7.1887 5.9455 5.0627 5.1005 4.7258 4.7212 4.1224 4.1249 4.1223 4.2114 4.4822 4.4608 5.0018 5.0663 5.9885 6.1126 6.2358 6.3499 6.4491 6.5303 6.5927 7.2182 8.3554 8.395 9.2276 9.2908 9.3462 9.3944 9.436 9.4718 9.5026 9.5291 9.5519
1.092 1.0895 1.0868 1.0839 1.079 1.0803 3.1752 3.2147 3.2577 3.1269 11.3607 20.1264 20.4306 25.0331 32.6594 26.3005 21.7655 21.4945 24.1561 22.4871 6.4009 3.627 3.616 4.2458 4.2352 4.3886 5.1325 6.8385 6.8761 6.9168 7.819 6.8245 7.2008 6.2302 5.0858 5.009 4.7215 4.7152 4.6394 4.1422 4.1422 4.2295 4.4573 4.4491 4.9594 5.0376 5.9463 6.1029 6.257 6.3967 6.5146 6.6075 7.2198 8.3016 8.3555 9.1579 9.2385 9.308 9.3673 9.4176 9.4601 9.496 9.5263 9.552 9.5739
1.094 1.0913 1.0884 1.0852 1.0784 1.0797 1.3674 3.1962 3.2431 3.1167 11.2412 11.5103 20.3103 24.9567 25.253 32.7563 21.9326 21.6403 24.273 23.7572 10.5941 3.6306 3.6176 3.6045 4.2294 4.3627 4.4218 5.1992 6.8624 6.9102 7.8118 6.8369 6.8456 6.2682 6.1794 5.0247 4.7166 4.7074 4.703 4.6598 4.1688 4.2558 4.4693 4.4338 4.8965 4.9909 5.886 6.0892 6.2859 6.4588 6.6 7.2058 8.2223 8.2996 9.0659 9.1721 9.2617 9.3364 9.3981 9.4491 9.4912 9.526 9.555 9.579 9.5992
1.0962 1.0934 1.0903 1.0868 1.0777 1.079 1.3652 3.1738 3.2249 3.1034 7.5361 11.3905 20.1603 24.8597 25.1938 32.7098 26.4013 21.8259 24.431 23.8442 18.7433 3.6354 3.62 3.6042 4.2226 4.2095 4.3964 5.1624 6.8434 6.9002 7.8023 6.8522 6.8652 7.1962 6.2155 5.3117 4.6173 4.6972 4.6899 4.6487 4.2044 4.4514 4.4905 4.3991 4.3552 4.9118 5.3828 6.0689 6.3243 6.5398 7.1535 7.2753 8.2149 8.3123 9.086 9.2053 9.3015 9.3786 9.4404 9.49 9.53 9.5623 9.5886 11.411 11.4895
1.0988 1.0959 1.0925 1.0887 1.0845 1.0782 1.0798 1.3667 3.2022 3.0861 3.1485 11.2431 19.9724 20.4259 25.1143 32.6496 32.8602 22.0625 24.6443 23.9739 18.7667 6.3653 3.6237 3.6043 3.5855 4.1986 4.3621 5.4967 6.8168 6.8848 7.7893 7.8141 6.8913 7.2188 6.2673 5.3538 4.6216 4.6839 4.6704 4.6298 4.6971 4.6443 4.5294 4.3988 4.2859 4.7726 5.3073 6.0371 6.3689 6.6369 7.2129 8.0712 8.235 8.9724 9.1373 9.2644 9.3622 9.4375 9.4958 9.5412 9.5768 9.6049 11.4366 11.5231 11.5953
1.1189 1.0988 1.0952 1.0911 1.0865 1.0771 1.0788 1.3638 3.1739 3.0636 3.1334 7.5462 19.7358 20.2429 25.0071 32.5708 32.8166 29.6482 24.9321 24.1641 18.8191 10.454 3.6294 3.6051 3.5813 4.1848 4.3156 4.4194 6.7787 6.8611 6.9534 7.8028 6.9265 7.2529 7.1729 5.4195 4.6329 4.583 4.6402 4.5956 4.6923 4.7941 4.853 4.4099 4.2761 4.8058 5.158 5.9837 6.3843 6.9673 7.7802 8.1076 8.8237 9.0613 9.2321 9.3564 9.4475 9.5149 9.565 9.6028 9.6315 11.4811 11.5757 11.6528 11.7158
1.1216 1.1022 1.0984 1.094 1.0889 1.0832 1.0775 1.0798 1.3661 3.0343 3.1125 7.4559 11.2728 20.0035 24.8618 32.4659 32.756 33.0652 22.2662 24.4404 18.916 10.5069 6.2593 3.6072 3.5762 3.5494 3.1228 4.3735 6.086 6.824 6.9405 7.7857 6.9744 8.1237 7.2031 6.2254 5.2659 4.5863 4.5928 4.7728 4.6763 4.8399 4.9494 4.458 4.154 4.1 4.8526 5.7065 6.348 7.0207 7.8621 8.3032 9.0076 9.2293 9.3809 9.486 9.5594 9.611 9.6478 11.4279 11.5553 11.6566 11.7369 11.8005 11.8508
1.1247 1.1226 1.1023 1.0975 1.0919 1.0856 1.076 1.0782 1.362 2.9961 3.0838 3.184 7.584 15.8869 24.6628 25.2957 32.6702 33.0459 29.9229 24.8402 19.0817 18.1656 10.1491 3.6122 3.5699 3.5337 3.1013 4.7988 6.0331 6.765 6.9143 7.7585 7.8289 8.1466 8.067 7.0675 5.348 4.6159 4.4626 4.4574 4.6241 4.9208 5.348 4.8646 3.9944 3.6083 4.5552 5.7217 6.4295 7.8492 8.6332 9.1554 9.3402 9.4847 9.586 9.6528 9.6961 9.724 11.5395 11.676 11.7805 11.8601 11.9202 15.2735 15.3467
1.1283 1.1263 1.1236 1.1019 1.0958 1.0886 1.0805 1.0761 1.3569 2.9465 3.0443 3.1593 7.4702 15.6112 20.119 25.136 32.5461 33.0113 29.8226 25.418 24.0039 18.2302 10.1987 3.6232 3.5627 3.5106 3.0663 4.7185 5.949 6.1072 6.8632 7.7115 7.8169 8.1868 8.1036 7.6901 5.4707 6.0 4.447 4.1806 4.5421 5.0878 5.3025 5.4093 4.3075 3.4834 5.0197 6.3831 8.2311 9.6912 10.277 9.7885 9.775 9.8147 9.8398 9.8501 11.5469 11.7334 11.8712 14.5315 14.6254 15.3353 18.0644 18.1303 18.1811
1.1325 1.1306 1.128 1.1074 1.1007 1.0927 1.0834 1.0734 1.0765 1.3597 2.9901 3.122 3.9668 8.362 15.9287 24.8932 32.3615 32.9507 29.9468 33.0879 24.5753 18.4013 10.3185 9.5232 3.5557 3.4742 3.4323 3.1686 4.8786 6.0158 6.7655 7.6228 7.7891 9.5174 8.2012 7.7187 7.0202 6.2351 5.6029 4.1271 3.6654 5.4899 5.8961 5.6439 5.9139 5.7148 7.3567 8.2947 9.7195 10.5018 10.4003 10.3761 10.293 10.2018 10.1246 14.2267 14.476 14.646 17.2787 17.3848 18.1157 18.1956 18.2537 18.2962 18.3274
1.1373 1.1358 1.1333 1.1297 1.1071 1.0981 1.0873 1.0701 1.0727 1.3515 2.9161 3.0663 3.9292 8.2179 15.5322 24.5203 32.0774 32.8438 30.1079 33.2149 28.4646 18.7565 10.5689 9.511 4.1977 3.4117 3.3491 3.1389 4.7721 5.8464 7.7891 8.6879 7.7182 9.1026 8.3679 8.0035 6.8599 6.8698 6.4165 5.6684 5.5266 7.9409 7.2788 7.8112 8.8002 9.2734 9.323 10.1779 10.8976 11.8345 12.5877 13.2343 13.5044 14.6376 16.6735 16.9449 17.3723 17.5063 18.2346 18.3268 20.058 20.0856 20.8409 20.8655 20.8832
1.1429 1.1418 1.1397 1.1362 1.1311 1.1054 1.0929 1.0781 1.0676 1.3402 2.8152 2.9842 3.8683 4.088 8.3992 23.9402 28.5827 32.6501 33.7719 33.5042 29.1869 19.4207 16.9223 9.6371 6.0477 3.8688 3.1806 3.5736 4.5732 6.9684 7.4221 8.0109 8.2983 8.5163 8.6596 9.8765 7.0585 7.6968 8.2858 12.5567 11.6215 11.402 12.4785 12.4088 11.7622 12.0802 12.6468 12.0847 12.8475 13.43 13.8223 16.0202 16.9123 18.3978 19.2969 19.474 19.9753 20.0668 20.1212 20.1535 21.9648 21.9789 21.989 21.9961 22.0012
1.1491 1.1488 1.1474 1.1445 1.1395 1.1154 1.101 1.083 1.0609 1.0647 1.3431 2.8644 3.1164 4.0435 8.1813 15.5291 27.9525 32.2806 33.9221 33.6873 33.4722 27.3632 17.382 10.0871 5.5876 3.5048 2.9201 3.5419 4.6919 6.0346 7.1351 5.6433 10.8112 12.0471 9.6575 11.884 15.6395 15.3747 15.455 15.7704 16.173 16.5247 16.7237 14.785 16.6626 16.0835 15.6302 13.9676 14.7048 15.8281 16.6878 17.3814 18.6641 19.572 19.7221 20.1949 20.2604 20.2892 21.964 21.986 22.0006 22.0101 22.0162 22.0199 22.7836
1.1561 1.1569 1.1567 1.1548 1.1504 1.1426 1.1129 1.0909 1.0645 1.0531 1.1619 2.6929 2.9783 3.9481 7.8343 8.6262 26.7978 28.7429 34.1069 34.2669 34.0157 28.3641 18.4878 11.3006 6.2252 3.0061 2.2446 3.5523 4.6299 5.2244 11.2461 11.3003 19.1856 19.7601 17.8357 19.732 21.3974 21.5993 21.4496 21.3811 18.3085 17.9358 19.6747 20.0768 17.9683 18.0464 19.3618 19.3664 17.1368 18.6257 19.4953 20.374 20.7261 21.3645 21.457 21.5034 21.9595 21.9984 22.0212 22.0342 22.7608 22.7725 22.7812 22.788 22.5389
1.2442 1.1661 1.1675 1.1674 1.1646 1.1576 1.1446 1.104 1.0691 1.0363 1.1283 1.3506 2.763 3.7569 4.7242 8.3263 18.7339 27.3164 34.272 35.3248 31.7614 28.2597 20.0991 14.0408 7.4495 4.7261 2.9642 3.3691 5.6589 14.4008 18.8474 22.6451 26.727 25.4229 26.6948 26.6154 23.5802 24.2285 24.5382 24.4101 23.8877 20.8776 21.1843 21.5325 22.5683 21.636 21.2248 20.2911 21.7075 20.5336 20.104 20.9431 21.4187 21.5374 21.9335 22.0208 22.6854 22.7268 22.7527 22.7697 22.7814 22.7897 22.5466 22.548 22.4987
1.2493 1.2524 1.2554 1.1826 1.183 1.1786 1.166 1.1261 1.0791 1.0237 1.0122 1.3048 1.4149 3.369 4.3925 7.7773 11.9285 23.8365 33.9567 37.6145 34.0921 30.6651 21.5316 19.8127 12.3005 5.6081 4.7528 8.3816 12.6805 24.5128 26.0858 27.7916 28.6576 30.9547 29.2283 28.1338 28.9701 27.9832 26.8025 26.7076 27.515 27.3829 23.0471 22.6545 23.8519 23.8539 22.4638 22.1702 22.9654 23.1026 21.8976 22.1368 21.6502 22.4063 22.6216 22.7109 22.7543 22.7776 22.7911 22.7996 22.5627 22.5621 22.5094 22.0723 22.0549
1.2542 1.2588 1.2638 1.269 1.2057 1.2073 1.1991 1.1723 1.1004 1.0163 0.9496 1.2152 1.3812 2.8697 3.5887 4.9243 10.6141 14.9491 28.2512 40.4374 33.5754 17.109 23.3019 21.9746 14.5025 8.9888 10.8418 16.3793 23.0842 27.6508 31.5496 32.5119 32.1196 32.1209 32.1565 30.9188 30.3271 31.3037 32.5454 28.957 28.5219 28.1175 27.7128 24.4499 24.0622 24.2964 24.1442 23.575 23.6198 23.4684 23.3498 23.0949 22.9793 22.8573 22.8469 22.8439 22.84 22.8366 22.805 22.8046 22.5295 22.5196 22.2888 22.2674 22.2516
1.2586 1.2648 1.2722 1.2809 1.2909 1.3012 1.2498 1.2289 1.1555 0.8774 0.9053 0.9436 1.2875 1.9571 2.1 3.5907 7.7999 13.9651 24.0869 26.1271 20.6483 12.0747 26.204 24.2666 20.3512 15.0811 19.4364 22.2324 25.1329 28.9412 33.5135 35.3574 37.4013 34.8786 34.1017 35.0169 35.0941 35.767 32.6974 31.584 29.5096 26.4655 27.7691 26.8944 25.0648 24.3437 24.2306 24.4481 24.5184 23.7115 23.8002 23.8132 23.3116 23.3065 23.2414 23.2046 22.8867 22.8619 22.9426 22.9232 22.2918 22.2603 22.2386 22.2237 22.2135
1.2621 1.2696 1.2791 1.2915 1.3079 1.3297 1.3567 1.3365 1.2329 0.8687 0.8045 0.8275 1.1412 2.0948 2.1395 2.8818 4.251 10.0648 21.5135 29.1028 26.6233 34.7874 33.9816 30.2788 22.8745 19.3414 23.3947 36.1512 35.1776 39.714 40.2832 41.8089 38.554 39.616 37.7457 36.9029 36.0504 34.1586 33.524 31.3814 30.3772 27.7517 27.2739 26.5215 25.743 24.8072 24.3977 24.422 24.4523 24.5018 23.9851 23.9169 23.5881 23.5548 23.3885 23.3343 22.9623 22.9239 22.3767 22.3271 22.296 22.2769 22.2656 22.2592 21.6055
1.5925 1.5907 1.2834 1.2982 1.3194 1.3518 1.4056 1.499 1.4001 0.8518 0.6718 0.6557 1.3715 2.051 3.037 4.3197 3.4352 8.3156 16.1931 27.4662 33.3134 35.2771 34.2165 27.5001 23.7562 33.934 36.9895 40.1793 42.5597 43.6951 44.9203 43.9831 41.2875 39.685 38.8145 37.3301 35.4038 33.8862 32.6031 30.3641 29.3992 27.6627 26.4721 25.9095 25.2505 25.0064 24.405 24.3442 24.3707 24.4969 24.3099 23.9828 23.7735 23.4343 23.3443 23.0569 22.4198 22.3219 22.2653 22.2353 22.2211 21.5786 21.562 21.0252 21.0179
1.7255 1.7236 1.7209 1.6037 1.6024 1.3543 1.4123 1.5231 1.6349 0.6998 0.6698 1.0963 1.661 1.7435 2.4834 3.439 4.2813 8.2233 12.1369 18.7305 29.5923 33.6488 30.6906 30.9773 30.2764 41.0586 39.9065 39.049 40.6153 42.1919 43.81 40.3593 39.2888 38.6283 37.1998 36.3423 33.6917 32.4055 30.8353 29.7448 27.7755 26.4646 25.5521 24.7917 24.2954 24.0846 24.1004 24.0261 24.0945 23.9953 24.1601 23.5334 23.3425 23.0914 22.8816 22.1382 21.9817 21.7173 21.6674 21.6454 21.0283 21.0131 21.0038 20.8935 20.5232
1.7308 1.7303 1.7296 1.7286 1.7269 1.7245 1.7215 1.7179 1.5306 0.9963 0.5021 1.0761 1.6714 1.8793 1.8657 2.2711 4.0638 5.6502 11.2179 15.6229 22.0145 24.8344 26.5217 33.5109 25.5351 29.941 29.1148 30.8534 32.4685 37.0573 38.3863 36.0548 34.085 32.5215 33.5955 32.4082 31.7349 30.136 28.4869 26.8855 26.5345 25.2693 23.8049 23.6975 23.0657 23.0623 23.1084 23.6328 23.5406 22.997 22.9985 22.9602 22.9807 22.5436 22.1696 21.9048 21.5974 21.5516 21.0048 20.9836 20.9736 20.523 20.515 20.5099 20.5068
1.7363 1.7374 1.739 1.7415 1.7456 1.7529 1.7656 1.7108 1.5578 1.5641 1.0381 1.3751 1.5805 1.6618 1.5133 1.823 2.5131 4.1832 6.3615 12.7998 21.4835 24.0578 22.1295 23.065 23.005 20.5677 20.6253 22.3914 25.1049 25.8968 28.9305 28.6484 28.5876 28.3121 27.6506 27.4848 27.6966 27.638 26.3875 24.6377 24.5484 23.1375 22.9938 22.0151 22.1859 22.2322 22.0557 22.0775 22.7132 22.5254 22.1347 21.8812 22.051 21.9867 21.6202 21.0979 20.889 20.8888 20.5214 20.5047 20.4958 20.4913 20.4894 20.4889 20.4893
1.8866 1.8882 1.891 1.8958 1.8628 1.8718 1.8905 1.8974 2.0898 1.6936 1.1543 1.3833 1.4772 1.4915 1.5287 1.7809 2.2404 2.7794 7.2993 10.278 19.2469 23.8579 20.1997 18.5634 18.8008 18.893 20.0896 20.8571 21.0336 22.2414 23.2492 22.9898 24.3798 24.2351 25.4435 24.4855 23.0149 23.4362 24.887 23.3192 22.724 22.0559 21.1671 21.2197 21.0413 21.2927 21.6064 21.0673 21.2493 21.8951 21.4903 21.0833 21.1398 21.0104 20.4976 20.3298 20.4308 20.4416 20.4438 20.4476 20.4526 20.4578 20.4629 20.4675 20.1022
1.8968 1.9008 1.9068 2.0362 2.0419 1.98 2.0031 2.0357 2.0743 1.9787 1.1995 0.8743 1.2241 1.3953 1.6387 1.7977 1.8367 2.8787 2.6953 9.4709 17.1242 19.5572 20.1398 18.5003 18.5459 18.6545 18.9302 19.8971 19.8132 19.9932 20.8964 21.7662 21.3605 21.4788 22.0966 22.1597 22.0439 21.2875 22.0295 22.2784 21.7478 20.8266 20.7472 20.6576 20.5768 20.6121 20.7682 20.7734 20.4872 20.5706 20.8138 20.6184 20.6153 20.4183 20.3073 20.1462 20.1234 20.1174 20.1166 20.1177 20.1191 20.0066 19.9799 19.9848 19.9823
2.0391 2.042 2.0463 2.1607 2.164 2.1704 2.1816 2.1965 2.1903 2.1864 1.9849 1.0744 0.8588 1.3113 1.5105 1.6467 1.4408 2.0075 3.0771 8.2493 11.5713 17.7943 18.197 18.6553 18.4923 18.6493 18.829 18.8436 19.2642 19.9284 19.9928 20.3403 20.9656 20.5593 20.593 20.7382 20.9711 20.8146 20.637 20.6681 20.7492 20.6178 20.3428 20.2437 20.2792 20.2525 20.4439 20.2929 20.0748 20.144 20.0687 20.2475 20.0163 20.0711 20.0062 20.0022 20.0555 20.0797 20.0026 20.0021 19.976 19.9725 19.9785 19.904 19.903
2.0469 2.1674 2.1702 2.1745 2.1813 2.1918 2.2077 2.1961 2.2296 2.2904 2.3111 1.6987 0.7389 1.1223 1.5454 1.0569 1.0713 2.1001 2.6784 5.5199 10.8121 10.7028 17.2938 18.1788 18.7444 18.9189 18.9231 18.9421 18.9233 19.5806 19.738 19.8273 19.9143 20.2814 20.2418 20.0763 20.1167 20.353 20.0613 20.2073 20.2469 20.3639 20.2789 20.2018 20.1663 20.0542 20.101 20.0676 20.0284 20.0279 20.0271 20.0212 20.0004 19.9821 19.9784 19.973 19.9618 19.9378 19.9085 19.9017 19.9051 19.9029 19.9016 19.9009 19.9004
2.1724 2.1753 2.1795 2.1855 2.1941 2.2993 2.1719 2.1803 2.1887 2.1674 1.9794 1.8156 1.1357 0.8761 0.9862 0.6574 0.4994 1.7288 2.0916 2.5251 5.9077 13.5648 12.7821 16.0924 18.0835 18.7295 19.1236 19.1397 19.1957 19.3488 19.4728 19.6241 19.6685 19.7958 19.859 19.9604 19.9947 19.9818 20.0577 20.0503 20.0319 20.0954 20.1621 20.0793 20.0723 20.0349 20.0275 20.0271 20.0271 20.0271 20.0271 20.0271 20.0143 19.9975 19.9244 19.9266 19.9115 19.879 19.8792 19.8768 19.8975 19.8973 19.9145 19.9162 19.9175
2.1781 2.1818 2.1869 2.2621 2.155 2.1568 2.1578 2.1558 2.1425 2.0568 1.7697 1.6492 1.326 0.8423 0.5026 0.4545 0.2916 0.0985 0.7437 0.613 1.7525 13.1519 15.7122 15.7591 17.2983 18.2541 19.2062 19.2519 19.2902 19.2915 19.4284 19.4868 19.6323 19.7284 19.834 19.9363 19.9656 19.9747 19.9797 20.0137 20.0226 20.0439 20.0374 20.0335 20.0271 20.0271 20.0271 20.0271 20.0271 20.0271 20.0271 20.0271 20.0271 19.9761 19.8475 19.8473 19.8547 19.8655 19.8691 19.871 19.9087 19.9127 19.9154 19.9172 19.9184
2.1828 2.2618 2.1477 2.1482 2.1483 2.1475 2.1445 2.4529 2.4634 2.1085 2.0855 2.0685 1.9568 1.7149 0.9804 0.945 0.6034 0.288 0.2293 0.314 0.4432 5.5995 13.2744 15.4148 18.1062 19.1285 19.1542 19.263 19.2737 19.358 19.4544 19.5207 19.637 19.6646 19.7571 19.922 19.9747 19.9747 19.9776 19.9909 20.0218 20.022 20.0271 20.0271 20.0271 20.0271 20.0271 20.0271 20.0271 20.0271 20.0271 20.0271 20.0271 19.9946 19.8683 19.8423 19.841 19.8679 19.9049 19.9178 19.9255 19.9301 19.933 19.9348 19.9361
2.4856 2.4884 2.493 2.5004 2.5123 2.5091 2.533 2.5777 2.5444 2.4689 2.8764 3.2311 2.7874 2.4568 1.7362 1.2375 1.081 0.6373 0.2864 0.2902 0.2849 0.8378 7.2804 6.954 15.4066 16.9167 19.2308 19.2737 19.2834 19.3163 19.4467 19.5607 19.6408 19.6568 19.6659 19.8112 19.9665 19.9747 19.9896 20.0251 20.0112 20.0268 20.0271 20.0271 20.0271 20.0271 20.0271 20.0271 20.0271 20.0271 20.0279 20.0348 20.0314 20.029 20.0016 19.9143 19.8805 19.8972 19.919 19.9296 19.9343 19.9366 19.9379 19.9386 19.9391
