normal_rasters/0772100000302911.ascii
ncols 48 
nrows 66 
xllcorner 159147.171997
yllcorner 384389.289978
cellsize 0.25
nodata_value -9999 
[rows 0 to 41 of 66, columns 0 to 47 of 48]
49.3298 49.3349 49.3411 49.3487 49.3576 49.3679 49.3796 49.3924 49.406 49.0069 48.6065 48.5913 48.6408 48.6028 48.5624 48.5217 47.3593 45.8298 45.3704 45.3449 45.3217 44.8969 44.3229 44.0317 43.4514 42.7753 42.7007 42.6269 42.5583 40.2383 40.1611 40.0863 40.0175 39.9568 39.7872 37.2817 37.241 37.2078 37.181 37.1597 37.1429 33.733 33.691 33.6557 33.6261 33.6013 33.5807 29.5425
49.3233 49.3283 49.3346 49.3425 49.3521 49.3636 49.3769 49.3918 49.4079 49.1201 48.6293 48.6121 48.6607 48.6153 48.5664 48.517 47.3636 45.8459 46.3433 45.3494 45.3204 44.8975 44.603 44.3172 43.4785 42.8015 42.7082 42.6164 42.5326 40.2629 40.1668 40.0759 39.9949 39.8124 37.3021 37.2492 37.2069 37.1737 37.148 37.1284 33.728 33.6794 33.6393 33.6063 33.5793 29.5681 29.5189 29.477
49.3158 49.3205 49.3267 49.3347 49.3449 49.3575 49.3726 49.3901 49.4095 49.1318 49.0335 48.6385 48.6868 48.6315 48.5713 48.5104 47.3691 46.1355 45.477 45.3548 45.3172 44.8964 44.6145 44.3466 43.5164 42.8376 42.7181 42.601 40.4102 40.2875 40.1654 40.054 39.9589 37.3329 37.2614 37.2058 37.1635 37.132 37.1088 33.7191 33.6624 33.6167 33.58 33.5506 29.5412 29.4875 29.4426 29.405
49.3072 49.3113 49.317 49.3249 49.3354 49.349 49.3661 49.3867 49.4102 49.4355 49.0551 48.6727 48.6398 48.6533 48.5775 48.501 47.3768 46.1538 45.7966 45.3615 45.3106 44.8919 44.6279 44.3881 43.5712 42.8897 42.7319 42.5783 40.4729 40.3085 40.1505 40.0134 39.7886 37.2808 37.2044 37.1487 37.1091 37.0817 33.7043 33.6375 33.5852 33.5445 29.5747 29.5038 29.4456 29.3978 29.3587 25.7684
48.468 48.4814 49.3055 49.3127 49.3231 49.3374 49.3563 49.3804 49.4093 49.4414 49.0829 48.7184 48.6781 48.6834 48.5854 48.4869 47.3876 46.1801 45.8101 45.3706 45.2982 44.2199 44.6439 44.6778 43.6543 42.9692 42.7537 42.5443 40.5459 40.3175 40.1099 39.942 37.3137 37.2025 37.1259 37.0752 37.0426 33.6794 33.6002 33.5404 33.4957 29.5299 29.4518 29.3892 29.3391 25.7714 25.7429 25.7194
48.4618 48.4757 48.492 49.2978 49.3072 49.3214 49.3418 49.3697 49.4053 49.447 49.2023 48.7813 48.7319 48.7262 48.5956 48.4655 47.4034 46.2202 45.1372 44.5217 45.2751 44.2271 44.6632 44.7139 43.7153 43.6065 42.7951 42.4945 40.6238 40.2948 40.0202 37.3758 37.1999 37.0883 37.0213 33.7673 33.6373 33.5428 33.4751 29.5738 29.4639 29.3786 25.8204 25.7748 25.7383 25.709 25.6855 22.7452
48.1146 48.468 48.485 48.5052 49.2872 49.3 49.3206 49.3518 49.3955 49.4506 49.2366 48.8709 48.8114 48.7062 48.6078 48.4317 47.4278 46.2856 45.2042 44.5583 45.232 44.2213 44.0807 44.7724 43.8603 43.7551 42.9009 41.5463 40.6787 40.195 37.5123 37.1965 37.019 36.9289 33.7292 33.5642 33.4518 33.377 29.4882 29.3657 25.8413 25.7786 25.7301 25.6926 25.6635 22.747 22.6652 18.4939
48.1164 48.1335 48.4753 48.4965 48.5221 49.2721 49.2904 49.3228 49.3749 49.4486 49.2802 49.0022 48.937 48.7806 48.6185 48.3762 46.6041 46.4019 45.3339 44.6012 44.2547 44.1883 44.1395 44.369 44.559 43.8992 43.3082 41.7803 40.6122 37.8905 37.1927 36.8698 36.751 33.6428 33.4321 33.3016 29.5387 29.3502 25.8735 25.7821 25.715 25.6655 25.629 25.6022 20.6272 18.488 18.4138 18.3533
48.1156 48.1347 48.1576 48.1847 48.5116 48.545 48.5854 49.2775 49.3345 49.4319 49.3319 49.376 49.1496 48.9027 48.5477 48.2821 46.8172 46.6276 45.6467 44.629 44.1279 44.1213 43.9066 44.6216 45.304 43.7825 44.9145 41.4306 40.2803 37.1922 36.4555 36.3505 33.4443 33.1808 33.0409 26.1401 25.9279 25.7836 25.685 25.6175 25.5713 25.5398 20.6279 18.4761 16.4843 16.4304 13.1506 13.0911
48.1117 48.132 48.1574 48.1892 48.2287 48.5333 48.5784 48.6314 49.2619 49.38 49.3783 49.5651 49.5205 49.1042 48.4285 47.5683 46.858 47.0469 46.1968 44.1268 43.866 43.2199 44.0588 44.0976 45.1738 41.7991 40.7744 39.4148 36.9995 34.8025 33.4729 32.9872 32.6749 26.4464 26.03 25.7755 25.6195 25.5242 25.4665 25.4324 20.6269 16.5903 16.4963 16.4235 13.1695 13.0925 13.0306 12.9805
48.1038 48.1242 48.1506 48.1854 48.2319 48.2937 48.5706 48.6352 48.6971 49.259 49.5437 49.7304 49.8971 49.126 48.1143 47.9839 47.002 46.9226 46.2816 43.5791 43.5821 41.9854 42.6981 41.6098 39.8841 39.513 36.0252 35.42 32.8862 32.205 30.7052 27.8672 26.2236 25.7177 25.452 25.3174 25.2541 22.624 20.6218 16.6549 16.5153 16.4119 16.3352 13.0909 13.0108 12.9483 9.2395 9.2079
47.0791 48.1103 48.1352 48.1693 48.2179 48.2896 48.3961 48.5431 48.7569 48.7569 49.3527 49.4507 48.5271 47.6238 47.0989 46.7705 45.7319 44.2259 43.0433 42.6338 40.9225 39.9428 39.8014 38.6145 37.3219 33.5671 33.8352 30.3133 29.3799 28.6622 26.3265 25.2621 24.9232 22.6165 22.4655 22.4025 18.8979 16.773 16.5478 16.3904 14.8693 13.0818 12.9753 12.8957 9.2354 9.1951 9.1636 9.139
46.9452 47.0183 47.1226 47.9257 48.1799 48.245 48.3563 48.5556 48.7998 48.8102 48.3425 47.1 46.9819 46.5358 44.9539 44.2843 42.0964 39.1676 38.8971 39.2954 38.6368 38.7613 37.1565 34.7806 32.8454 30.7779 28.2795 27.3057 25.2735 24.0363 23.4579 21.8895 21.2201 19.718 19.4861 18.8054 16.6097 15.5928 14.8139 14.7133 12.9081 9.2975 9.2258 9.1728 9.1333 9.1039 9.0819 7.6959
46.7832 46.8229 46.8863 46.9882 47.8523 47.9303 48.2109 48.3129 48.4001 46.8343 46.1289 43.1633 43.8804 42.4392 42.1706 39.6623 39.2102 37.9898 36.6819 37.0005 35.4955 32.948 32.398 31.1891 29.0328 26.8013 26.2953 24.5094 22.9522 22.3224 21.3091 19.6667 19.3319 19.2118 17.2361 15.5607 14.6821 14.5367 11.1374 9.3758 9.2038 9.1319 9.0819 9.0472 6.6445 7.6806 7.685 7.6892
44.6166 44.6294 44.6527 44.6953 44.7756 44.9297 45.2141 46.1488 45.9187 44.125 42.2688 41.4906 41.4753 39.4459 38.4828 37.8173 37.3017 36.8292 33.4952 34.4541 32.5201 30.5034 29.2507 27.7648 25.9799 25.0498 23.7544 22.5876 21.2311 18.884 18.0264 17.8579 16.9583 14.2252 13.6168 12.6698 11.1143 9.3488 9.1512 9.0515 6.6769 6.653 6.6364 7.6572 7.6646 7.6714 7.6776 7.6832
42.1498 42.1829 42.2329 42.3125 42.4499 42.7138 43.3052 45.1637 46.5416 43.1194 40.9798 39.5577 38.4794 35.7811 34.8942 35.5528 34.1651 32.0237 30.7073 29.1911 28.3859 27.7281 26.5378 24.6488 23.238 22.8069 22.3962 19.9141 18.5477 17.0914 16.8678 15.3366 13.1901 12.4582 10.8875 9.2266 6.8475 6.745 6.6825 6.644 6.62 7.6184 7.632 7.6441 7.6546 7.2824 9.4461 9.5026
42.0497 42.0539 42.0605 42.0711 42.0894 42.1227 42.1893 42.4275 43.4009 40.4824 38.3256 36.6274 35.4486 34.1459 32.9553 31.7701 31.2227 29.2968 28.0001 27.2298 25.4538 24.5894 24.8337 22.4953 20.8841 20.7423 19.302 17.4653 15.8732 15.8951 14.2433 12.8017 10.4802 9.609 7.2471 6.8314 6.6905 6.6188 6.5823 6.5639 7.5746 7.2262 7.2543 7.2755 9.4175 9.4944 9.5549 12.9346
39.432 39.4501 39.473 39.5019 39.5359 40.1235 39.8455 39.2977 37.4011 36.4417 35.4072 32.4813 31.3663 30.4699 29.5099 27.9 26.4791 26.712 26.45 24.4105 23.404 22.6823 21.0447 21.003 18.7808 17.8957 17.4306 15.5641 14.2458 12.3633 12.3962 10.2762 7.6699 7.1661 6.7026 6.532 6.4766 6.4644 6.412 7.1879 7.2349 7.2677 7.291 9.487 9.5699 12.9318 13.0372 17.2876
39.1975 37.5598 37.5263 37.4669 37.361 37.1733 34.59 34.8407 35.0799 33.8419 30.9335 30.7132 28.6319 27.0581 26.8562 26.4238 24.7088 23.6742 22.3948 22.2979 20.8261 20.1916 19.3848 17.7455 16.9216 15.9402 13.9093 12.1636 11.9055 10.455 6.9243 5.7656 5.7608 5.697 5.3445 5.294 6.9487 7.1093 7.2046 7.262 7.2976 9.8903 10.0064 12.9344 16.1774 16.2728 20.465 20.5083
35.9814 33.5059 33.5139 33.5108 33.4775 33.361 33.0077 32.02 30.1306 29.6863 28.5979 25.975 25.6373 24.443 23.0405 22.2107 22.4938 20.9227 20.1468 18.2828 18.4841 18.0157 17.1427 15.2967 13.2166 10.7518 10.1707 8.7709 6.8968 4.9106 3.0076 3.699 4.8137 5.1259 6.0954 7.5671 7.9129 8.0724 8.1547 9.8555 10.0423 12.3549 16.2149 20.3851 20.4688 20.5292 20.5727 24.0778
33.3422 33.3112 33.2572 33.1614 32.9855 32.6512 29.8464 29.3041 27.3568 26.3092 24.8029 24.0952 22.8997 20.9053 20.9514 19.7093 18.6977 18.6573 18.2178 16.593 16.2853 15.7827 13.5118 12.1004 10.0362 7.4468 6.287 4.5898 4.2669 3.92 3.3253 5.3204 6.0019 6.7219 7.9206 8.2146 8.286 9.8286 10.1554 14.7456 16.3095 20.3425 20.4755 20.5647 20.6244 24.066 24.0997 25.8799
33.2019 31.3642 31.2684 31.1115 30.8542 27.9266 25.7013 25.6524 25.1601 23.4682 22.004 20.0084 19.9649 17.7004 17.5968 17.9209 15.7889 14.5846 15.4749 14.2285 11.6915 9.7201 10.2976 8.1976 3.8194 4.9418 2.8972 3.0611 3.9857 3.6873 5.9007 8.766 10.4006 10.1842 10.1073 12.1624 14.3283 16.7632 16.9996 18.6561 20.4893 20.6315 23.6199 23.6612 24.0959 25.8684 25.9083 25.9379
31.2267 31.1307 30.9905 28.5012 25.2857 25.263 25.1579 24.8642 22.6367 21.0279 19.6473 18.3489 16.1892 16.3852 15.6061 14.9976 14.6083 12.2407 12.0792 10.8605 8.808 7.0577 4.0158 2.5862 1.9201 3.9801 3.4598 4.8626 6.9315 9.0173 9.3315 9.6171 11.0373 11.7555 12.8862 16.3405 17.1173 17.3406 18.9691 21.8261 23.5737 23.6512 24.0864 25.8483 25.9095 27.1101 27.1283 27.1417
31.0613 28.5518 25.1267 25.1115 25.07 24.9794 24.7998 22.4399 19.7434 16.9564 16.5509 14.4021 13.8468 12.7671 13.3393 11.5599 11.1482 9.4031 7.4609 5.3603 3.8714 3.4939 2.796 3.0086 4.0482 5.4972 6.3495 7.2435 9.3251 10.4695 12.2567 11.7146 12.8255 15.883 17.5179 19.0698 19.9796 21.6935 22.8814 23.6258 23.7214 25.2465 27.0552 27.0983 27.1274 27.1472 27.1608 27.17
25.047 25.0363 25.0143 24.9736 24.9031 21.5143 19.4728 17.4849 15.39 14.7963 13.256 13.195 11.7446 10.9057 9.4867 8.1186 8.0636 5.3436 4.1057 2.5329 1.6504 0.8515 3.806 3.7343 6.3225 7.4901 9.7194 11.2991 12.471 12.5134 13.8887 15.5609 17.4175 18.5289 20.0367 20.9516 22.4707 23.0186 23.7959 25.239 26.9844 27.0741 27.1275 27.1596 27.1789 27.1905 27.1974 27.2012
24.9785 23.1614 23.0709 22.9306 19.4956 17.5809 17.3358 15.3022 13.2673 13.0918 12.2863 11.2624 8.8083 8.2856 6.7338 5.7685 2.9886 3.184 2.7291 3.0621 3.2843 5.0126 5.3061 7.8893 8.6974 10.8231 11.5068 13.3014 14.3843 15.3714 16.7099 18.213 19.7257 20.8337 22.324 23.0011 24.3356 25.2333 26.7495 27.0083 27.133 27.1924 27.2205 27.2331 27.2378 27.2384 27.2369 29.301
23.0294 21.5244 19.5152 19.3624 17.5128 14.6296 14.4807 13.1771 13.0355 11.4127 10.5088 9.5093 6.6883 5.4288 3.5603 3.6205 1.248 2.1555 2.4699 3.9046 4.9721 7.0629 7.7565 9.4793 11.5947 12.6265 13.964 14.5358 16.6191 16.9726 18.8456 19.8475 20.9723 22.7363 24.7558 25.4362 26.0712 26.4968 27.1748 27.3121 27.3421 27.3396 27.3277 27.4983 29.2708 31.765 31.8688 31.9442
21.4016 19.4332 19.3031 17.4963 14.5672 14.4493 13.1496 10.6043 9.3517 9.1594 8.6444 5.1473 3.8838 2.4774 1.8351 2.3563 2.3964 3.4764 5.3471 6.6266 7.8024 9.2836 10.051 12.1422 12.8636 14.5954 15.3348 16.6762 17.4155 19.0664 20.2978 21.3802 23.0723 25.4843 25.8191 27.0275 27.5998 28.2474 28.2413 28.8196 28.8209 28.8181 30.5302 31.7644 31.9171 32.0183 32.0856 33.2892
19.3891 19.2796 14.6098 14.5401 11.1512 10.3161 8.9763 8.8654 8.6365 7.2665 4.1825 3.5909 2.1947 1.4051 2.562 3.2535 5.1999 5.906 7.7351 8.2674 9.3129 11.7318 11.8286 12.8507 14.0011 15.665 16.8343 17.8262 19.2375 20.4394 22.5573 24.1717 25.6834 27.1717 27.6585 28.8659 29.3431 29.5232 29.1814 29.0334 30.5314 32.6311 32.8816 33.9124 34.0039 33.376 33.3958 35.4248
15.8405 11.6124 11.0567 10.9815 8.8389 8.7595 8.6263 8.4041 5.7551 4.2005 3.571 3.2129 2.8796 3.1517 4.7105 5.8184 6.4642 7.6608 8.3686 10.1206 10.6252 12.5273 13.8413 14.7556 15.6978 17.1483 18.5715 19.5479 20.511 22.8547 25.0104 26.8348 27.5196 28.2706 30.0939 31.6666 31.1771 30.9775 31.8116 32.4669 33.9199 34.1338 34.226 34.2628 35.497 35.5053 36.4006 38.3019
11.5049 8.7744 8.7347 8.6759 8.589 8.4603 8.2691 4.3934 4.0635 4.0678 4.096 4.2012 5.1897 5.7741 6.4146 7.0779 8.2742 9.2241 10.7803 10.8909 12.7025 13.3495 14.7386 16.2668 16.9343 17.8881 19.3912 20.9963 23.1289 24.3935 27.0269 28.4546 29.9476 31.0522 31.7423 32.337 33.5807 34.4234 35.203 35.3569 36.0856 35.6738 36.7829 36.4587 36.4129 38.2649 38.2918 38.3132
8.6798 8.6354 8.5748 8.4916 7.7583 5.2959 4.1596 4.178 4.2113 5.315 5.347 5.4561 5.7146 6.5797 7.1881 8.2006 9.6727 10.6109 11.4566 12.1531 13.5145 15.2659 15.8433 17.4999 18.3391 20.2274 22.2086 23.3484 25.331 27.1636 28.4446 30.44 32.6753 32.965 33.4085 34.017 35.8329 36.5368 37.1686 37.2831 37.2228 36.565 36.4483 36.3848 38.2468 38.2813 37.3388 37.3427
8.5695 8.5116 7.8098 7.7044 4.1959 4.212 5.398 5.4033 5.4193 5.4558 5.53 5.6676 6.6947 6.8554 8.4337 9.8906 11.1606 12.0148 12.7398 13.6029 15.525 16.2916 17.4157 18.2444 19.6368 21.5083 23.577 24.7413 26.65 27.9914 29.7962 31.6403 33.4765 33.445 35.2239 35.9201 36.0543 37.2686 37.4614 36.9087 36.5904 36.3932 38.1622 37.2984 37.3036 37.3117 37.3202 37.3283
7.8407 7.7685 6.5441 5.4365 5.4382 5.443 5.4529 5.4708 5.5019 5.5536 7.7035 9.2459 9.57 10.4787 12.547 12.4107 12.3499 13.1038 14.4998 15.3122 16.4289 17.6302 19.0177 20.495 22.2368 23.9901 25.038 26.4776 28.0842 29.1594 30.459 32.3126 33.2145 34.7091 35.3673 36.0981 36.8271 37.0647 36.2561 35.9945 37.4295 36.7658 36.7913 36.8138 36.8305 36.843 36.8524 36.8597
6.5866 5.459 6.546 6.5578 6.5764 6.6054 7.7825 7.8784 8.9611 9.3951 9.5762 9.9005 12.7997 13.6926 13.3468 13.1101 13.9538 14.4499 15.9251 16.576 17.7333 19.063 20.5541 22.4553 23.101 25.9736 27.2868 28.2989 28.744 29.3821 30.7716 33.8578 34.7373 35.193 35.5199 35.4292 34.9693 34.7181 34.9151 37.1959 36.4891 36.6804 36.76 36.8003 36.8242 36.84 36.851 36.8592
6.6009 6.6141 7.7749 7.8114 7.8624 7.934 8.3351 9.4086 9.5127 11.2284 12.5357 14.0173 13.9645 13.8909 13.8413 14.4321 15.2312 16.8005 17.0511 17.7095 19.3964 20.989 22.0179 23.4934 25.9413 27.8529 29.4007 29.4219 29.8879 33.4723 36.5818 34.6609 34.6422 34.9307 34.9473 34.0345 35.0261 38.215 39.8648 39.0357 36.3146 36.6356 36.7446 36.7947 36.8225 36.8398 36.8515 36.86
7.8268 7.858 7.899 7.953 8.0246 8.4154 11.0784 13.0503 13.1443 14.5837 14.5699 14.5601 14.7464 14.8087 15.0834 16.928 17.2689 17.8984 18.3577 19.4668 21.2438 22.1116 24.6349 25.8677 27.7771 29.5768 30.7659 30.9376 30.77 35.1314 37.3929 34.5741 34.9944 34.9792 33.8024 33.4321 33.1506 36.6967 38.8992 36.3832 36.4863 36.6778 36.7588 36.8017 36.827 36.8432 36.8542 36.8622
7.9165 7.9582 8.0109 8.3771 13.0499 13.0989 13.1651 14.6654 14.6681 14.8736 15.4102 15.4512 15.5509 15.7776 17.2098 17.8375 17.8463 18.7917 19.9795 20.7203 21.6063 22.1416 25.6805 27.5349 28.228 30.1484 30.8996 31.2707 33.2065 35.4408 37.7141 35.2486 35.603 35.688 34.5876 33.6098 33.2571 35.4193 37.9445 37.8969 37.6976 36.7518 36.7917 36.8187 36.837 36.8498 36.8589 36.8658
7.9981 10.3622 13.0862 13.1238 13.1724 15.4651 15.4677 15.4745 15.4887 15.5153 15.5632 15.6485 15.7982 18.0845 18.703 18.6921 18.945 19.9932 20.6311 21.3576 22.2526 23.9224 25.0269 27.4673 27.7771 28.2462 29.8429 33.076 44.3097 31.7985 36.2863 34.2799 36.1346 35.632 34.5801 33.5602 33.2979 34.7575 37.0022 37.181 36.4474 38.1044 36.8276 36.8396 36.8501 36.8585 36.8651 36.8704
13.1077 13.1373 13.1742 15.5021 15.5063 15.5133 15.5247 15.5427 15.5706 15.6138 15.6802 17.2098 18.4531 18.8884 18.9555 19.158 20.334 20.7226 21.375 21.9376 23.067 23.9783 24.8406 25.745 27.3321 27.7732 29.213 32.1206 31.7329 33.8904 33.8018 35.6219 36.2347 35.6971 35.3574 34.5288 33.3633 33.2728 36.9993 35.2658 36.3691 36.4565 36.5063 36.8592 36.8634 36.8679 36.872 36.8755
13.1736 15.5249 15.5292 15.5354 15.5444 15.5572 15.5754 15.6012 15.6377 17.1839 18.4772 18.5164 19.6049 19.6715 19.8086 20.6115 21.1042 21.6459 21.9927 22.4887 23.1431 23.8088 24.9449 25.5333 26.0205 27.5713 28.8601 31.4337 38.2756 35.5199 33.0701 35.6834 36.1403 35.6671 35.5896 35.34 33.3825 33.315 33.1737 37.3318 35.3434 36.4016 36.4571 36.4926 36.8754 36.8769 36.8788 36.8808
15.5439 15.5492 15.5563 15.5659 15.5787 15.5958 16.5298 17.1703 17.2194 18.9504 19.6521 19.6902 19.754 20.5975 21.4288 21.88 21.9331 22.0682 22.2641 22.714 23.0982 23.5093 24.2082 24.5975 25.5811 27.1204 27.6529 28.8027 36.6839 36.6469 36.9243 36.9938 35.6528 35.9177 36.1009 35.4603 34.6306 33.3349 33.2039 37.3332 35.2757 35.3652 36.4175 36.4557 36.4821 36.5001 36.8852 36.8859
