normal_rasters/0772100001000776.ascii
ncols 62 
nrows 65 
xllcorner 158299.234985
yllcorner 383917.171997
cellsize 0.25
nodata_value -9999 
[rows 0 to 33 of 65, columns 0 to 61 of 62]
36.8839 36.8689 37.8763 37.8591 37.1267 36.3586 36.3707 36.7097 36.7141 36.7188 36.6914 36.2285 36.514 36.4849 35.7267 34.7763 34.6964 34.6884 34.6789 34.5051 34.5983 34.5866 34.5747 34.5633 34.5532 33.7848 33.7618 33.738 33.7148 33.693 33.6733 33.6562 33.6418 33.6298 33.6201 33.6123 31.6234 31.5932 31.5676 31.5461 29.4568 29.418 29.3851 26.8962 26.8574 22.2197 22.2031 21.1403 20.6642 20.3125 19.9123 19.9104 19.9087 19.4796 19.4774 18.9313 18.928 18.9249 18.5783 18.2722 18.2716 18.3575
36.9396 36.8858 36.8685 37.872 37.8519 37.1218 36.3595 36.3737 36.7121 36.7174 36.7231 36.6933 36.2313 36.5111 36.4749 35.716 34.7759 34.6937 34.683 34.6703 34.4962 34.5849 34.5701 34.5558 34.5434 33.7962 33.768 33.739 33.7112 33.6857 33.6634 33.6446 33.6293 33.617 33.6075 31.6296 31.5933 31.563 29.5022 29.4495 29.4052 29.3681 26.8824 24.2786 22.2203 22.2015 21.1837 20.6643 20.3129 19.9131 19.9109 19.909 19.4802 19.4777 18.9319 18.9282 18.9248 18.6467 18.272 18.2714 18.3571 18.3582
36.6378 36.6358 36.8877 36.8677 36.8446 37.8427 36.3461 36.3606 36.3775 36.7152 36.7217 36.7031 36.6955 36.2348 36.1972 35.734 34.7766 34.7752 34.6892 34.6746 34.5009 34.5839 34.565 34.5467 34.5308 33.8093 33.774 33.7382 33.7044 33.6745 33.6494 33.6291 33.6133 33.6014 31.6371 31.5926 31.5563 29.5007 29.439 29.3879 29.3459 26.8643 24.2696 22.2209 22.1995 21.1834 20.7716 20.3135 20.3112 19.9115 19.9093 19.4809 19.4781 18.9325 18.9284 18.9247 18.6464 18.2718 18.2712 18.3567 18.3579 16.0846
36.2479 36.6448 36.9098 36.8897 36.8662 36.8388 37.8308 36.3446 36.3619 36.3825 36.7193 36.7273 36.7076 36.6979 36.376 36.1908 35.7229 34.7765 34.6983 34.6816 34.6604 34.5842 34.5595 34.535 34.5141 33.8242 33.779 33.7338 33.6927 33.6578 33.6299 33.6087 33.5932 31.6463 31.5907 31.5463 29.4969 29.4236 29.3642 26.906 26.8402 24.2575 22.3151 21.19 21.1832 20.7716 20.3142 20.3115 19.9122 19.9097 19.4817 19.4786 18.9333 18.9287 18.9246 18.646 18.2716 18.2709 18.3562 18.3576 16.0867 16.2554
36.245 36.2568 36.6532 36.9154 36.8918 36.8637 36.8308 37.8149 36.4465 36.3636 36.7155 36.7247 36.735 36.7134 36.7007 36.3737 36.1806 34.7783 34.7763 34.6931 34.6679 34.5875 34.5539 34.5195 34.491 33.8408 33.7812 33.7234 33.6729 33.6326 33.6027 33.0217 31.6579 31.5863 31.5311 29.489 29.4008 29.3312 26.8833 24.3452 22.3663 22.3124 21.1907 21.1828 20.7716 20.3151 20.312 19.9131 19.9102 19.4826 19.4791 18.9343 18.9291 18.9245 18.6456 18.2714 18.2706 18.3557 18.3572 16.0891 16.2568 16.2467
36.6371 36.6534 36.2675 36.6635 36.9219 36.8937 36.8598 36.8196 35.9524 36.2602 36.3659 36.7201 36.7322 36.7459 36.721 36.7037 36.3678 35.7475 34.7795 34.7762 34.6826 34.4742 34.5498 34.4976 34.4562 33.8576 33.7772 33.7016 33.6399 33.595 33.021 31.6727 31.5777 30.7141 29.4742 29.3664 27.5813 26.8504 24.3298 22.3658 22.3084 21.1917 21.1825 20.7716 20.3163 20.3127 19.9142 19.9109 19.4838 19.4798 18.9355 18.9296 18.9243 18.4026 18.2712 18.2703 18.2695 18.3567 18.3583 16.2584 16.2473 16.2371
36.0373 36.6427 36.6619 36.2806 36.6761 36.5634 36.8954 36.8536 36.8034 34.8564 36.2526 36.4713 36.7265 36.7431 36.7621 36.7316 36.7066 36.3541 35.2691 34.7824 34.7767 34.6595 34.5523 34.4628 34.3976 33.8704 33.7589 33.6586 33.5851 33.0194 31.6924 31.5686 30.6926 29.447 28.4546 27.5386 25.03 22.6403 22.3642 22.3025 21.2886 21.182 20.7716 20.3179 20.3135 19.9156 19.9117 19.4853 19.4806 19.4764 18.9301 18.9241 18.4025 18.2709 18.2699 18.269 18.3562 18.3579 16.2603 16.2479 16.2367 13.6056
36.0092 36.6295 36.6494 36.6724 36.2969 36.692 36.5715 36.8965 36.8439 36.7202 34.8535 36.2412 36.4715 36.7359 36.7599 36.7874 36.7471 36.4126 36.3213 34.7899 34.7906 34.7067 34.5856 34.3936 34.2755 33.8679 33.7083 33.574 33.0149 31.7296 31.5522 30.6499 28.5474 28.4057 27.4714 25.0098 22.6429 22.361 22.2938 21.2883 20.8389 20.7718 20.6518 20.3147 19.9174 19.9127 19.9086 19.4816 19.4768 18.9308 18.9239 18.4025 18.2706 18.2694 18.2684 18.3556 18.3575 16.2625 16.2487 16.2362 13.606 13.5824
35.9758 36.0138 36.6336 36.6575 36.6855 37.0064 37.0734 36.5808 36.8964 36.8282 34.9103 34.8485 36.2231 36.4711 36.7503 36.7878 36.6609 36.6274 36.4077 36.2354 34.8036 34.8213 34.8288 34.3326 33.9973 33.8252 33.5794 33.0017 31.7984 31.5126 30.561 28.5066 26.5922 26.5004 25.3497 22.6448 22.5996 21.3291 21.2876 20.8397 20.7721 20.6521 20.3163 20.3107 19.9141 19.9092 19.4829 19.4772 18.9317 18.9237 18.4024 18.2702 18.2689 18.2678 18.3549 18.3571 16.2653 16.2497 16.2356 16.5827 13.5803 13.8562
35.9365 35.9741 36.0191 36.6382 36.6675 36.7024 37.0278 37.0916 36.5914 36.8939 36.8025 34.8871 35.0731 36.1929 36.2901 36.7025 36.8392 36.7341 36.6788 36.3638 35.9775 35.1231 35.2816 35.7125 34.0269 33.6796 32.9516 32.2167 30.6427 30.3587 28.7218 26.5449 25.3668 23.8891 22.6445 22.5862 21.33 21.2862 20.8411 20.8369 20.7578 20.3185 20.3116 19.9159 19.9099 19.4846 19.4777 18.9328 18.9234 18.4024 18.2698 18.2683 18.267 18.3541 18.3566 16.2686 16.2509 16.2351 16.581 13.5779 13.8522 10.7993
33.8485 35.9268 35.9712 36.0252 36.6435 36.6802 36.7248 37.0567 37.1154 36.6032 36.516 34.911 34.8488 35.0486 36.139 36.2781 36.7262 36.9475 36.8968 36.7921 36.0834 35.1329 34.9778 35.5723 34.3292 32.5894 31.5762 30.5022 29.9801 26.7403 26.4422 23.9524 23.8808 22.8102 21.5748 21.5561 21.315 20.9371 20.8376 20.7577 20.3218 20.313 19.9185 19.911 19.4868 19.4784 18.9342 18.923 18.4024 18.2693 18.2675 18.2661 18.3531 18.356 16.2727 16.2524 16.2344 16.5791 13.5751 13.8475 10.794 11.053
33.8164 33.8405 35.9133 35.9662 36.0321 36.6495 36.6968 36.7556 37.0975 36.9907 36.6155 36.4879 34.8725 34.0705 35.0043 36.0347 36.2404 36.7652 37.0345 37.3866 37.2905 35.0325 34.6078 34.9978 32.7289 31.6517 29.6089 27.5164 26.7577 25.3123 24.1874 23.8533 22.7907 21.583 21.5549 21.5017 20.9371 20.8391 20.7578 20.3266 20.3151 19.9221 19.9125 19.4898 19.4794 18.9361 18.9226 18.4026 18.2687 18.2666 18.265 18.352 18.3553 16.2778 16.2544 16.5917 16.5769 13.8705 13.8421 11.0678 11.0471 11.0291
32.4085 33.8013 33.8291 35.8939 35.9579 36.0398 36.6562 36.7194 36.8004 37.1584 37.0299 36.6253 36.4242 34.7979 33.7719 34.0758 35.0751 35.585 36.8237 37.5856 36.4407 39.7191 34.3019 32.8016 30.2157 29.1553 28.2204 26.0532 25.3629 24.1673 23.7579 22.4187 21.9869 21.5512 21.1917 20.937 20.8417 20.7789 20.6491 20.3186 19.9274 19.9148 19.494 19.4808 19.4701 18.9221 18.4028 18.2679 18.2655 18.224 18.3505 18.3544 16.2842 16.2569 16.5915 16.5744 13.868 13.8358 11.0635 11.0403 11.0201 11.1402
32.3368 32.4105 33.7805 33.8127 35.8653 35.9438 36.0476 36.2162 36.7517 36.8701 37.2557 37.0852 36.6217 36.2706 33.7191 33.8198 34.1995 34.9221 34.9439 35.0986 35.9431 37.3231 36.2736 31.1817 29.5354 27.8769 25.6156 24.6204 23.9649 23.2055 22.4605 21.9889 21.5396 21.1882 20.9368 20.9368 20.7807 20.6504 20.3243 19.9356 19.9183 19.9049 19.4827 19.469 18.9214 18.5708 18.267 18.264 18.2228 18.3487 18.3534 18.5352 16.2602 16.5913 16.5714 13.865 13.8282 11.0584 11.0322 11.0097 11.1307 8.2782
32.3324 32.3375 32.4126 32.4182 33.7886 35.8217 35.9191 36.1254 36.2293 36.8014 36.9889 37.315 37.1667 36.8356 34.7444 33.7063 34.13 34.5873 34.7068 34.068 33.2941 34.1947 30.7476 28.8406 28.2372 25.0969 24.3531 24.0943 22.9503 22.6148 21.9849 21.5006 21.181 20.9363 20.9365 20.7853 20.6534 20.3343 20.3095 19.9242 19.9053 19.4856 19.4675 18.9205 18.5702 18.2928 18.2224 18.2212 18.3463 18.3521 18.5344 16.2645 16.5914 16.568 13.8616 13.8191 11.0525 11.0226 11.1321 11.1196 8.2708 5.3446
32.3271 32.3318 32.3378 32.3456 32.4222 32.4314 33.8159 35.8735 36.0887 36.2366 36.8861 37.2208 37.5927 37.2811 36.4279 33.6724 33.7679 34.0349 34.1679 33.1582 31.4945 30.9152 29.4264 28.1854 26.5615 24.4246 23.8119 23.0292 22.9531 21.9564 21.4314 21.1601 20.9346 20.9356 20.8659 20.769 20.637 20.3148 19.9347 19.9063 19.4903 19.1635 18.5835 18.5697 18.292 18.2206 18.0492 18.3432 18.3504 18.5335 16.2705 16.5919 16.5638 13.8576 14.0874 11.0455 11.0111 11.1206 11.1065 5.3472 5.3437 5.3042
32.3211 32.325 32.3301 32.337 32.3465 32.3597 32.4402 33.7732 35.7833 35.996 36.216 36.6682 37.7677 38.2634 37.2276 33.8426 33.2757 33.4243 32.4589 31.318 29.5956 28.829 27.1535 27.1717 25.6987 24.1971 23.1833 22.7897 22.4438 21.9978 21.0285 20.912 20.933 20.8783 20.7739 20.635 20.3275 19.9556 19.9088 19.498 19.1623 18.5887 18.5692 18.2911 18.2181 18.0483 18.339 18.5206 18.5324 16.2787 16.5929 16.5588 13.8528 14.0774 11.037 10.9971 11.107 11.0911 5.3464 5.3424 5.339 4.7287
32.3272 32.3304 32.3213 32.3267 32.3344 32.3456 32.3627 32.4527 32.4827 35.4585 35.7451 36.0681 37.0582 39.1566 39.7994 35.4716 33.7128 32.4129 30.5906 29.3476 28.2964 27.6706 26.4802 25.1906 24.1146 23.8656 22.8575 22.375 21.7185 21.1459 20.8758 20.9192 20.9305 20.7962 20.5784 20.3012 20.0036 19.9158 19.5539 19.1592 18.598 18.5691 18.2902 18.2145 18.0468 18.3331 18.5159 18.531 16.6471 16.595 16.5525 13.8469 14.0651 11.0265 11.1138 11.0907 11.0725 5.421 5.3408 5.337 4.729 4.783
31.9776 31.98 32.3236 32.3276 32.32 32.3279 32.3405 32.3622 32.4351 32.4482 32.6242 35.0054 35.2334 37.1434 39.547 35.5248 33.0904 31.6988 29.4803 27.4444 26.8922 25.9151 25.6003 24.8421 23.727 22.9424 22.3302 21.5166 21.2026 21.0102 20.9429 20.912 20.896 20.6622 20.5248 20.2874 19.9395 19.5634 19.1508 18.6163 18.57 18.2896 18.2091 18.0443 18.0472 18.5092 18.5294 16.6666 16.5988 16.5446 13.8395 14.05 11.0134 11.0979 11.0708 11.0497 5.4193 5.3387 5.3345 4.7293 4.7834 4.6013
31.9942 31.9841 31.9878 31.9919 31.9964 32.001 32.3142 32.3253 32.3489 32.4408 32.4101 32.9666 33.1753 32.1222 33.1494 34.5795 31.6507 29.6468 28.2798 26.9742 26.3327 24.1669 24.8888 23.1578 22.6211 22.1569 21.9188 21.2048 20.9988 20.9798 20.9236 20.805 20.6364 20.5873 20.4588 20.0431 19.5634 19.1203 19.0463 18.5741 18.2782 18.0604 18.0395 18.0446 18.4993 18.5273 16.6969 16.6056 16.5342 14.1093 14.0307 10.9965 11.0784 11.0458 11.0214 5.4169 5.3359 4.7265 4.7298 4.7838 4.6017 4.2992
32.0063 32.2675 32.0049 32.0108 32.0054 32.0139 32.024 32.0345 32.0395 32.0038 32.2331 32.4316 32.897 32.3314 31.4967 31.07 29.161 28.5749 27.3635 26.7242 24.5148 23.6871 22.8125 22.845 22.6015 21.6688 21.3655 20.97 20.9701 20.9203 20.9156 20.7161 20.4675 20.425 20.1757 19.3865 19.1124 18.9828 18.5879 18.2733 18.0523 18.0294 18.0394 18.4832 18.5246 16.7469 16.6184 16.9323 14.108 14.0053 11.1072 11.0536 11.0139 10.9853 5.4136 5.3321 4.7267 4.7305 4.7845 4.6024 4.2997 3.7359
32.005 32.0058 32.0074 31.8056 32.023 32.035 32.052 32.0665 32.1013 32.1325 32.0085 31.7081 31.7634 31.6045 30.2396 28.7609 27.6731 26.4406 25.4763 24.5173 22.7656 22.8645 22.1687 22.0344 21.7047 21.3796 21.0919 20.9705 20.9579 20.8554 20.7894 20.4662 20.4057 19.9705 19.3569 19.0936 18.8524 18.6095 18.2799 18.0329 18.003 18.0278 18.4548 18.521 16.8346 16.6433 16.916 14.1101 13.9707 11.0907 11.0213 10.9719 10.938 5.409 5.3269 4.7269 4.7315 4.7853 4.6034 4.3004 3.7377 3.73
32.0048 32.004 32.0027 32.0016 31.6856 31.81 32.0674 32.0887 32.1454 32.2724 32.2187 31.776 31.2727 29.6547 28.4716 27.0594 26.2674 25.637 24.6725 23.3128 22.6818 21.9162 21.7895 21.5413 21.2563 20.9344 20.9379 20.9501 20.825 20.7563 20.4868 20.3888 20.0171 19.6947 19.3202 18.8124 18.693 18.4214 17.9627 17.9101 17.9141 18.1764 18.5159 17.0 16.6964 16.8951 14.1198 14.0556 11.0708 10.9774 10.9144 8.1438 5.4022 5.3196 4.7275 4.7329 4.7865 4.6047 4.6646 3.7401 3.7309 3.7231
31.69 31.6888 32.0016 31.9954 31.9863 31.457 31.578 31.8547 32.1043 32.0806 31.9486 31.7624 28.9663 29.3851 27.479 26.5172 25.8078 24.3141 23.5284 22.9397 22.4934 21.6804 21.2796 21.0963 20.8816 20.8864 20.9582 20.8684 20.7687 20.642 20.4289 20.2212 19.8323 19.4901 18.9939 18.6945 18.3859 17.8239 17.5567 17.8561 18.1076 18.5063 18.8826 16.8253 16.8709 16.9997 13.9978 11.0469 10.9148 10.8319 8.0954 5.392 4.8324 4.8409 4.7349 5.14 4.6067 4.6648 3.7433 3.7322 3.7229 3.7151
31.0132 31.0265 31.0411 31.6843 31.6658 31.631 31.3324 31.4185 31.4867 31.7938 31.3468 30.7598 28.455 27.6552 26.5757 25.7073 24.5594 24.1608 23.0591 22.2078 21.5624 21.2469 20.9175 20.7849 20.9145 20.9659 20.8875 20.731 20.6214 20.4766 20.3783 20.1523 19.6699 19.2404 18.8044 18.6043 18.43 18.1241 17.8754 17.9392 18.489 18.9104 17.5057 16.866 16.8556 13.9094 11.0189 10.8187 10.7058 5.0002 5.376 4.8319 4.8427 4.9411 5.1402 5.1365 4.6654 3.7477 3.7341 3.7228 3.7134 3.7058
30.5359 31.0361 31.0574 31.0829 31.1109 31.1326 31.4877 31.3375 30.7954 30.9124 31.5327 30.0954 28.8205 27.0553 26.42 25.1252 23.513 23.1563 22.3359 21.8454 21.3955 21.1507 20.8214 20.756 20.9792 20.9857 20.893 20.5923 20.5431 20.4627 20.3493 19.9595 19.7193 19.2653 18.7321 18.6794 18.8109 18.4384 18.2977 18.7125 19.1443 19.3225 17.2741 16.5232 13.7567 10.9898 10.6555 10.495 4.9773 5.3497 4.8319 4.8462 4.9437 5.1406 5.1358 4.6666 4.4568 3.7368 3.7227 3.7114 3.7023 3.4
30.5267 30.5558 30.5949 30.6492 31.1556 31.2211 31.2788 31.0937 31.0672 30.466 30.4812 28.827 28.1659 25.6866 24.9702 24.0871 22.7148 22.3569 21.9447 21.5569 21.2119 21.0184 20.9768 20.9959 21.023 21.0236 20.9185 20.7704 20.6737 20.6096 20.3384 20.0068 19.809 19.3056 18.9195 19.2342 19.1829 19.5535 20.0098 19.4068 19.4504 19.4951 15.6125 13.5911 10.9737 10.3288 7.4463 4.9279 4.5053 4.8334 4.8528 4.9483 5.1415 5.135 4.6689 4.4577 3.7407 3.7229 3.7088 3.3481 3.3984 3.3944
30.5107 30.5374 30.5748 30.6297 30.7166 30.8657 31.1379 31.4927 31.2537 30.3944 28.3486 26.9841 25.7468 24.0167 23.4673 22.3414 22.1323 21.9139 21.7408 21.2427 21.0188 20.9084 20.9902 21.0294 21.0749 21.1144 21.0156 20.9613 20.9454 20.9122 20.6644 20.8094 19.835 19.7055 19.8231 19.9326 19.6944 20.1421 20.2297 20.2583 19.7969 19.018 8.3137 12.5328 9.4317 6.9647 4.814 4.4965 4.8388 4.9504 5.2937 5.1434 5.1341 4.6732 4.2539 3.7467 3.7235 3.7056 3.3478 3.3963 3.3916 3.388
29.8603 29.8957 29.9439 30.0132 30.1212 30.3118 30.7332 32.1955 31.1569 28.2663 26.6884 25.3888 24.102 23.1107 22.781 22.3675 21.8901 21.5713 21.333 20.942 20.9882 20.934 20.918 20.9242 20.962 21.069 21.1049 21.0986 21.0563 20.977 20.9209 20.9436 20.7545 20.3826 20.3221 20.4561 20.4439 20.4383 19.9905 20.3589 19.6603 17.3745 19.1286 5.2472 5.5823 4.3223 4.4756 4.6848 4.9684 5.2926 5.1475 5.1333 4.6813 4.2559 3.8916 3.7249 3.356 3.3474 3.3934 3.3877 3.3836 3.512
29.8163 29.8386 29.8667 29.903 29.9504 30.01 30.0511 29.6959 28.6475 27.2533 25.5774 24.3183 23.5429 22.5727 22.232 21.6601 21.2942 21.1435 21.0053 20.919 20.9417 20.7585 20.7747 20.873 20.9061 21.0097 21.0862 21.1154 21.1188 21.0823 21.1447 21.151 20.9994 20.8304 20.6648 20.6604 20.5132 20.5934 17.1495 15.5829 19.6044 8.4092 14.0125 5.348 4.0707 4.411 4.7348 4.8041 5.2916 5.2848 5.133 5.1167 4.26 3.893 3.7277 3.3584 3.3991 3.3892 3.3823 3.506 3.5049 4.008
29.7684 29.7761 29.7821 29.7826 29.7679 28.891 28.791 28.4407 26.9312 25.6049 23.9453 23.551 22.716 22.3365 21.9561 21.5536 20.9029 20.9365 20.9153 20.8518 20.7768 20.6148 20.4853 20.5598 20.8438 20.9776 21.0426 21.1154 21.1263 21.2602 21.1907 21.1701 21.1589 21.0039 20.726 20.7025 20.7775 20.3525 17.151 18.8488 17.7231 15.608 7.5726 4.6825 4.1786 5.0055 5.0099 5.29 5.2882 5.1307 5.1131 4.1997 4.115 3.3856 3.3621 3.3961 3.3829 3.3745 3.496 3.978 4.001 4.0202
29.7207 28.7185 28.7228 28.7159 28.6842 28.5995 28.409 26.6894 25.6949 24.4007 23.5707 22.4726 22.4015 21.6983 21.1824 20.8965 20.994 20.8681 20.8566 20.7178 20.5349 20.4057 20.3694 20.3363 20.5475 20.8588 21.112 21.0241 21.2045 21.244 21.2766 21.2077 21.1701 21.1666 21.0693 20.7715 20.762 17.4602 18.8223 16.421 11.6233 9.5158 7.3847 6.2449 5.4348 5.4089 5.2364 5.273 5.2726 4.785 4.2313 4.1164 3.9324 3.3684 3.3913 3.3732 3.3627 3.2449 3.9638 3.9932 4.017 4.0361
28.6491 28.6428 28.6267 28.5934 28.5303 28.4172 26.5769 25.755 24.5761 23.6151 22.3541 21.656 21.3951 21.043 21.0609 20.9341 20.8757 20.7857 20.7212 20.5206 20.4119 20.1998 19.9334 20.2159 20.1647 20.5958 20.842 20.8364 21.0591 21.2066 21.218 21.267 21.2165 21.1715 20.9032 21.0592 20.0638 13.3788 19.1126 11.4309 9.9735 9.4508 7.6906 6.741 5.9732 5.3582 5.3258 5.2969 5.1313 4.595 4.129 3.9231 3.3797 3.3828 3.357 3.2367 3.24 3.946 3.9847 4.0148 4.1581 4.0909
28.5943 28.577 28.548 28.5011 27.6975 25.8694 25.7035 23.7329 23.6254 22.2719 21.7913 21.4331 21.1325 21.0174 20.7898 20.8752 20.8153 20.6161 20.5179 20.3492 20.2096 19.7855 19.6791 19.9002 20.1651 20.3493 20.612 20.793 20.947 20.9766 21.1339 21.1849 21.2675 21.2166 17.4061 18.1053 21.106 20.2442 12.7919 9.9887 9.8188 9.3278 8.1242 6.7503 5.731 5.735 5.9548 5.3022 4.6232 4.2503 4.0698 3.3969 3.3669 3.3287 3.2282 3.2324 3.9228 3.9759 4.2711 5.0109 4.0914 4.0999
