normal_rasters/0772100000295739.ascii
ncols 99 
nrows 64 
xllcorner 159477.080994
yllcorner 383838.446991
cellsize 0.25
nodata_value -9999 
[rows 30 to 59 of 64, columns 0 to 67 of 99]
28.7734 28.9448 29.1307 29.3299 29.546 29.808 30.2378 31.1947 33.2563 35.068 30.3814 24.9339 23.4646 22.3117 22.4804 22.7327 22.9826 23.2025 23.3866 23.5376 23.6605 23.7608 23.843 23.9108 21.8421 15.03 12.3103 9.7322 7.4588 2.0849 1.9898 1.2495 1.2449 1.2412 1.2393 1.2418 1.2539 1.2878 1.3536 1.4778 1.4962 0.9455 1.98 1.9324 1.6816 1.4789 1.4752 1.5752 1.7048 10.278 17.9585 23.1776 30.2473 33.9943 35.5023 36.0041 35.7244 35.463 34.5806 31.0704 29.2958 27.1487 24.24 22.5504 29.8183 31.654 32.0029 33.7343
27.7575 27.7498 27.7123 27.6315 27.4933 26.1903 26.1265 25.9284 24.9405 20.8871 14.7761 15.2619 17.5781 19.1092 20.0888 20.8256 21.4147 21.8915 22.2777 22.591 22.8459 23.0546 23.2265 23.3693 23.4887 13.5827 7.8114 7.5028 1.2939 1.2945 1.2963 1.2999 1.3063 1.3174 1.3361 1.3681 1.4236 1.522 1.6794 2.0137 2.6171 4.2559 3.8448 2.6859 2.1149 2.7924 2.812 10.0444 17.5218 23.6816 25.9805 36.0231 35.7844 35.5987 34.7506 35.5315 38.1998 35.7653 36.3077 30.9091 32.3395 30.9348 25.505 22.5184 24.4873 29.6332 31.3927 34.4428
25.0654 24.9892 24.8579 24.6475 24.3238 23.8325 23.0635 21.7383 19.1736 14.5119 10.3299 11.9076 14.8636 16.7541 18.2646 19.3333 20.1649 20.8242 21.3542 21.785 22.1384 22.4304 22.6734 22.877 23.0487 13.4586 6.605 1.3205 1.3243 1.3298 1.3377 1.349 1.3655 1.3896 1.4257 1.481 1.5676 1.6903 1.9514 2.3152 3.3342 3.9789 3.9321 4.5254 4.9108 5.2375 11.6474 14.723 23.649 27.95 35.6845 35.684 35.2175 34.6812 34.922 34.1037 38.4488 36.7732 32.8776 30.0287 31.2818 41.8394 25.8003 19.5212 19.7164 23.666 27.2579 29.3252
24.2211 23.9995 23.69 23.259 22.6584 21.816 20.618 18.8973 16.5126 13.7575 11.9496 12.1536 13.6501 15.4847 17.1464 18.3749 19.3108 20.0491 20.6482 21.1428 21.5554 21.902 22.1947 22.4432 16.0439 8.9224 7.1121 1.3461 1.3535 1.3634 1.3766 1.3945 1.419 1.4531 1.5013 2.5956 2.664 2.7744 2.9441 4.523 4.6453 4.8544 5.216 5.7628 6.2297 10.2244 12.6036 20.3764 27.2901 32.6738 35.8335 35.2643 34.6339 33.854 32.2465 30.3317 39.9619 41.8744 32.5847 28.6775 26.2171 26.2111 22.0023 17.4361 17.7731 20.1577 24.4246 28.2726
23.4598 23.1239 22.68 22.0916 21.309 20.2648 18.8727 17.0438 14.7475 12.0921 9.4624 8.9885 12.0641 15.067 16.8199 18.0446 18.8929 19.5838 20.1688 20.6707 21.1026 21.4748 21.7957 22.0727 16.0757 9.1611 7.3577 6.1968 1.3808 1.3943 1.4118 1.4347 2.6785 2.7111 2.7608 2.8346 4.9425 5.0761 5.2496 5.4736 5.812 6.31 6.9521 7.5074 9.5806 10.7861 13.0872 20.5287 29.167 33.6175 36.1262 35.69 33.9501 32.7979 32.8012 31.5948 43.5814 47.5029 39.6867 28.5452 23.866 19.841 17.292 15.1311 15.8207 17.5391 21.6431 27.0084
22.8011 22.3858 21.8558 21.178 20.3096 19.1971 17.7751 15.9603 13.6015 10.2646 5.1557 3.2239 12.5711 16.7372 17.7454 18.2442 18.8774 19.3978 19.8956 20.3563 20.7734 21.1457 21.4754 21.7661 16.1099 9.9971 7.5972 6.4868 3.58 3.5962 3.6207 3.6564 3.7075 5.0946 5.1841 5.3105 5.4867 5.7297 6.0425 6.4757 7.0843 7.8544 8.5438 9.3696 9.6378 10.7442 15.1713 20.1435 29.1538 35.1672 36.287 36.2903 34.7823 33.4361 36.6174 43.5578 43.7126 41.7942 34.0501 29.0725 24.8338 18.8826 15.1774 13.3957 12.8309 14.1596 19.0499 23.5393
22.2538 21.7933 21.2233 20.5179 19.6472 18.5776 17.273 15.6898 13.7506 11.2839 8.2863 11.6485 23.0529 20.8505 19.4016 18.9567 19.1156 19.4079 19.7805 20.1713 20.5507 20.9047 21.2282 21.5201 16.1448 10.1848 7.8246 6.7749 3.7275 3.7631 5.1725 5.2291 5.3056 5.4088 5.5474 5.7332 5.9822 6.3168 6.7417 7.3243 8.0914 8.9756 9.6194 8.8368 9.1802 10.665 14.4941 22.4836 28.5175 35.2384 37.0016 36.9608 37.5756 38.9433 41.9311 43.9864 37.1024 34.3897 31.6378 26.2189 24.3717 18.278 11.9665 11.0485 10.6835 14.9781 16.997 21.7463
21.8173 21.3416 20.7697 20.0856 19.2744 18.3261 17.2442 16.0623 14.8944 14.1329 15.2812 21.9108 25.8376 22.6591 20.4571 19.5421 19.2775 19.505 19.762 20.079 20.4117 20.7373 21.0447 21.329 16.1782 10.3515 9.7 9.3122 5.2573 5.3061 5.3691 5.4506 5.556 5.6924 5.8694 6.0993 6.3988 6.7896 7.2713 7.9096 8.7095 9.6368 11.0675 12.6501 11.1348 11.8453 16.4466 21.8995 27.5899 38.6636 38.6594 39.0985 40.5824 42.4512 41.1799 39.7619 37.327 32.4171 29.4063 23.6261 22.5089 14.604 9.8846 9.9103 10.0949 13.1344 15.1469 20.837
21.4837 21.016 20.4701 19.8394 19.1228 18.3311 17.4992 16.711 16.157 16.2515 17.719 20.6467 22.3545 21.6289 20.4676 19.7576 19.4693 19.6044 19.787 20.0446 20.3333 20.6278 20.9143 21.1854 16.2082 10.4944 9.8621 9.581 5.4036 5.4681 5.5489 5.6503 5.7778 5.9383 6.141 6.3972 6.7213 7.1185 7.6143 8.2301 8.9649 10.8562 11.3155 11.7722 11.5967 13.0122 17.9642 23.2891 28.9016 39.765 40.2464 42.1164 43.4504 43.7405 42.5475 39.4656 34.8272 30.7569 27.0245 22.1686 23.2378 12.4211 8.2499 7.993 8.1028 9.5294 17.3079 19.338
21.2404 20.7966 20.2934 19.732 19.1209 18.4831 17.8659 17.3581 17.1131 17.355 18.2617 19.5732 20.4446 20.4621 20.0699 19.7171 19.5413 19.5248 19.8241 20.043 20.2962 20.562 20.8265 21.0816 16.233 10.6118 12.1471 11.3647 5.5377 5.6149 5.7094 5.8253 5.9677 6.143 6.3589 6.6247 6.9508 7.3326 7.7961 8.3427 10.7311 11.0215 11.3099 11.5398 12.9781 16.1194 19.5483 24.211 29.2076 41.7017 42.1315 43.2852 43.4837 43.9963 43.0128 40.756 33.717 31.8232 26.8066 23.3403 22.1863 12.8968 7.9742 6.6954 6.2951 6.6673 8.9729 20.6853
21.0725 20.662 20.2091 19.7201 19.2086 18.7011 18.2422 17.9014 17.7727 17.9502 18.4498 19.1023 19.5992 19.7714 19.715 19.6072 19.5524 19.5769 19.8632 20.0601 20.2874 20.5285 20.7722 16.9821 17.7817 12.5239 12.206 11.4241 10.6147 5.7451 5.8492 5.9744 6.1251 6.3068 6.5253 6.7871 7.0989 7.4476 7.8586 8.3199 10.9391 11.1786 11.417 11.6625 14.2012 18.2354 21.3336 25.3397 29.6725 42.0883 42.822 42.887 42.9529 42.8774 41.6396 39.0441 34.6206 30.5791 26.1242 25.4124 22.262 9.565 9.0898 5.4076 5.2947 6.7574 9.3195 11.4835
20.9653 20.5919 20.1904 19.7692 19.3434 18.9373 18.5866 18.3384 18.2442 18.3393 18.6079 18.9594 19.2642 19.4425 19.5088 19.5278 19.5557 19.619 19.7214 20.0902 20.2985 20.5194 20.7442 17.8243 17.7477 13.0546 11.8732 11.4736 10.7563 5.8583 5.9681 6.098 6.2515 6.4326 6.6456 6.8944 7.1734 7.4897 7.843 10.9323 11.1426 11.367 11.6106 14.6765 18.3885 20.2806 23.0194 26.416 36.471 42.6848 42.6952 42.6843 42.6072 41.2886 39.6529 35.901 33.6387 30.9475 25.8269 25.7891 22.5463 8.4713 5.9951 3.9325 3.4116 6.7689 9.0821 13.0936
20.9051 20.5692 20.2159 19.8544 19.4986 19.1685 18.8905 18.6944 18.6076 18.6426 18.7836 18.9826 19.1785 19.3296 19.4313 19.5054 19.5781 19.6665 19.7768 20.1316 20.3252 20.529 20.7369 17.7954 17.7168 13.05 12.8141 11.5136 10.8825 5.9548 6.0671 6.1977 6.3495 6.5251 6.7272 6.9577 7.2054 7.4822 10.9609 11.1448 11.3487 11.5752 15.2608 15.7966 20.2953 22.0682 24.4548 28.6084 37.7014 42.5679 41.5927 41.5079 40.8962 39.1965 38.3286 37.4958 33.713 30.201 27.5222 26.8313 26.7604 5.1246 4.7421 2.9867 2.5608 4.1897 7.088 13.4465
20.8806 20.5802 20.2702 19.9592 19.6593 19.3859 19.1575 18.993 18.9072 18.9044 18.9736 19.0888 19.2185 19.339 19.4426 19.5348 19.6266 19.7268 19.8401 19.9666 20.3645 20.5535 17.8305 17.7679 17.6885 13.0357 12.8091 11.5447 10.9936 10.4474 6.1475 6.276 6.4228 6.5895 6.7776 6.9874 7.2039 11.0071 11.1669 11.3479 11.5521 15.8161 16.2072 20.7731 21.9252 23.4714 26.8107 28.7701 41.9007 41.3818 40.6389 40.4285 39.3374 38.228 38.1318 38.4936 36.5288 30.0426 28.664 27.4443 26.662 7.4387 2.7304 1.7776 1.6503 3.6978 5.5728 8.259
20.8824 20.6144 20.3422 20.0734 19.8177 19.587 19.394 19.2509 19.166 19.141 19.1689 19.2351 19.3224 19.4164 19.5099 19.6028 19.6985 19.801 19.9125 20.0334 20.4147 20.59 17.8047 17.7418 13.233 13.0137 12.7981 11.5677 11.0901 10.5673 6.2113 6.3355 6.4751 6.6311 6.8037 6.9926 7.1797 11.2001 11.359 11.5397 11.7456 16.6099 21.397 21.6201 23.6443 25.3335 26.6589 35.4064 40.6141 40.5019 39.113 39.0098 38.1107 37.9445 38.2227 38.3961 37.3617 32.7544 28.7903 27.1439 26.3022 21.3311 2.0509 1.5458 1.7629 2.8108 5.1494 7.3703
20.9033 20.6643 20.4246 20.1907 19.9704 19.7724 19.6058 19.4786 19.3959 19.3586 19.3623 19.3987 19.4577 19.5302 19.6106 19.6966 19.7884 19.8871 19.9935 20.1072 20.2274 17.8293 17.7799 17.7175 13.1917 12.9858 12.7822 11.5834 11.2883 10.6741 6.2606 6.379 6.5102 6.6544 6.8115 6.9701 11.2394 11.3782 11.5369 11.7177 16.9735 17.3304 22.0873 23.2391 24.4609 25.9928 27.7963 34.8802 39.3877 39.0578 38.2499 38.258 38.2658 38.2663 38.221 37.335 37.2236 33.2848 28.9304 25.9458 25.442 25.3131 10.6483 1.8453 1.847 2.3007 4.3972 6.3874
20.9378 20.7243 20.5124 20.3074 20.1156 19.9434 19.7975 19.6831 19.6038 19.5601 19.5495 19.5671 19.6067 19.6624 19.7297 19.806 19.8904 19.9822 20.0812 20.1868 20.298 17.8056 17.7569 17.6952 13.1458 12.9537 12.7627 11.593 11.316 10.7687 10.363 6.4091 6.5313 6.6637 6.8058 11.2816 11.403 11.542 11.7003 16.5931 17.9666 22.5654 23.5745 24.4973 25.6632 25.9453 27.5588 38.2181 38.2196 38.2204 38.2195 38.2146 38.2007 38.0133 37.952 37.256 36.8116 35.4174 30.5315 26.3562 24.1906 24.9338 16.2576 1.9476 1.9119 2.1797 4.2204 5.7315
20.9817 20.7905 20.6023 20.4215 20.2529 20.1016 19.9723 19.8688 19.7936 19.7472 19.7282 19.7337 19.7596 19.8021 19.8577 19.9241 19.9995 20.0831 20.1738 20.2708 20.373 17.7842 17.7361 17.6753 13.0972 12.9187 12.7406 11.5974 11.3379 10.8519 10.4627 6.4283 6.5413 6.6623 11.3247 11.4311 11.553 11.6916 16.8993 18.2913 23.3864 23.9283 24.6403 24.5079 25.6101 26.9006 33.4499 38.2053 38.2036 38.2001 38.1932 38.0043 38.2961 38.2654 37.5732 37.6119 37.6916 37.4275 34.0761 29.2792 24.955 24.6637 17.3306 6.3192 2.7712 2.6427 2.8745 5.2989
21.032 20.8603 20.6924 20.5318 20.3825 20.2483 20.1328 20.0387 19.968 19.9211 19.8973 19.8948 19.911 19.9432 19.9888 20.0457 20.1122 20.1871 20.2692 20.3576 17.8025 17.7654 17.7177 17.658 13.0474 12.8823 12.7167 11.5974 11.3549 10.9249 10.5522 6.4386 6.5427 6.6529 11.4612 11.5683 12.0774 12.3141 18.5725 18.1227 24.2686 23.8343 24.5534 25.429 26.4615 33.1202 38.1962 38.3342 38.3363 38.3348 38.3333 38.3311 38.3608 38.3863 38.0713 38.189 38.3403 37.1553 33.8737 31.9051 29.9088 25.5444 22.2444 14.7262 4.6761 3.733 3.129 3.787
21.0865 20.9317 20.7812 20.6378 20.5047 20.3848 20.2809 20.1951 20.1289 20.0828 20.0565 20.0487 20.0579 20.082 20.1191 20.1675 20.2257 20.2922 20.366 20.4459 17.7865 17.7493 17.7019 13.1476 12.9978 12.8453 12.6917 11.5939 11.3676 10.9886 10.6323 10.324 6.5375 11.4922 11.975 12.1615 12.3788 17.9959 18.3306 23.5935 24.0611 24.7097 25.4335 26.446 33.0344 38.34 38.3397 38.3411 38.3428 38.7125 38.6136 38.6219 38.636 38.6617 38.7142 38.8361 38.8849 39.0323 34.8636 31.6311 30.3059 27.1208 21.4177 18.1925 10.4777 7.3315 4.9631 3.7502
21.1434 21.0034 20.8679 20.7392 20.6198 20.5121 20.4181 20.3397 20.2779 20.2333 20.2058 20.1946 20.1986 20.2164 20.2465 20.2875 20.338 20.3967 20.4626 20.5346 17.7734 17.7357 17.6886 13.0866 12.949 12.8084 12.6663 11.5876 11.3765 11.1793 10.7038 10.4066 11.9143 12.0633 12.2355 12.4347 18.2142 18.51 23.9594 24.493 25.0186 25.6526 26.4021 27.2688 33.5151 38.8575 38.8578 38.8581 38.6166 38.6228 38.6318 38.645 38.6654 38.6976 38.932 38.961 38.7185 38.5609 36.4223 34.7307 29.4251 27.5146 24.1541 19.3062 12.9178 6.7887 4.4179 2.9084
21.2015 21.0746 20.9521 20.836 20.7283 20.631 20.5457 20.4738 20.4163 20.3736 20.3458 20.3323 20.3325 20.3454 20.3696 20.4042 20.4478 20.4995 20.5582 17.7929 17.7627 17.7246 17.6777 13.0282 12.9018 12.7722 12.6409 11.5791 11.3823 11.1975 10.7675 10.4816 12.1418 12.3008 12.4834 18.5265 18.8163 24.4073 24.7768 25.2256 25.7621 26.393 27.1217 33.6088 38.8574 38.8577 38.616 38.6205 38.8755 38.879 38.8837 38.8902 39.0391 39.0319 39.0161 38.9787 38.7139 38.4407 37.9338 35.5498 31.7655 29.1019 24.8168 21.0006 16.2383 8.5413 3.4764 1.9309
21.2601 21.1446 21.0334 20.9282 20.8307 20.7424 20.6646 20.5985 20.545 20.5044 20.4768 20.462 20.4594 20.4683 20.4877 20.5167 20.5544 20.5998 20.6519 17.7856 17.7543 17.7157 17.6692 12.9727 12.8566 12.7372 12.6159 11.569 11.3855 11.2124 10.8242 10.5495 12.3583 12.5258 18.7471 19.012 24.7 25.0225 25.4098 25.8686 26.4744 26.9366 33.556 38.8572 38.8719 38.8733 38.8751 38.8773 38.8803 39.0394 39.0369 39.033 39.0267 39.0164 38.7506 38.7434 38.7414 38.5935 38.6585 36.5724 33.5255 28.4125 26.6082 21.9412 17.9212 14.2586 6.8785 0.994
21.3184 21.2129 21.1117 21.016 20.9273 20.8468 20.7757 20.7149 20.665 20.6265 20.5996 20.5839 20.5792 20.585 20.6004 20.6248 20.6573 20.697 20.7432 17.7802 17.7479 17.7089 17.6628 12.9204 12.8136 12.7035 12.5914 11.5575 11.3865 11.2243 10.8744 10.611 12.5631 18.9375 19.1802 25.0136 25.3062 25.6538 26.0622 26.5747 27.1529 33.5114 38.8721 38.8732 38.8746 38.8762 39.0399 39.0386 39.0369 39.0345 39.0311 39.0263 38.7522 38.7493 38.7455 38.8165 38.8243 38.6171 38.1427 36.6793 35.6411 30.1349 26.6861 24.6239 20.4286 14.641 10.0713 5.4865
21.376 21.2794 21.1869 21.0996 21.0186 20.945 20.8798 20.8236 20.7772 20.7408 20.7146 20.6985 20.6923 20.6956 20.7077 20.7281 20.756 20.7908 17.8041 17.7763 17.7431 17.704 12.9653 12.8713 12.7729 12.6713 12.5677 11.5452 11.3857 11.2337 10.9187 16.9245 19.1025 19.3254 25.2554 25.5172 25.8249 26.2334 26.6749 27.1795 33.6714 38.8731 39.0408 39.0402 39.0395 39.0385 39.0372 39.0356 39.0335 39.0307 38.8073 38.8408 38.8444 38.8509 38.8629 38.8853 38.6504 38.298 38.0753 37.0118 34.8018 32.9934 30.1758 25.2984 22.0746 17.3556 8.6385 6.7776
21.4325 21.3439 21.2591 21.1792 21.105 21.0374 20.9774 20.9254 20.8821 20.8478 20.8225 20.8063 20.799 20.8002 20.8096 20.8266 20.8506 20.8811 17.8027 17.7738 17.7399 17.7007 12.9119 12.8253 12.7345 12.6407 12.5449 11.5323 11.3833 11.2409 17.2772 19.2462 25.2634 25.4639 25.7366 26.0312 26.3715 26.7615 27.2047 33.6669 39.0405 39.04 39.0394 39.0386 39.0376 39.0365 39.035 39.1261 38.8478 38.8505 38.8546 38.8606 38.8699 38.8845 38.9089 38.6614 38.755 38.9346 39.132 39.1899 38.289 40.9979 30.8447 27.6619 22.9655 17.7765 9.8658 7.8867
21.4878 21.4062 21.3283 21.2548 21.1867 21.1245 21.0691 21.021 20.9805 20.9481 20.9238 20.9077 20.8996 20.8992 20.9063 20.9204 20.941 20.9677 17.8023 17.7724 17.738 17.6988 12.8623 12.7823 12.6985 12.6118 12.5231 11.5189 11.3798 11.2462 17.4918 19.5256 25.6894 25.9198 26.1855 26.49 26.8365 27.2281 33.6652 39.0399 39.0394 39.0388 39.038 39.0371 39.131 39.1309 38.8519 38.8545 38.858 38.8627 38.8692 38.8785 38.892 39.319 39.3519 38.7645 38.876 38.5076 39.2718 39.5157 39.8762 37.8476 32.8994 29.5587 24.9532 17.2346 12.183 8.4491
21.5417 21.4664 21.3946 21.3269 21.2641 21.2068 21.1555 21.1108 21.073 21.0423 21.0191 21.0031 20.9944 20.9928 20.998 21.0097 21.0273 17.8298 17.8027 17.772 17.7373 17.6982 12.8163 12.7422 12.6647 12.5844 12.5022 11.5054 11.3753 11.2499 23.6079 25.8672 26.0777 26.3183 26.5785 26.8932 27.2471 33.6314 39.0395 39.039 39.1336 39.1336 39.1336 39.1337 38.8538 38.856 38.8589 38.8625 38.8672 38.8734 38.8818 39.321 39.3398 39.1552 38.7466 38.8199 38.2484 39.0357 38.8935 39.0697 38.67 36.9585 35.0414 29.914 25.6231 20.8214 12.9094 8.8375
21.594 21.5244 21.4581 21.3956 21.3375 21.2845 21.2369 21.1953 21.1599 21.131 21.1087 21.093 21.084 21.0814 21.085 21.0945 21.1097 17.8316 17.8036 17.7724 17.7375 12.8383 12.7736 12.7049 12.6331 12.5586 12.4823 11.4918 11.37 17.1659 23.8762 26.2029 26.4259 26.678 26.9615 27.2786 33.6414 39.135 39.1351 39.1352 39.1353 39.1355 38.8546 38.8565 38.8588 38.8616 38.8652 38.8696 38.8752 39.4073 39.3331 39.3497 39.1552 38.7244 38.7751 38.4507 38.9121 39.0125 38.7219 38.7818 38.1084 36.3949 35.441 30.0169 28.9434 22.6897 13.2264 9.0336
21.6449 21.5803 21.5189 21.461 21.4072 21.358 21.3138 21.275 21.2418 21.2145 21.1932 21.1779 21.1686 21.1652 21.1674 21.1752 21.1881 17.8338 17.8051 17.7735 17.7386 12.7941 12.7339 12.6702 12.6035 12.5343 12.4634 17.0379 17.1723 24.0356 26.3306 26.5348 26.7641 27.0206 27.3062 33.6897 39.1361 39.1363 39.1365 39.1367 38.8549 38.8565 38.8584 38.8606 38.8634 38.8666 39.3988 39.4061 39.3287 39.3397 39.354 39.1515 38.7037 38.7405 38.376 38.8389 38.9031 38.5413 38.589 38.0566 37.8252 36.2071 35.5773 32.819 29.272 22.9358 14.3978 9.1221
