normal_rasters/0772100001002376.ascii
ncols 66 
nrows 83 
xllcorner 158330.541992
yllcorner 383898.953003
cellsize 0.25
nodata_value -9999 
[rows 0 to 31 of 83, columns 0 to 65 of 66]
11.7417 11.7315 11.1586 11.6016 11.5836 10.081 10.4863 11.8872 13.7948 13.8168 18.0613 18.1194 18.1917 18.2808 18.3888 18.5738 18.6798 18.7966 19.2581 19.3029 19.3112 18.0443 16.7265 16.5844 16.7052 16.5489 16.4147 15.76 15.6429 11.0546 11.031 11.0106 9.6814 9.6648 8.5153 8.4944 6.3948 6.3628 6.3366 3.6591 3.65 2.9934 2.983 1.95 1.722 1.7167 1.2298 1.9181 3.3818 4.9867 5.0068 5.262 5.2742 5.285 5.7125 5.7188 10.6212 10.6758 15.577 15.6382 15.6947 19.9977 20.0417 20.082 24.0976 24.1231
11.7531 11.743 11.7312 11.1574 11.5966 11.5753 10.08 10.0836 12.4846 13.7925 13.8193 18.0506 18.1226 18.2147 18.3308 18.5512 18.6762 18.8198 19.3251 19.3899 19.4206 18.1631 16.8195 16.9158 16.6964 16.5021 16.3439 15.6641 11.0759 11.0451 11.0185 9.6916 9.6704 8.5208 8.4952 6.3943 6.3563 6.3256 3.6572 3.6467 2.9899 2.9782 1.9491 1.7206 1.1269 1.2293 1.9175 3.3808 4.9847 5.0074 5.2634 5.277 5.2889 5.7161 5.7231 5.7292 10.6715 15.5658 15.6328 15.6944 19.9952 20.043 20.0867 22.7566 24.1261 26.6204
12.1864 11.7563 11.7446 11.7307 11.1556 11.59 11.5644 10.0787 10.083 12.4803 13.7889 13.822 18.0346 18.126 18.247 18.4046 18.6546 18.8314 19.4016 19.4985 19.5681 17.161 16.9426 16.9586 16.6673 16.4237 15.7121 15.5328 11.0665 11.0308 9.7061 9.6781 8.5277 8.4955 6.3932 6.3471 3.6696 3.6545 3.6423 2.9853 2.3871 1.9479 1.7188 1.1264 1.0868 1.9167 3.3327 4.9822 5.1334 5.2649 5.2801 5.2934 5.7202 5.7279 5.7345 10.6666 15.5531 15.6268 15.6943 19.9927 20.0447 20.0921 22.7596 24.1296 26.6206 26.6191
12.1944 12.1902 11.7602 11.7465 11.7299 11.1528 11.5812 9.7684 10.0771 10.0824 12.4741 13.7829 13.8248 18.0098 18.1293 18.2951 18.5201 18.8186 19.0835 19.6347 19.7559 17.4247 17.1125 16.9974 16.5984 16.2929 15.5392 11.1004 11.0508 9.7278 9.6891 8.5367 8.495 6.3909 6.3339 3.669 3.6508 3.4786 2.979 2.385 1.9463 1.7164 1.1258 1.0864 1.9157 3.3301 3.3526 5.133 5.2664 5.2836 5.2986 5.7248 5.7333 6.1145 10.661 15.5386 15.62 15.6942 19.9899 20.0469 20.0985 22.7631 24.1337 26.6208 26.6192 26.6178
12.2032 12.1996 12.1949 11.7651 11.7487 11.1719 11.1487 11.5692 9.9936 9.9936 10.0815 12.4647 13.7728 13.8274 17.9692 18.1315 18.3718 18.758 19.1046 19.8025 20.0236 19.5887 17.3597 17.0124 16.4492 16.0762 15.2888 11.0852 9.7627 9.7061 8.549 8.4929 6.3865 4.6769 3.6678 3.6453 3.4715 2.3895 1.9497 1.9441 1.2262 1.1249 1.0859 1.9143 3.3266 3.3527 5.2454 5.2679 5.2875 5.7192 5.7302 5.7396 6.1204 10.6546 15.5219 15.6122 15.6943 19.9871 20.0496 20.1061 22.7673 24.1385 26.621 26.6193 26.6178 26.6164
12.2129 12.2101 12.2061 12.2007 11.7713 11.7516 11.1717 11.1424 11.5521 9.9931 9.9932 10.0805 10.6971 13.755 13.8291 17.8984 18.1299 18.5056 19.0466 19.9893 20.4304 20.1488 17.7443 16.9402 16.1368 15.2044 11.1479 11.0551 9.7347 8.5664 8.4871 6.3779 4.6734 3.6655 3.6371 3.4613 2.3872 1.9477 1.9411 1.2256 1.1236 1.0852 1.9125 3.3219 3.3525 5.2433 5.2694 5.292 5.7239 5.7364 5.747 6.1273 10.6473 15.5025 15.6034 15.6946 19.9841 20.0532 20.1151 22.7724 22.7996 26.6212 26.6194 26.6177 26.6162 26.6797
17.3506 12.2215 12.2187 12.2144 12.2082 11.7795 11.7551 11.1705 11.1326 11.5272 10.2467 9.993 10.0791 10.7024 13.722 13.827 17.764 18.1148 18.806 19.695 21.063 21.3235 18.3786 16.5726 15.5059 11.2643 11.122 9.7894 9.6787 7.4349 4.7168 4.6677 3.6611 3.4691 3.4463 2.3839 1.9446 1.9369 1.2247 1.1219 1.0843 1.9101 1.996 3.3519 5.2402 5.2709 5.2971 5.7294 5.7437 5.7556 6.1353 10.6387 15.4799 15.5932 15.6951 19.981 20.0576 20.1259 22.7784 22.8081 26.6215 26.6195 26.6177 26.616 26.3256 26.3277
17.358 17.3376 17.3145 12.2298 12.2252 12.2181 11.7905 11.7598 11.1677 11.1168 11.4894 10.2425 9.9934 10.4358 10.9455 13.6546 13.8119 17.4802 18.0497 19.224 21.7625 24.676 19.1991 15.2912 12.0714 11.2854 9.9194 9.6945 8.5903 4.7337 4.658 4.0805 3.451 3.4231 2.379 1.9398 1.2313 1.2233 0.9134 0.9248 1.9068 1.9956 3.3508 5.2357 5.2722 5.3031 5.7359 5.7523 5.7658 6.1449 11.42 15.4533 15.5813 15.6959 19.9779 20.0633 20.1388 22.7858 22.8182 26.6218 26.6195 26.6176 26.6158 26.3256 26.3279 24.5465
17.3677 17.347 17.3232 17.2957 11.9835 12.2396 12.2316 12.2186 11.766 11.1616 11.0902 10.0122 10.2368 9.9955 10.5768 10.9391 13.499 13.743 14.319 17.8213 19.9783 29.0389 16.603 11.3699 11.5293 10.3771 9.7251 8.4979 4.7694 4.6387 4.0545 3.4193 2.3957 1.9481 1.932 1.2312 1.221 0.9121 0.9243 1.902 1.9947 3.5876 5.2292 5.2733 5.7203 5.7436 5.7627 6.1453 6.1565 11.398 12.0041 15.5674 15.6971 19.9747 20.0704 20.1546 22.7947 22.8302 26.622 26.6196 26.6174 26.6155 26.3256 26.3281 24.548 24.5486
17.3801 17.3595 17.3354 17.3072 17.274 17.2351 12.0011 12.2508 12.2345 11.2262 11.1487 11.0429 10.2159 10.2287 10.2543 10.1473 10.918 11.7999 13.3744 14.4758 16.8554 13.4202 13.0439 11.4319 14.0831 9.1888 8.1431 4.8617 4.0986 3.9975 2.9882 2.4363 1.9395 1.919 1.2306 1.0137 0.7524 0.9233 1.1072 1.9932 3.5816 5.2194 5.2737 5.725 5.753 5.7754 6.158 6.1706 7.463 11.9899 15.5509 15.6989 19.9715 20.0796 22.76 22.8056 22.8448 26.6223 26.6196 26.6172 26.615 26.3255 26.3283 24.5498 24.5504 26.1431
17.3952 17.3752 17.3516 17.3234 17.2897 17.2492 17.2003 12.0277 12.2797 12.2592 11.2405 11.1208 10.9524 10.1933 10.2167 10.2728 10.7417 10.8759 11.456 12.0287 13.4043 11.0928 10.261 10.0734 9.7329 6.7901 5.132 4.0303 3.0238 2.9358 2.4182 1.9215 1.8955 1.229 1.0116 0.7521 0.9218 1.1064 1.9904 3.5721 3.629 5.2731 5.7304 5.7644 5.7912 6.1738 6.188 7.4687 11.9724 15.5311 15.7014 19.9684 20.0915 22.768 22.819 22.8624 26.6226 26.6195 26.6169 26.6145 26.3254 26.3286 24.5516 24.5523 26.1445 25.4795
17.4132 17.3945 17.3721 17.3449 17.3118 17.2711 17.2206 17.1579 12.0671 12.0646 12.3007 11.2599 11.0553 10.765 10.145 10.2005 10.2791 10.3998 9.5995 11.1344 10.5719 10.1347 8.7706 8.8986 7.986 4.7904 3.8641 2.9535 2.5075 2.3671 1.88 1.4496 1.0318 0.8514 0.7514 0.9191 1.1052 1.9856 3.5566 3.6312 5.2706 5.7364 5.7788 5.8112 6.194 7.4702 7.4758 11.9506 15.5069 19.8005 19.9656 20.1068 22.7784 22.8358 22.8839 26.6229 26.6194 26.6164 26.6139 26.3253 26.3288 24.5537 24.5545 26.1461 25.481 25.4815
17.4341 17.4174 17.3971 17.3721 17.3411 17.302 17.2524 17.1885 17.1058 16.9982 12.1341 12.1074 11.2824 10.8832 9.5553 9.9979 10.2474 10.7395 10.3703 10.1274 9.9216 8.3708 7.4134 7.0532 5.6385 4.0476 3.638 2.2856 2.1718 1.4529 1.4382 1.0878 0.8487 0.7495 0.9141 1.0208 1.9767 2.0332 4.1493 5.6716 5.7432 5.7974 6.1944 6.2203 7.4785 7.4849 11.9229 15.4769 19.7697 19.9634 20.127 22.792 22.857 26.6278 26.6232 26.6193 26.6159 26.613 26.3251 26.3291 24.5559 24.5568 26.1479 25.4827 25.4832 27.3879
17.4576 17.4436 17.4264 17.405 17.3778 17.3428 17.2971 17.2362 17.1539 17.0413 16.8865 12.2743 12.2306 11.2582 10.0851 9.9074 9.5396 10.3547 8.9818 8.4186 7.8985 7.5263 6.6808 5.1219 4.2928 3.3152 1.9938 1.4693 1.4521 1.2936 1.0946 0.8415 0.7442 0.7414 1.0198 1.9595 2.0428 4.1373 5.653 5.7506 5.8221 6.2246 6.6521 7.4894 7.4967 11.887 12.0782 19.7319 19.9622 20.1537 22.81 22.8841 26.6289 26.6235 26.619 26.6152 26.612 26.3248 26.3293 24.5583 24.5594 26.15 25.4845 25.4851 27.388 27.2074
17.4835 17.4729 17.4598 17.4431 17.4217 17.3935 17.3556 17.3031 17.2286 17.1198 16.9588 16.7272 12.6648 12.537 11.0677 10.4695 9.8052 7.5934 7.7712 7.0711 6.4246 6.1477 4.6669 4.0897 4.222 1.9482 1.853 1.5461 1.3574 1.1153 0.8191 0.7257 0.7901 1.0172 1.9237 2.6605 4.1119 4.236 5.7582 5.8563 6.6597 7.4912 7.5045 7.5127 11.8394 12.073 16.1896 19.9627 20.1896 22.8342 22.9192 26.6302 26.6238 26.6185 26.6142 26.6106 26.3243 24.5595 24.561 24.5623 25.4857 25.4865 23.7954 27.388 27.2641 27.2036
17.5111 17.5046 17.4963 17.4856 17.4717 17.4529 17.4269 17.3893 17.3326 17.2418 17.0869 16.8083 16.3851 17.035 10.475 14.7371 11.1466 9.0376 7.6096 6.0928 5.4501 4.6717 4.7054 2.753 1.8105 1.8033 1.8582 1.5473 1.1212 0.7016 0.6371 0.6452 1.0096 1.0612 2.6359 4.0559 4.2562 5.7644 5.906 6.6952 7.5096 7.526 7.535 11.7745 12.0654 16.161 19.9662 20.2388 22.8673 22.9654 26.6317 26.624 26.6178 26.6128 26.6088 26.3237 24.5622 24.564 24.5655 25.4878 25.4888 23.8001 27.388 27.2639 27.2032 26.79
17.5399 17.5377 17.5348 17.531 17.5258 17.5185 17.5079 17.4914 17.4642 17.4147 17.312 17.0493 16.0865 11.4278 22.5784 14.8805 9.441 8.351 7.3968 5.4808 4.6887 4.2795 2.8767 1.7878 1.6864 1.7515 1.7031 1.3823 0.9282 0.5578 0.5678 0.9838 1.1148 2.0773 3.1258 4.2821 5.7655 6.6694 6.7482 7.5381 7.5584 7.5676 7.57 12.0674 16.1212 19.9748 20.3074 22.9134 23.0272 26.3938 26.6243 26.6168 26.611 26.6064 26.3228 24.5651 24.5674 24.5691 25.4901 25.4913 23.8055 27.388 27.2637 27.2028 26.7899 26.7883
18.033 18.0279 18.0218 18.0143 18.0049 17.9929 17.9773 17.9561 17.9264 17.8832 17.8186 17.7337 17.8223 23.3701 23.2455 16.3774 9.1169 8.635 7.4198 6.23 4.3347 3.6416 2.6007 1.7425 1.3333 1.0174 0.9924 0.905 0.7305 0.6431 0.851 1.2927 1.8105 3.1437 4.4985 5.2387 6.7008 6.8339 7.5865 7.6112 7.6177 7.6152 12.7152 16.0644 19.9923 20.4056 22.9793 23.1119 26.4025 26.6244 26.6153 26.6084 26.6032 26.2281 24.5683 24.5711 24.5732 25.4927 23.8109 23.8116 27.3879 27.2633 27.2022 26.7897 24.6578 24.6516
18.031 18.026 18.0201 18.0131 18.0047 17.9945 17.9822 17.9674 17.9503 17.9337 17.9287 22.0567 22.6519 23.3495 20.3554 17.8795 9.4767 8.9499 7.9474 6.9252 6.1026 3.2848 2.5962 1.6953 0.8639 0.7966 0.8088 0.8073 0.6098 1.0374 1.3321 1.7485 2.9557 4.6213 5.5738 6.7444 7.2788 7.6785 7.7048 8.3561 8.3574 12.5988 14.0625 20.0257 20.5498 23.0763 23.2303 26.4144 26.3856 26.613 26.6047 26.5987 26.2276 24.5718 24.5752 24.5779 25.4956 23.8178 23.8186 27.3878 27.2628 26.7917 26.7895 24.6587 24.6517 24.6455
18.0294 18.0245 18.019 18.0125 18.0051 17.9965 17.9868 17.9764 17.9664 22.487 22.5832 22.8684 23.2926 23.4472 18.1563 13.8437 9.0067 9.0093 8.5518 6.614 6.1959 3.6136 2.1596 1.2956 0.9258 0.8831 0.6418 0.9508 1.2244 1.593 1.7469 2.818 3.7307 5.582 6.7132 7.4698 7.875 8.4176 8.4184 8.4071 13.3499 14.0755 21.3307 26.1463 23.2234 26.4785 26.4316 26.3936 26.6096 26.5993 26.2209 26.2268 24.5755 24.5799 24.5833 25.4989 23.8259 25.5273 27.2038 27.2622 26.7917 26.7892 24.6596 24.6517 24.1502 24.1463
18.028 18.0234 18.0181 18.0121 18.0054 17.9979 22.7012 22.7042 22.7347 22.816 22.9863 23.2733 22.9609 17.8857 16.7296 9.347 8.8543 8.4513 8.041 7.452 4.6753 3.3346 2.6443 1.1253 1.1794 0.8181 0.6263 1.3535 1.809 2.5621 2.6959 3.4974 4.5403 6.0088 8.2075 8.187 8.6418 8.5603 9.8401 10.0239 14.0941 23.5738 26.2891 26.6162 26.5231 26.4574 26.4052 26.3652 26.5912 26.2178 26.2254 24.5794 24.5852 24.5896 23.8335 23.8353 25.5308 27.2038 27.3827 26.7917 26.7888 24.6607 24.6517 24.1504 24.1459 22.0937
18.027 18.0225 18.0174 18.0118 22.8286 22.83 22.8435 22.8766 22.9412 23.0545 23.2743 23.3036 17.7275 17.2436 9.4667 8.7887 8.5002 7.5534 7.302 6.772 4.9518 3.6943 2.3272 1.5352 1.5544 1.3 1.7277 2.4552 2.9143 3.057 3.3579 4.3092 5.2132 6.1907 8.0219 9.1063 8.8975 9.8189 10.1175 15.8312 25.7552 26.6061 30.1394 26.9455 26.4987 26.4234 26.3675 26.5785 26.2128 26.2233 24.5833 24.5912 24.5971 23.8444 23.8466 25.5347 27.2036 27.3814 26.7917 26.7883 24.6618 24.6515 24.1505 24.1455 22.0941 22.0846
18.0261 18.0217 22.9107 22.9115 22.9187 22.9353 22.966 23.0173 23.098 23.28 23.2997 17.6344 17.3741 9.5083 9.354 7.6337 7.2834 6.7843 4.9593 4.2974 3.5735 3.4162 1.7198 1.5822 1.4812 2.0091 1.9216 3.0383 3.8569 3.9352 4.8586 4.8289 7.0013 8.3921 9.5606 9.4129 10.3355 12.0873 20.7209 26.3437 32.1575 29.9544 27.066 26.5702 26.4537 26.3711 26.3152 26.2044 26.2195 24.5867 24.598 24.6062 23.8577 23.8602 25.539 27.2033 27.3795 26.9699 26.7877 24.6632 24.6512 24.1506 22.1069 22.0945 22.0837 20.4313
22.9679 22.9685 22.9727 22.9822 22.9992 23.0264 23.0677 23.1281 23.2132 23.2998 22.8163 17.4129 16.2846 9.429 7.5464 7.2418 7.0139 5.0636 4.0531 3.0387 2.2506 2.7792 2.6998 1.5381 1.4261 2.2384 2.4853 3.9683 4.367 4.8364 5.7126 6.1956 7.7679 8.7423 10.5616 11.6101 14.1398 25.7045 25.9 35.2477 30.0755 29.8241 27.019 26.509 26.3769 26.2942 26.1897 26.2128 24.4988 24.6055 22.9943 23.874 23.877 25.5437 27.2025 26.971 26.9693 26.6632 24.6648 24.6507 24.1505 22.109 22.0947 22.0824 20.4292 20.4099
23.0132 23.0192 23.0294 23.0455 23.0692 23.1031 23.1499 23.2132 23.3017 22.869 17.4232 16.396 9.4661 7.727 7.4181 6.0779 5.1013 4.1615 3.1662 2.2964 1.9268 1.9899 2.6726 1.9192 1.7777 2.4265 3.5339 4.1459 5.3855 5.84 7.032 7.2659 8.8199 10.4259 12.3594 15.0263 17.7401 28.5197 36.0502 34.107 29.8034 27.2841 26.6214 26.3881 26.2553 26.1608 24.5465 24.5089 24.6137 23.0342 23.8946 23.8981 25.6715 27.2011 26.9704 26.9683 26.6635 24.6667 24.1597 24.1503 22.1113 22.0946 22.0804 20.4261 19.7172 18.0722
23.0552 23.0655 23.0803 23.101 23.1291 23.1665 23.2153 23.3042 22.9008 17.4232 16.4527 9.4855 7.7229 6.1884 6.0558 5.1253 4.9251 2.9625 2.2103 2.0077 1.8223 1.4553 2.4073 2.3175 2.1922 2.5564 4.1245 4.8351 7.1776 7.3258 7.8854 8.1373 9.7174 12.3914 14.4426 17.4792 26.297 37.8999 36.4235 29.6868 28.5566 27.0787 26.4171 26.1776 26.0961 24.5689 24.5204 24.7733 23.092 23.9215 23.9255 25.6769 25.4786 26.9693 26.9669 26.6639 24.6689 24.1611 24.1498 22.1138 22.0941 22.0777 20.4216 19.7148 18.0713 18.0543
23.0937 23.1072 23.1253 23.149 23.1795 23.2183 23.3069 22.9209 17.4194 16.4834 9.4962 7.7235 6.1499 6.052 5.1468 3.7569 2.9642 2.2397 2.0767 2.3114 2.3346 2.7001 3.9353 4.1247 4.1307 3.3618 5.416 6.8199 8.0236 8.9049 9.0067 10.3422 11.8804 14.1901 16.2657 18.5992 32.7744 44.3915 37.2201 29.2055 27.3341 26.3058 25.855 25.9185 24.5842 24.5339 24.8027 23.1824 23.9582 23.9621 25.682 25.4747 26.9676 26.9647 26.6646 24.6715 24.1627 24.1489 22.1166 22.093 22.0737 19.7313 18.0925 18.0695 18.0501 17.6902
23.1285 23.1444 23.1646 23.19 23.2215 18.3017 17.9815 17.4142 17.1013 8.4747 7.7256 6.13 6.0553 4.4437 4.3217 2.9721 2.5657 2.5805 2.502 2.5955 2.8985 3.8191 4.9068 5.1539 4.9457 5.6099 7.4489 8.3294 9.0369 10.0933 10.7234 11.6735 14.1318 16.9048 20.6078 25.5597 33.1788 35.4856 30.1592 28.976 26.9429 25.7377 25.1435 24.5136 24.7363 24.859 24.3732 24.3171 25.7037 25.6848 25.3203 26.9646 26.9612 26.6658 24.6748 24.1645 24.1473 22.1195 22.0909 22.0679 19.7297 18.0933 18.0665 18.0443 17.6802 17.6548
23.1597 23.1771 23.1986 23.2247 18.2916 23.3162 17.4087 17.1072 15.3351 8.4135 6.1197 6.0612 4.4307 4.3386 3.6879 2.6597 2.6622 2.5834 2.6601 3.3452 3.6389 4.269 5.3856 5.5367 6.8431 8.1009 8.4232 9.1813 9.4645 10.8992 11.7579 13.8156 19.4606 19.8963 30.3415 37.5821 35.2722 29.8156 27.3555 25.3942 23.6792 24.2728 24.4149 24.9522 24.7753 24.5602 24.4307 25.6995 25.6805 25.3278 25.0747 26.9554 26.6678 24.6789 24.1665 24.1443 22.1226 22.0869 19.7614 19.7265 18.093 18.0615 17.7747 17.6667 17.6384 15.3177
23.1874 23.2058 23.2278 18.2842 23.3176 17.1752 17.1105 15.3571 8.4232 6.1146 6.0677 4.4249 4.3531 3.7774 2.6971 2.7058 2.6195 2.6763 3.351 3.5755 4.0607 5.0985 6.6158 6.9895 9.3545 10.1244 12.1883 10.9717 10.9703 12.8607 14.2932 18.9322 27.3309 26.9194 33.0795 42.2374 28.1282 26.3959 22.1283 21.8433 21.8344 21.9661 25.0213 27.3842 25.087 24.6648 24.283 23.7507 25.329 25.0725 25.083 26.6715 24.2109 24.1686 24.139 22.1255 22.0801 19.7642 19.7209 18.091 17.7946 17.7607 17.6481 15.406 15.3178 15.3184
23.2119 23.2307 18.2784 23.319 17.166 17.1122 15.3729 6.8981 6.825 4.7237 4.423 4.3656 3.8114 2.7202 2.7303 2.6365 2.6787 3.3503 3.4407 4.5718 5.0183 6.8707 7.7827 9.8189 11.7416 11.9999 12.5886 12.5493 13.4196 14.939 17.7077 21.4413 26.7177 28.1862 28.9102 30.189 23.4864 20.765 20.4851 19.1586 19.3154 20.9083 21.4539 22.259 25.0592 24.4362 23.9548 25.2951 23.19 25.1392 26.6789 24.2346 24.1702 24.1291 22.1275 22.0678 19.766 19.711 18.0859 17.7793 17.7402 17.6223 15.4049 15.3179 15.2828 15.2821
23.2334 18.274 18.2974 17.9429 17.113 15.3847 6.8957 6.8347 4.7177 4.4232 3.8645 3.8358 2.7348 2.7446 2.9986 2.6768 3.3487 3.4104 4.5776 6.216 6.9863 8.8381 9.7674 12.1631 12.4918 13.369 17.0558 18.7869 23.6624 21.9586 25.5017 33.5199 26.1141 26.712 24.8998 19.7365 20.306 18.4473 18.3844 16.9878 17.4411 18.5864 19.7964 24.0599 19.9535 24.3584 23.3796 23.3183 25.2485 25.1161 24.2793 24.1696 24.1091 22.1269 22.0455 19.7653 18.1521 17.8169 17.7545 17.7096 15.4073 15.4032 15.3179 15.2826 15.2819 15.4057
