normal_rasters/0772100000297414.ascii
ncols 116 
nrows 104 
xllcorner 159425.432983
yllcorner 383936.121002
cellsize 0.25
nodata_value -9999 
[rows 31 to 61 of 104, columns 0 to 70 of 116]
22.2278 22.2505 22.2753 22.2994 22.3121 22.2756 22.0384 20.9817 20.7228 20.4692 20.0892 18.9746 18.2551 17.6356 16.8289 16.375 14.8265 14.2161 13.5922 12.9337 12.0114 12.2984 11.6992 10.9457 11.1321 10.8598 10.6423 9.9916 9.6497 10.2694 9.8606 9.0116 8.6611 8.3165 7.283 6.8449 6.0054 5.9335 4.9469 4.5036 4.5214 3.7488 3.2395 2.6 3.0371 2.7123 2.5001 2.9054 3.0045 2.7572 2.6851 2.9657 2.8915 3.1583 3.3804 3.5673 3.6654 3.565 3.4363 3.2226 2.8086 2.4809 2.1303 1.8122 1.4162 1.1416 1.1934 1.1981 1.1789 1.1674 1.0941
22.0536 22.0279 21.9823 21.9004 21.7485 19.8539 19.6022 18.9882 17.8059 18.4424 19.1024 17.4188 16.6433 15.2129 15.1555 14.9218 13.8902 13.0574 11.6795 11.8998 11.3714 10.3691 10.0483 10.5382 9.615 9.6685 9.3985 8.6143 8.9967 9.0695 8.4747 8.2309 7.883 7.0201 6.4316 6.0568 5.4511 5.0572 4.2402 3.8967 2.9669 2.9104 2.7531 2.3208 1.9031 2.3316 2.1713 2.1359 2.0491 2.2287 2.304 2.4648 2.5468 2.6955 2.8586 3.1989 3.282 3.363 3.2688 2.9961 2.6732 2.2731 1.9264 1.6973 1.3836 1.1794 1.0743 1.076 1.1376 1.0104 0.9872
21.8901 19.1275 19.0885 19.0189 17.3512 17.3273 17.2447 17.0761 16.9522 17.1461 16.7303 15.3159 15.0261 14.3514 13.0372 12.337 12.355 11.3132 10.7835 10.1589 9.6565 9.3442 9.51 9.1858 8.6356 8.6739 8.2666 8.1421 8.3593 8.0868 8.1364 7.6572 6.7981 6.2695 5.6014 4.8703 4.5425 3.6899 3.151 3.1785 2.3421 2.173 2.1076 1.8762 1.6647 1.464 1.634 1.7127 1.7407 1.7201 2.0044 1.8811 2.0387 2.1643 2.4724 2.8598 2.8702 3.092 2.9006 2.7414 2.5796 2.2607 1.7669 1.5313 1.3163 1.0522 0.9915 1.0052 0.9591 0.9675 0.8829
15.9277 15.9263 15.9195 15.9024 15.8653 14.493 15.5928 15.2904 14.1833 14.2762 15.3906 13.5782 12.8483 12.5472 11.477 11.3442 9.64 9.2146 9.7571 9.0367 8.6868 8.885 8.6342 8.4376 8.2495 7.9468 7.8065 7.4865 7.4236 7.7309 6.8909 6.2069 6.1738 5.7694 4.7408 4.5159 4.0297 3.2095 2.4708 2.13 2.011 1.4869 1.3891 1.3249 1.1703 1.1443 1.1526 1.3692 1.6191 1.5575 1.5577 1.7078 1.8332 2.0319 2.1412 2.606 2.8105 2.807 2.781 2.6299 2.415 2.1957 2.0107 1.4358 1.1643 0.9879 0.868 0.8729 0.8672 0.7735 0.7136
13.1147 12.5524 12.5348 11.6656 11.6677 11.6781 11.7137 11.8364 12.3602 12.6624 13.1058 12.1249 11.0768 10.6959 10.3363 9.0937 8.2598 7.9228 7.8051 8.3596 8.1872 7.813 8.0149 8.1738 7.9163 7.3718 7.3586 7.1671 7.0164 6.634 6.0684 5.9608 5.2147 4.5569 4.5015 4.0387 3.0228 2.6743 2.1388 1.9363 1.4566 1.2704 1.2836 1.0385 0.9263 0.9986 0.961 0.9986 1.1237 1.2531 1.3846 1.4704 1.599 1.7945 2.1249 2.2763 2.6428 2.8095 2.5972 2.4663 2.3829 2.0254 1.7009 1.5028 1.1021 0.7898 0.7039 0.6954 0.7244 0.659 0.5073
15.3728 11.624 11.6082 11.5859 11.5524 11.4982 11.4029 11.2189 10.883 11.5447 11.2868 11.1952 10.1458 9.6488 8.9953 7.8334 7.7819 7.144 7.2238 7.0475 7.3616 7.3693 7.3945 6.7832 6.9603 7.211 6.3622 6.0079 6.1333 5.5925 5.6688 4.9317 4.2622 4.1409 3.6623 2.8798 2.8781 2.323 2.0614 1.4601 1.2359 1.2287 0.7897 0.6417 0.7154 0.6247 0.6788 0.841 0.9917 1.1245 1.1673 1.2394 1.5453 1.7366 1.9568 2.2372 2.4738 2.6188 2.6236 2.4894 2.3255 1.8258 1.679 1.5066 1.0056 0.7333 0.5656 0.5496 0.5381 0.4564 0.4135
15.6633 15.5905 15.3248 15.1483 14.8538 13.8287 13.0107 10.7856 11.0216 10.2724 10.0785 9.9814 9.1266 8.0587 8.273 7.2724 6.6916 6.4769 6.5871 6.1925 6.4886 6.5755 6.0834 6.5422 6.4921 5.7908 5.7775 5.5982 5.0767 5.1174 4.934 4.0755 3.9417 3.4916 2.891 2.6986 2.3057 2.0291 1.7826 1.3727 1.0063 0.7561 0.6925 0.5453 0.4234 0.486 0.5665 0.6268 0.7111 1.0081 1.1003 1.1898 1.4334 1.7051 1.9282 2.1721 2.3385 2.4976 2.4757 2.4197 2.1216 1.8442 1.5572 1.0994 0.9813 0.7283 0.2735 0.1959 0.3596 0.3698 0.2873
18.538 18.4935 18.4266 18.3211 18.1447 15.1494 14.8917 14.1081 10.3727 9.0374 9.5309 8.8079 7.9974 7.3096 6.9198 6.2794 6.2522 6.1799 5.8452 5.7667 5.6999 5.5176 5.5477 5.2955 5.5301 4.7447 4.8114 4.59 4.5879 4.7067 4.4778 3.9147 3.4454 3.0385 2.7494 2.3189 1.9661 1.6884 1.3715 1.1588 0.7895 0.5341 0.3994 0.2134 0.3215 0.3952 0.4481 0.518 0.7731 0.9247 1.0493 1.1694 1.4026 1.5223 1.9861 2.239 2.343 2.4604 2.4205 2.2905 2.0445 1.8642 1.4299 1.1626 0.9623 0.5148 0.2987 0.1891 0.3041 0.3135 0.2918
18.505 18.5875 18.7091 18.8984 19.2146 19.7938 20.9857 23.3127 24.7629 13.2238 8.8534 8.2553 7.5803 6.8653 6.2708 6.0479 5.6988 5.5201 5.4593 5.0839 4.6641 5.109 4.346 4.1526 4.156 4.5652 4.4595 4.1827 4.1961 4.1959 3.7348 3.4244 3.0201 2.7099 2.4004 2.0203 1.8267 1.4755 1.209 1.113 0.8803 0.3902 0.2846 0.2333 0.3664 0.4516 0.5644 0.654 0.8968 0.9806 1.2277 1.3262 1.3899 1.7338 1.9919 2.2046 2.3666 2.4797 2.4415 2.2539 2.1232 1.8962 1.497 1.0869 0.7074 0.4217 0.2706 0.2208 0.3336 0.3928 0.3384
18.0995 20.0941 20.1908 20.3407 20.593 21.0694 22.1313 24.522 31.3475 19.5668 9.6434 7.8004 7.2113 6.5661 6.2477 5.3443 4.7586 3.743 3.3208 3.9359 3.7925 3.5221 3.6198 3.9414 3.9869 3.5108 3.4821 3.8008 3.848 3.5688 3.5237 3.2255 2.9033 2.6626 2.2664 1.9018 1.8085 1.4522 1.0713 1.0878 0.9382 0.6797 0.291 0.4384 0.6512 0.6562 0.8061 0.8979 0.9578 1.1615 1.3647 1.4901 1.6542 1.9662 2.1558 2.3226 2.4989 2.5219 2.5402 2.3829 2.1312 1.9165 1.708 1.2508 0.934 0.6144 0.4988 0.4594 0.4082 0.4323 0.5277
19.8265 19.8335 19.8405 19.8459 19.8449 19.8215 19.7165 19.3281 19.6741 18.7819 9.8375 7.0548 6.7568 5.6523 5.1364 4.3328 4.0983 3.2572 2.5075 2.3822 2.916 2.8522 3.077 3.1476 3.4411 2.926 3.2961 3.4157 3.3357 3.4047 3.3983 3.159 2.8278 2.4376 2.1987 1.9738 1.5956 1.3369 1.1647 0.9884 0.9382 0.9684 0.9833 0.6491 0.7994 0.9941 0.9781 1.1064 1.1534 1.3636 1.5077 1.761 1.7933 2.0228 2.3548 2.5136 2.618 2.5771 2.5445 2.3777 2.2381 1.9205 1.5776 1.315 1.0562 0.6964 0.5721 0.555 0.5962 0.6266 0.6871
16.7084 16.6572 16.5772 14.2405 14.1721 14.0502 13.7966 13.1453 11.6608 12.9598 6.9376 5.4936 4.6509 4.0473 3.9332 3.4472 3.1947 3.1557 2.4307 2.3243 2.4402 2.502 2.8839 2.7171 2.8379 3.1761 3.0315 3.0087 3.1684 3.3519 3.367 3.1165 2.9434 2.4778 2.3188 2.0879 1.6965 1.572 1.3286 1.2262 1.0353 1.1517 1.2739 1.1523 1.0044 1.0641 1.1702 1.3837 1.5046 1.6597 1.8161 1.9995 2.1727 2.2312 2.605 2.7046 2.7751 2.7305 2.6561 2.487 2.1613 2.0233 1.6453 1.374 1.1242 0.8609 0.7678 0.7032 0.7851 0.7721 0.752
14.2059 14.1507 10.0087 9.982 9.9398 9.8654 9.7093 9.2574 7.3817 6.8692 5.2861 4.7711 3.6347 3.3369 3.6755 3.217 2.7521 2.6289 1.9119 1.9422 1.9483 1.5976 1.6897 2.1628 2.3761 2.5527 2.7892 2.88 3.0456 3.1137 3.3747 3.2249 2.9226 2.7925 2.4288 2.1877 1.8698 1.7515 1.5983 1.347 1.4124 1.2602 1.2773 1.3578 1.4019 1.5077 1.586 1.6273 1.8888 1.8884 2.0227 2.3348 2.3798 2.4666 2.7645 2.8796 2.9947 2.8874 2.6532 2.5515 2.3089 2.0429 1.6491 1.4234 1.2042 1.0541 0.9432 1.0046 0.9941 0.9786 1.0099
8.3844 8.3796 8.3737 8.3664 8.3572 8.3453 8.3312 7.8821 8.1138 9.1631 5.1942 4.991 4.076 4.1453 3.7201 2.7221 2.3385 2.0132 1.7146 1.4605 1.4913 1.4567 1.4837 1.7212 2.1993 2.412 2.6318 2.7463 2.8791 3.136 3.2053 3.1663 3.0809 2.8286 2.6525 2.3768 2.0793 1.8612 1.7752 1.7639 1.5267 1.4841 1.5831 1.636 1.7068 1.8222 1.8208 2.0631 2.0053 2.1105 2.4928 2.5154 2.538 2.9195 3.0079 3.0805 3.1133 3.0135 2.9269 2.6844 2.5031 2.1185 1.699 1.4464 1.3508 1.3349 1.1801 1.1206 1.1795 1.1571 1.0936
7.6127 7.6084 7.6024 7.5937 7.5808 6.8768 6.9056 6.9274 6.6641 5.8832 4.5108 4.5795 3.9264 3.4425 2.8985 2.2797 2.0557 1.4664 1.2093 0.9576 0.7089 0.9226 1.428 1.594 1.8307 2.1117 2.545 2.6779 2.6588 3.0485 3.2581 3.251 3.133 2.9903 2.8047 2.4598 2.3492 2.2368 2.0038 1.9116 1.8679 1.986 1.8195 2.0059 2.152 2.0331 2.19 2.2583 2.3854 2.5497 2.5421 2.7613 3.0659 3.0949 3.1708 3.2598 3.204 3.0744 2.9648 2.7454 2.4247 2.1735 1.884 1.6717 1.4715 1.3311 1.3118 1.298 1.2325 1.1984 1.188
6.6987 6.6933 6.6845 6.6693 6.6415 6.5864 5.9429 5.6407 4.8314 3.9612 4.0379 4.1314 3.5966 2.8055 2.5476 2.0642 1.7041 1.1269 0.9842 0.7318 0.6315 0.7294 1.1855 1.4502 1.6684 1.8677 2.2558 2.4419 2.6254 2.7404 3.1253 3.2741 3.2603 3.143 3.0785 2.783 2.535 2.5108 2.3325 2.2486 2.2642 2.2171 2.2001 2.3194 2.2855 2.4013 2.4308 2.52 2.8476 2.7675 2.8973 3.1634 3.1843 3.3575 3.4309 3.4131 3.4278 3.1661 2.9148 2.8151 2.5355 2.0034 1.8959 1.7523 1.6743 1.3539 1.3214 1.3276 1.3049 1.2467 1.2034
6.6225 6.5979 6.5619 6.5067 5.8783 4.0672 4.024 3.7226 3.7327 3.7708 3.9533 3.5025 2.8447 2.5307 2.3126 1.621 1.3075 0.9326 0.8354 0.7684 0.6682 0.8447 0.9867 1.217 1.3401 1.7174 1.9558 2.1684 2.4647 2.7488 2.8997 3.1701 3.2635 3.2447 3.1671 3.0204 2.857 2.6697 2.6418 2.7228 2.5541 2.5499 2.5918 2.5894 2.6396 2.7031 2.8486 2.8438 2.9341 3.1581 3.3818 3.3814 3.4692 3.6061 3.4798 3.4414 3.4269 3.1717 2.9391 2.7126 2.3982 2.0851 1.9981 1.7721 1.6576 1.5467 1.3747 1.3336 1.3408 1.3256 1.2885
5.8229 5.7792 4.0556 4.0352 4.0039 3.563 3.5558 3.5391 3.55 3.5611 3.5243 2.9457 2.7536 2.2811 1.6734 1.4469 1.2051 0.8893 0.8428 0.7461 0.6497 0.7037 0.9539 1.0807 1.2257 1.2663 1.6934 2.0074 2.181 2.4894 2.8089 2.994 3.2056 3.3451 3.2862 3.3627 3.3125 3.1596 2.938 2.866 2.9067 2.9316 2.8744 2.791 3.0365 2.9496 3.0664 3.2905 3.2505 3.3644 3.622 3.6507 3.6222 3.5227 3.5116 3.3711 3.2927 3.1397 2.861 2.5237 2.2745 2.0591 1.8699 1.7242 1.5854 1.5463 1.4475 1.3834 1.428 1.3807 1.3206
3.9203 3.9144 3.9053 3.8908 3.8671 3.3809 3.3625 3.3287 3.1733 3.0619 3.3565 2.8899 2.4636 2.2723 1.6829 1.5587 1.0907 0.9442 0.8161 0.7359 0.6539 0.6392 0.7421 0.8276 1.0436 1.0871 1.1358 1.6882 2.1179 2.427 2.6353 2.9665 3.1719 3.3862 3.5025 3.4055 3.3746 3.4115 3.3755 3.3185 3.2459 3.2335 3.2566 3.3424 3.2885 3.4204 3.421 3.585 3.6146 3.7137 3.7713 3.7191 3.6569 3.6279 3.4836 3.3285 3.216 3.047 2.7506 2.3668 2.1849 2.0097 1.7668 1.5672 1.5514 1.5186 1.3593 1.3696 1.4359 1.4595 1.3896
3.7456 3.7479 3.7499 3.7511 3.7503 3.7441 3.7236 3.6631 3.4603 2.9549 2.8892 2.7206 2.3357 2.1377 1.6391 1.3056 1.1034 0.9565 0.8346 0.748 0.7132 0.6252 0.6092 0.634 0.6982 0.8908 1.0721 1.2251 1.5471 2.1052 2.5207 2.8304 3.1592 3.4025 3.5675 3.5003 3.5278 3.6107 3.5501 3.5729 3.5432 3.4643 3.4961 3.6001 3.6052 3.5878 3.7481 3.8668 3.8293 3.8674 3.7469 3.671 3.6333 3.4827 3.3467 3.2725 3.0623 2.8058 2.6301 2.3579 2.0836 1.8486 1.7565 1.6441 1.5067 1.4692 1.4662 1.4286 1.4417 1.4532 1.5488
3.7691 3.7775 3.7885 3.8034 3.8243 3.7518 3.8031 3.881 3.9478 3.6207 2.8003 2.5844 2.2873 1.9899 1.7109 1.3963 1.131 0.9755 0.854 0.7467 0.7146 0.6266 0.5205 0.6014 0.693 0.7418 0.9854 1.1459 1.3578 1.6196 2.2655 2.6345 2.9175 2.9655 3.3583 3.5168 3.5543 3.6562 3.7131 3.7284 3.7389 3.7247 3.662 3.7107 3.8127 3.8675 3.9174 3.86 3.7823 3.7858 3.7107 3.6043 3.5065 3.4027 3.3566 3.0971 2.8972 2.7757 2.4024 2.1787 2.083 1.8052 1.7428 1.659 1.5732 1.489 1.5639 1.5513 1.4745 1.5244 1.5608
3.5287 3.5445 3.5656 3.5954 3.7197 3.772 3.8615 4.0426 4.5363 5.2943 3.2107 2.5148 2.2632 2.0053 1.712 1.2328 1.0911 1.0077 0.8904 0.8292 0.6547 0.6289 0.5589 0.4828 0.6929 0.7814 0.7095 0.9804 1.3824 1.5297 1.6824 2.1319 2.6506 2.9153 2.9433 3.3418 3.5822 3.6649 3.6218 3.7529 3.7877 3.7895 3.7892 3.7102 3.7906 3.8367 3.6635 3.6004 3.7135 3.643 3.5724 3.4586 3.3966 3.3648 3.123 2.9161 2.7766 2.5983 2.207 2.1397 1.8677 1.6904 1.6047 1.5828 1.5852 1.5836 1.5784 1.5722 1.5736 1.6593 1.6087
3.4945 3.5061 3.5214 3.5422 3.5722 3.618 3.6944 3.8342 4.0785 3.6861 2.7877 2.2569 1.8958 1.7129 1.4635 1.2111 1.1241 1.0091 0.9221 0.8884 0.7565 0.5883 0.5552 0.4736 0.5629 0.7456 0.836 0.9136 1.3074 1.4473 1.6854 1.8153 2.1602 2.4239 2.715 2.9024 3.33 3.4116 3.4801 3.523 3.5227 3.601 3.6329 3.6148 3.6511 3.6119 3.628 3.5612 3.4443 3.5005 3.4186 3.313 3.2944 3.1892 2.9874 2.8994 2.4899 2.2794 2.2332 1.7768 1.6894 1.631 1.4628 1.5486 1.5785 1.5839 1.5853 1.6618 1.6698 1.6725 1.6734
3.4731 3.4789 3.4857 3.4934 3.5017 3.5092 3.5095 3.4797 3.3558 2.5897 2.5707 2.0468 1.8278 1.6208 1.5024 1.1802 1.0528 1.0102 0.9009 0.8021 0.699 0.5742 0.5625 0.5615 0.617 0.6488 0.8703 0.8953 1.0111 1.1379 1.368 1.7585 1.9053 2.0904 2.4708 2.6679 2.8386 3.1934 3.1127 3.2053 3.3736 3.3973 3.4897 3.4958 3.3538 3.3383 3.5243 3.3613 3.3331 3.3156 3.2093 3.1244 3.0359 2.9391 2.8637 2.4872 2.3023 2.2158 1.9223 1.7074 1.6726 1.4735 1.4443 1.5382 1.5649 1.5553 1.5789 1.6403 1.5929 1.5799 1.5912
3.5281 3.5267 3.5233 3.4946 3.5112 3.475 3.4014 3.2472 2.6557 2.334 2.9697 2.6024 1.9228 1.6442 1.86 1.3381 1.0928 0.9419 0.8252 0.7477 0.6587 0.6065 0.6244 0.6425 0.696 0.7013 0.7897 0.9693 1.0601 1.0876 1.1998 1.2982 1.682 1.8067 1.8546 2.2481 2.5035 2.7639 2.8097 2.8806 3.1956 3.1171 3.1319 3.2123 3.2852 3.2137 3.1908 3.2762 3.2576 3.1051 2.9448 2.9512 2.7165 2.5759 2.4813 2.2967 2.0447 1.7832 1.7074 1.5829 1.3532 1.3263 1.3738 1.4666 1.5162 1.4519 1.5394 1.5652 1.5608 1.5569 1.5671
3.4772 3.4669 3.4513 3.4275 3.3906 3.3324 2.807 2.7862 2.7531 2.7754 3.0174 2.9261 2.4482 2.3235 1.7616 1.463 1.1706 0.8691 0.7509 0.7495 0.6941 0.7526 0.7167 0.752 0.8356 0.8484 0.793 0.8867 0.9115 0.9952 1.1697 1.1973 1.2713 1.5515 1.7513 1.8236 1.8632 2.153 2.4883 2.5612 2.5773 2.771 2.885 2.8195 2.9333 2.9665 3.0686 3.0388 2.9253 2.7977 2.7558 2.5173 2.3779 2.2003 2.2446 2.003 1.7369 1.5982 1.3968 1.3089 1.2855 1.2643 1.2627 1.3385 1.3675 1.4608 1.5185 1.5632 1.5484 1.5557 1.555
3.3852 3.3678 2.818 2.816 2.8138 2.8117 2.8108 2.815 2.8381 2.9037 3.0338 2.654 2.4497 2.1833 1.8378 1.6422 1.195 0.7535 0.7065 0.7045 0.7811 0.8523 0.8184 0.8827 0.8891 0.9572 0.9116 0.8729 0.9052 0.8772 1.0786 1.1655 1.0876 1.1323 1.2171 1.5746 1.7154 1.7835 1.7575 2.3595 2.4494 2.4215 2.6018 2.6342 2.7111 2.6971 2.7022 2.8102 2.5096 2.468 2.2565 2.1475 2.0708 1.9619 1.5869 1.671 1.4442 1.3686 1.1856 1.2075 1.2008 1.1993 1.1927 1.2099 1.2965 1.3298 1.4917 1.4651 1.4944 1.4993 1.5356
2.8243 2.8236 2.823 2.8226 2.8228 2.8244 2.8287 2.759 2.787 2.7903 2.8132 2.4756 2.2577 1.8414 1.7657 1.5262 1.0596 0.7971 0.7421 0.7811 0.7972 0.8573 0.9441 0.9687 0.9402 0.9632 0.8772 0.8481 0.869 0.7625 0.7789 0.8429 1.0737 1.178 1.1185 1.2473 1.3614 1.4955 1.5619 1.518 2.0223 2.077 2.1489 2.213 2.3361 2.3035 2.3045 2.2113 2.2508 2.1438 1.8333 1.9062 1.7024 1.6912 1.4172 1.1846 1.1624 1.146 1.068 1.1142 1.1776 1.0872 1.0948 1.1715 1.1885 1.1876 1.2178 1.4322 1.4824 1.4365 1.4841
2.5325 2.5357 2.54 2.5789 2.5836 2.5906 2.489 2.5058 2.5989 2.5569 2.5406 2.1183 1.8651 1.7155 1.5008 1.3176 1.2425 1.0828 0.7498 0.8052 0.8448 0.8632 0.9663 0.9504 0.7857 0.7834 0.8013 0.7834 0.7467 0.7569 0.7584 0.7962 0.8705 1.0265 1.0214 1.094 1.1585 1.3191 1.4254 1.4602 1.3652 1.6359 1.6896 1.9038 1.6979 1.9004 1.8836 1.8468 1.6993 1.494 1.635 1.3516 1.1087 0.9629 1.1531 0.9525 0.8883 0.963 0.9862 0.9839 1.0395 1.0846 1.0759 1.0707 1.102 1.1441 1.0864 1.1478 1.2358 1.3076 1.2556
2.2283 2.3226 2.3222 2.3216 2.3206 2.1019 2.101 2.0957 2.0763 2.0103 1.8114 1.6991 1.6565 1.4763 1.2563 1.2691 1.2086 1.0352 0.7834 0.7661 0.8007 0.7788 0.7004 0.7338 0.7358 0.7099 0.6673 0.7183 0.7299 0.7566 0.7582 0.7585 0.7736 0.8113 0.9668 0.9981 1.1195 1.1167 1.1698 1.2238 1.1877 1.3742 1.3862 1.4051 1.5725 1.4271 1.3347 1.4627 1.2816 1.168 1.2269 1.0076 0.9186 0.9293 0.8699 0.8964 0.8767 0.87 0.8873 0.8799 0.8871 0.9053 0.863 0.9984 0.9749 0.984 1.0709 1.0843 1.0145 1.0041 0.9803
1.9296 1.9284 1.707 1.7083 1.7106 1.7146 1.7721 1.7732 1.7744 1.7691 1.713 1.5981 1.4754 1.3275 1.2638 1.1281 1.066 0.8819 0.7825 0.7286 0.6674 0.6439 0.6258 0.6646 0.6903 0.6422 0.6462 0.7264 0.6729 0.7585 0.759 0.759 0.7636 0.8039 0.8011 0.8825 0.955 1.0254 1.0328 1.0497 1.1513 1.1329 1.209 1.2503 1.0225 1.1458 1.2048 1.0349 0.9795 0.9637 0.8623 0.8903 0.8675 0.8103 0.8425 0.8199 0.7981 0.7771 0.77 0.8019 0.8244 0.7538 0.7493 0.7974 0.7763 0.8535 0.8589 0.746 0.745 0.712 0.7408
