normal_rasters/0772100001000765.ascii
ncols 77 
nrows 73 
xllcorner 158351.483994
yllcorner 383879.485992
cellsize 0.25
nodata_value -9999 
[rows 31 to 61 of 73, columns 0 to 68 of 77]
22.2987 26.1699 27.5074 27.6582 34.8613 34.9924 35.1823 35.4511 36.8256 37.1558 37.5031 35.3675 32.7972 31.2539 28.0395 27.9559 26.9702 23.0191 22.1494 20.393 18.6981 17.0166 15.38 14.6972 12.6924 12.2621 11.04 10.767 9.9429 9.6799 9.3103 8.2297 7.7074 7.4469 6.9423 6.3326 5.8439 5.3087 4.8054 3.751 3.3304 2.9768 2.1553 1.7672 1.4422 0.7587 0.5367 0.3123 0.258 0.2018 0.2119 0.6263 0.7928 1.4436 1.5242 2.4646 3.6897 3.8029 5.4881 5.5859 7.2687 8.8169 8.8769 8.9253 10.4552 10.4828 11.6505 11.6626 11.6727
26.1914 27.5174 30.3977 34.8758 34.9718 35.1026 35.2774 35.5038 36.8261 35.6191 34.6304 31.9326 30.8399 27.4304 28.1772 28.6514 29.6777 24.5193 21.4757 19.1478 17.6716 16.2133 14.7607 13.0282 12.2482 11.6033 10.6014 10.1496 9.4608 9.1333 8.591 7.8334 7.3879 6.9515 6.7024 5.7818 5.5925 4.8149 4.3123 3.4146 2.9592 2.3925 1.7839 0.9832 0.5744 0.4104 0.1636 0.1704 0.1949 0.2133 0.3095 0.7665 0.8514 1.5318 2.4443 2.8738 3.7974 5.4357 5.5679 7.2232 7.3417 8.8625 8.9253 10.4485 10.4833 11.6479 11.663 11.6751 12.8359
27.5246 30.4072 34.8825 34.9555 35.0506 35.1727 35.3258 36.655 35.2226 33.7893 31.5808 30.8235 27.0854 27.2613 27.5458 28.0167 28.0376 22.2816 20.3672 18.4492 17.0773 15.3987 14.5911 12.8238 11.4154 10.796 10.0024 9.4735 8.9993 8.4505 7.9671 7.6131 6.7582 6.3321 6.0823 5.1625 4.7824 4.0274 3.2624 2.7832 2.1437 1.2474 0.9814 0.3515 0.3347 0.2841 0.1801 0.2094 0.217 0.2969 0.6907 0.8629 1.8993 2.0229 2.879 4.138 4.4565 5.5366 5.6782 7.3134 8.839 8.9235 10.4383 10.4833 11.6442 11.6632 11.6782 12.8321 12.8491
30.4125 34.8852 34.9424 35.0145 35.1043 35.2142 35.0189 34.9852 33.5264 31.3367 30.7956 26.8472 26.9058 26.9688 27.0026 26.8078 22.4207 20.0706 18.5886 17.3232 16.3289 14.9005 13.6442 12.7005 11.03 10.4558 9.6148 9.3813 8.5563 8.4169 7.6279 7.0747 6.2634 6.0109 5.6525 4.7646 4.0822 3.3995 2.4351 1.9478 1.3156 0.9185 0.6213 0.421 0.367 0.4162 0.385 0.2707 0.2595 0.4854 0.8213 1.8261 2.0641 2.8816 3.5343 4.4287 5.4802 5.6834 7.2651 8.7993 8.9179 10.4219 10.4822 11.6387 11.6633 11.6823 12.8273 12.8482 12.8652
30.5438 34.9318 34.9883 35.057 35.1394 34.8764 34.8359 33.3687 31.1792 30.78 26.7014 26.7136 26.7116 26.6701 26.2733 22.7043 19.7858 19.3033 17.9988 16.7384 15.5302 14.2453 13.1092 12.0816 11.1314 9.9668 9.4553 8.592 8.294 7.8378 7.3915 6.5853 6.122 5.6405 5.0852 3.6097 3.1385 2.3957 2.0264 0.9579 0.5735 0.6255 0.4484 0.4772 0.5288 0.4929 0.456 0.4232 0.4676 0.5157 1.5604 2.1704 2.728 3.512 4.3637 4.5774 5.6799 7.1804 8.7282 8.9042 10.3946 10.479 11.6299 11.6632 11.6879 12.821 12.8473 12.8683 12.8848
34.9232 34.9686 35.0227 35.0866 34.7782 34.7376 33.2693 31.0759 30.7722 26.6118 26.6074 26.5895 26.2815 26.1359 22.7198 21.5081 18.8087 17.74 16.8027 15.9936 14.989 13.4394 12.6099 12.1335 10.6939 9.6081 9.1747 8.509 8.0098 7.3939 7.2202 6.1823 5.6711 5.0329 4.6264 2.9987 2.4012 1.0829 0.8528 0.5802 0.4667 0.5234 0.5093 0.5208 0.5424 0.5597 0.5822 0.6269 0.7749 1.0502 2.5248 2.9589 3.459 3.702 4.5868 6.0649 6.3596 8.5924 8.8717 9.0573 10.4713 11.6152 11.6623 11.6958 12.8123 12.8466 12.8731 12.8932 14.2724
34.9532 34.9969 35.0479 34.7083 34.6702 33.2037 31.0064 30.7689 26.5547 26.2907 26.256 26.1955 26.0925 25.9206 21.6091 18.7484 17.6916 16.8662 16.1764 15.4674 13.8995 13.4531 11.9266 11.2401 10.3931 9.7409 8.558 7.839 7.4764 7.1366 6.5394 5.7587 5.2265 4.5003 2.9491 1.6887 1.2638 0.692 0.63 0.4505 0.4995 0.5625 0.5426 0.5671 0.5756 0.6099 0.7667 1.0599 1.091 2.0487 2.6823 3.4178 3.7282 4.6497 5.5282 6.3201 8.3191 8.7933 9.0978 10.4541 11.5888 11.6599 11.7077 12.8 12.8463 12.8806 14.2269 14.2816 19.0837
34.977 35.0185 34.6571 32.5098 33.1588 30.9583 30.7682 26.2555 26.2347 26.2024 26.1528 26.0776 25.9654 20.8204 18.7292 17.6819 17.5692 15.389 15.2206 14.3753 13.692 13.1359 11.8776 11.1602 9.7349 8.6166 8.1809 7.6537 7.1082 6.6372 5.5193 4.527 3.743 3.162 1.9087 1.2797 0.8549 0.6045 0.5295 0.5369 0.621 0.6376 0.5986 0.6418 0.74 0.7868 1.3677 1.3923 2.3278 2.7327 3.3649 3.7399 4.4268 5.1363 6.3561 7.1897 8.5998 9.1389 10.4165 11.5366 11.6534 11.7265 12.7818 12.847 12.8931 14.2266 14.2963 19.0331 19.2879
34.9956 34.6188 32.4547 33.127 30.9242 30.769 26.2187 26.1987 26.1702 26.1298 26.073 25.9941 20.8067 18.7223 17.6795 16.4869 15.2805 15.1866 14.6257 13.233 13.0782 12.1485 11.9189 10.0551 9.3243 8.272 7.8153 7.2171 6.6804 5.8557 4.7331 3.938 2.894 2.1719 1.5449 0.8906 0.6923 0.6199 0.5778 0.6331 0.6462 0.6469 0.6596 0.7509 1.0764 1.5336 1.8223 2.4578 2.7923 3.2006 3.7843 4.145 5.5375 6.1088 7.2013 7.7818 9.3919 10.0674 11.4239 11.6345 11.7586 12.7531 12.8507 12.9152 14.2294 14.321 16.1823 19.2938 24.0585
34.5894 32.4133 33.1038 30.8994 30.7705 26.193 26.1747 26.1499 26.1168 26.0726 21.8738 20.7985 18.7197 17.6791 16.8114 15.2424 15.1856 14.4526 13.5953 12.9997 12.3468 11.9216 10.9727 9.7076 8.7783 7.9817 7.5261 6.8853 6.2801 5.7141 4.4295 3.0876 2.2796 1.5866 1.3232 0.8902 0.6465 0.6269 0.6333 0.6462 0.6473 0.6606 0.7588 0.9823 1.4555 1.9038 2.311 2.7563 3.1938 3.7851 4.2578 5.7061 6.162 7.0849 7.8812 9.1518 9.8744 10.9881 11.5706 11.8135 12.7074 12.8623 12.957 14.239 14.3636 16.182 20.8691 24.0476 24.2254
32.3816 30.9736 30.881 30.7724 26.1746 26.1581 26.1367 26.1091 26.0738 21.8539 20.7935 18.7187 16.8658 16.8066 15.2266 14.5312 13.7426 13.6226 12.4582 12.3313 11.4651 10.7583 9.8849 9.4194 8.5357 7.9224 7.3206 6.8088 5.5996 4.5013 3.7509 3.196 1.7555 1.455 0.963 0.7731 0.6783 0.6406 0.6464 0.6775 0.7438 0.7473 1.0521 1.2601 1.9962 2.362 2.5229 3.2514 3.9358 4.0469 5.6213 6.1785 7.0667 8.2477 8.5127 9.7417 10.8623 11.381 12.0122 12.655 12.8986 13.0432 14.2643 15.1575 15.7139 20.8519 24.0312 24.2729 25.3898
30.9471 30.8671 30.7744 26.1611 26.1463 26.1278 26.1046 26.0758 21.8408 20.7902 20.7278 16.8513 16.0063 15.9428 14.5052 13.7247 13.6435 12.3984 11.5248 11.3997 10.5437 10.2886 9.5268 9.0912 8.7496 8.0316 6.9808 5.9909 4.7684 3.9957 3.3264 2.2232 1.6924 1.0757 0.7687 0.6879 0.7514 0.7191 0.6786 0.7348 0.834 1.1246 1.2029 1.8462 2.4521 3.0633 3.5498 4.0728 4.7062 5.5011 6.483 6.7981 7.8487 8.4781 9.4348 10.2769 11.0771 11.802 12.7176 12.9991 13.4787 14.924 15.2034 15.8004 21.7383 24.0039 25.3181 25.4398 25.5134
30.8565 30.7765 26.151 26.1378 26.1216 26.1019 26.078 21.8319 20.7879 20.7387 16.8427 16.0011 14.5242 14.491 13.7158 13.658 12.3677 11.4714 11.3858 10.4821 9.7326 9.5652 8.8637 8.4973 8.1534 7.7495 6.6311 5.449 4.4483 3.6598 2.7127 1.9307 1.3624 0.8497 0.7882 0.7837 0.7861 0.7908 0.7804 0.8152 1.2128 1.5489 1.9911 2.9926 3.237 3.7618 4.1437 4.9173 5.6418 6.1343 6.409 7.6132 7.9981 9.4133 9.8312 10.3285 11.7437 12.6388 13.1989 13.9123 14.4265 15.3464 16.4693 21.4263 23.9493 25.3319 25.5195 25.6192 32.23
30.7786 26.1433 26.1315 26.1173 26.1004 21.8533 21.8256 20.7864 19.8616 16.8374 15.9982 14.5098 14.483 13.7112 13.6682 12.2739 11.4445 11.3841 10.457 9.6895 9.5859 8.7984 8.6896 8.1285 7.7218 7.1247 6.1252 5.3499 3.7588 3.1093 2.1341 1.6896 1.2509 0.9386 0.8985 0.8383 0.8247 0.846 1.0129 1.435 1.858 2.0535 3.0834 3.187 3.6331 4.3516 4.7418 5.4549 6.178 6.4625 6.9194 8.1426 8.6137 9.8173 10.3591 11.1109 11.9664 13.288 13.9298 15.3538 16.0301 16.6979 18.6725 22.9545 25.3378 25.6612 25.8001 28.8701 32.4474
26.1374 26.1268 26.1143 26.0996 21.8448 21.8211 20.7852 19.8574 17.4048 15.9966 14.5005 14.4785 13.7088 12.2853 12.2572 11.4299 11.3856 10.4455 9.6685 9.6001 8.7789 8.7175 8.0836 7.9356 6.7846 6.3165 5.5329 4.3207 3.5662 2.6816 2.1402 1.3544 1.1623 1.0133 1.0023 0.9378 0.9029 1.0869 1.5309 1.9714 2.1747 2.6004 3.2225 3.7611 4.0287 4.3599 5.1115 5.5459 6.5048 7.4131 8.4442 9.1256 10.0609 10.5055 11.2579 12.4494 13.4817 14.0987 14.9438 16.03 17.1048 18.0983 22.1303 25.2839 25.953 26.1488 29.535 32.4705 35.1852
26.1232 26.1122 26.0993 21.8383 21.8178 19.905 19.8548 17.4043 15.9958 14.4943 13.7287 13.7076 12.2707 11.4467 11.4215 11.3879 9.6918 9.658 9.6101 8.7722 8.7335 8.0561 7.1014 6.2564 6.0001 4.9419 4.2915 4.0102 3.1459 2.2414 1.8464 1.3374 1.3167 1.2727 1.0552 1.1462 1.2151 1.6487 1.8079 2.2412 2.6078 3.2139 3.3023 4.0232 4.4375 5.3415 5.8276 6.9789 7.8881 8.9987 9.4599 10.038 10.7597 11.478 12.4537 13.1487 14.0404 15.0838 16.0437 16.9842 18.3757 19.5509 24.7239 26.649 26.943 29.5836 32.5017 35.2294 37.5492
26.1106 21.8484 21.8332 21.8153 19.8966 19.8533 17.4043 14.5027 14.49 13.7245 13.707 12.261 11.437 11.4165 11.3901 9.6786 9.6525 9.6173 8.7697 8.0816 8.0418 7.0325 6.138 5.9892 4.8977 4.6385 3.8862 3.5077 2.7145 2.0394 1.6124 1.4358 1.4257 1.4236 1.3492 1.4384 1.7644 1.8733 2.2328 2.7579 3.2104 4.107 4.4726 4.8671 5.4288 6.3772 7.5775 8.2986 8.7397 9.6724 10.3694 10.9873 11.4197 12.4345 13.2033 14.2937 14.8712 17.1681 16.7189 18.0657 19.0527 21.141 26.0439 29.428 29.8974 32.5513 35.3229 37.4613 38.3791
21.8427 21.8292 21.8134 19.8903 19.8526 15.6462 14.4981 14.4871 13.7215 13.7068 12.2543 11.4303 11.4134 10.3055 9.6702 9.6495 9.6227 8.7689 8.0636 8.0341 6.9999 6.083 5.988 4.9555 4.7284 3.8235 3.6306 2.9534 2.3411 1.7602 1.6932 1.6131 1.5258 1.4951 1.6275 1.8641 2.0667 2.2565 3.196 3.623 4.2494 4.7976 5.3943 6.0882 6.9672 7.345 8.6869 9.0579 10.0444 10.3046 11.1859 11.5885 12.5516 13.0645 14.1062 14.6649 20.2901 25.1748 19.7107 19.1293 21.529 25.9929 29.6778 31.0674 30.9544 35.5678 37.3309 38.1095 38.4002
21.826 21.812 19.8855 19.8524 15.6406 14.4947 14.485 13.7194 12.8127 12.2497 11.4255 11.4114 10.6217 9.6647 9.6479 9.6269 8.7689 8.0523 8.0296 7.101 6.0546 5.9893 4.967 4.7823 3.7839 3.6703 3.4877 2.7646 2.1782 1.7991 1.7595 1.7254 1.5613 1.6653 2.0552 2.2177 2.5924 3.3426 3.7758 4.374 4.7636 5.7287 6.3463 6.9474 7.7465 8.8038 9.1278 10.1408 10.8527 11.5067 11.8755 12.6211 13.2025 14.1891 15.2872 16.9675 21.4114 25.2168 24.4675 22.8923 27.6033 36.2092 31.3362 34.6984 36.1997 36.5757 37.5127 38.0113 38.5382
19.9076 19.8819 19.8525 15.6363 14.4921 13.7271 13.7178 12.808 12.2464 11.4221 11.4101 10.6183 9.6609 9.6471 9.2304 8.7691 8.0448 8.0269 7.0957 6.0386 5.9912 4.9738 4.8857 3.7608 3.6878 3.5784 2.8406 2.6786 1.8437 1.6721 1.6795 1.7021 1.6339 2.0343 2.4804 3.138 3.489 3.9271 4.3241 4.8849 5.5876 6.5179 7.4101 8.1019 8.9225 9.9245 10.4251 10.9223 11.5643 12.1388 12.7525 13.5355 14.071 14.9533 15.9759 20.4708 22.6466 20.3849 23.4831 27.1311 32.8073 39.0108 42.4737 41.9408 38.7432 37.5544 36.5243 38.2142 40.1804
19.879 19.8529 15.633 14.4901 13.7248 13.205 12.8045 11.4284 11.4196 10.6359 10.6161 9.6583 9.6468 9.2309 8.0509 8.0397 7.1248 7.0928 6.029 5.9932 4.978 4.9145 3.7469 3.6966 3.6255 2.868 2.7738 2.2631 1.8362 1.6538 1.7801 1.7787 2.0163 2.1284 3.2372 4.0107 4.7125 4.8116 5.0544 5.3129 7.0607 7.4636 8.5647 8.9757 9.7939 10.4636 11.4307 11.806 12.3874 12.7016 13.3151 14.001 15.2459 15.8765 18.0618 19.4309 21.7889 21.7383 28.649 27.2729 35.3912 40.9108 47.5384 42.7799 37.4807 36.0382 37.4226 40.5667 42.8506
18.0785 15.6304 15.2372 13.7231 13.2006 12.8019 11.4254 11.4178 10.6319 9.6647 9.6565 9.6466 9.2314 8.0455 8.036 7.1173 7.0912 6.023 5.9949 4.9808 4.9332 3.738 3.7015 3.6522 2.8792 2.8194 2.3062 1.8523 1.7432 1.7458 1.8074 2.1444 2.6138 2.9731 4.1441 4.5025 5.1562 5.559 6.0195 7.1146 7.7705 8.4338 9.2924 9.769 10.4211 11.1864 12.0319 12.576 13.3154 13.8447 14.1541 15.5712 16.1519 18.5772 18.6809 18.8283 21.1191 32.0696 28.5311 28.2159 36.8303 39.8836 41.8482 36.5895 35.0546 36.883 40.9392 41.8795 44.8605
15.2496 15.2365 13.2094 12.8135 12.7999 11.4231 10.6419 10.6289 9.6623 9.6551 9.6467 9.2319 8.0415 8.0333 7.1121 7.0904 6.019 5.9965 4.9828 4.9459 3.7321 3.7045 3.6685 2.8841 2.8433 2.3281 2.2757 1.7464 1.7495 1.814 2.1913 2.7066 2.8863 4.0407 4.3976 5.1406 5.5121 6.3802 7.3063 7.7796 8.8769 9.6176 9.9134 11.1 11.3466 11.8782 12.8761 13.3901 13.7558 14.7264 15.1781 16.2911 17.1905 19.4195 26.196 21.8487 22.4502 28.1768 30.8878 33.9498 34.0873 35.2938 35.6487 36.6428 36.6005 37.7651 42.9205 45.1887 47.5717
15.2359 13.2056 12.8107 12.7985 11.4213 10.6382 10.6266 9.6605 9.6542 9.2431 9.2324 8.0384 7.1234 7.1083 6.0314 6.0163 5.9979 4.9842 4.9548 3.728 3.7064 3.6791 2.8862 2.8569 2.3401 2.3029 1.9419 1.8369 1.8427 2.3345 2.7385 2.8327 4.0867 4.273 5.2409 5.9177 6.9709 8.0319 8.5128 8.736 9.659 10.4588 11.3538 11.6675 12.5854 12.8983 13.7799 14.2112 15.0531 15.6277 16.3 16.7547 19.927 22.3424 24.6854 29.0536 30.9072 39.7211 35.4017 33.8219 33.182 33.6354 33.6541 35.0907 37.0097 41.9174 43.7743 45.6678 46.7223
13.2025 12.8085 12.7974 11.0839 10.6352 10.6248 9.6591 9.6535 9.2422 9.2329 8.0359 7.1186 7.1055 6.0273 6.0145 5.9991 4.9853 4.9614 3.7249 3.7076 3.6862 2.8871 2.865 2.347 2.3197 1.9494 1.8389 1.843 2.3537 2.754 2.8096 4.1166 4.2145 5.3342 6.1666 7.1073 7.7358 8.5769 9.4281 10.0117 10.5086 11.2997 12.0251 12.8121 13.3305 13.7689 14.7978 15.1841 15.6541 16.3117 17.2106 17.9749 21.2126 28.5277 27.7042 35.111 35.9872 40.4518 36.8306 32.5945 31.1435 32.6584 33.7848 35.1997 35.5441 42.542 43.8595 45.0166 45.6574
12.8066 12.7966 11.0808 10.6329 10.6235 9.6579 9.6529 9.2415 9.2333 7.6757 7.1148 7.1034 6.0242 6.0132 5.0029 4.9861 4.9663 3.7227 3.7085 3.6913 2.8873 2.8702 2.8493 2.3304 1.9541 1.9467 1.8434 2.3653 2.7279 3.3638 4.1333 4.1913 5.3681 6.208 7.2139 7.5048 8.5119 9.4809 9.8772 10.7764 11.4801 12.1616 12.6677 13.5724 14.165 14.9348 15.3286 16.2174 16.6452 17.0351 17.8422 21.6713 22.0806 26.1682 37.5554 32.4804 36.535 36.8716 35.102 33.2565 32.1548 32.7047 33.7146 35.2161 36.355 40.9412 43.7124 44.4641 45.0099
11.0855 11.0783 10.631 10.6225 9.657 9.6526 9.241 9.2338 7.6722 7.1118 7.1018 6.0218 6.0123 5.0011 4.9868 4.9701 3.7209 3.7091 3.695 2.8872 2.8736 2.8571 2.3375 1.9572 1.9515 1.8437 2.3728 2.729 3.3698 3.4182 4.1812 5.3803 6.2209 7.2662 7.4253 9.3426 9.5029 10.182 10.9464 11.9142 12.2026 12.7203 13.7301 14.2336 14.8776 15.6434 16.4483 17.5776 17.8711 21.0065 19.3367 23.3616 28.6521 27.7362 31.4119 32.9483 34.5031 33.5921 32.9279 33.2834 33.0914 33.1027 33.3514 34.3056 37.3482 40.8957 43.2981 44.0688 44.4186
10.6364 10.6294 10.6217 9.6563 9.6523 9.2406 9.2342 7.1173 7.1095 7.1005 6.02 6.0116 4.9996 4.9873 4.9731 3.7196 3.7096 3.6978 2.887 2.8758 2.8626 2.3424 2.3271 1.9548 1.844 2.3128 2.7305 3.3744 3.4093 4.1763 5.3847 6.5253 7.2877 7.3852 9.45 9.5553 9.7593 11.2802 11.6872 12.4239 13.1628 13.5594 14.6902 15.2765 16.2737 16.6245 20.4143 29.0644 21.7517 29.6524 24.8158 26.4357 28.2134 28.1492 33.9786 34.2863 33.7043 33.4075 32.8968 33.333 32.5296 33.3899 33.4489 34.2686 37.4807 38.9074 43.0105 43.6106 44.0637
10.6282 10.6211 9.6557 9.2455 9.2403 9.2345 7.1146 7.1075 7.0996 6.0185 6.0111 4.9985 4.9877 4.9755 3.7185 3.7099 3.6999 2.8866 2.8774 2.8665 2.3458 2.3334 1.9572 2.3003 2.3146 2.7319 3.3779 3.4043 4.1738 5.3862 6.5445 7.2969 7.3619 8.6875 9.5704 10.6806 11.3934 11.6198 12.352 13.5382 14.2082 14.7496 15.4946 16.8094 17.4058 20.5498 25.3384 22.3857 27.3136 28.4438 31.9218 32.1384 31.3785 32.1771 34.474 34.0129 33.1584 33.5111 33.0591 33.5487 32.7408 32.6705 32.6501 32.6133 37.2228 38.7279 42.8103 43.3045 43.6585
10.6207 9.6553 9.2448 9.2401 7.671 7.1123 7.106 7.0988 6.0174 6.0108 4.9975 4.9881 4.9774 3.7176 3.7101 3.7016 2.8863 2.8785 2.8694 2.3483 2.3381 1.9589 1.9557 2.3161 2.7333 3.3807 3.4013 4.6886 5.0503 6.555 7.3008 7.3469 8.6827 9.5724 10.7365 10.8947 11.5803 12.8335 14.4046 14.7016 15.4848 16.5448 16.9766 17.5042 19.0107 22.0522 24.6277 27.3864 23.915 31.7181 37.7871 34.0806 31.9608 34.9346 34.1568 34.128 34.0217 33.752 33.3186 33.1259 32.9831 32.8066 32.7577 32.7384 37.1768 38.2595 40.7474 43.0806 43.3911
9.6549 9.2442 9.2399 7.669 7.1105 7.1047 7.0982 6.0165 6.0106 4.9968 4.9884 4.979 3.7168 3.7103 3.7029 2.8859 2.8792 2.8716 2.3501 2.3416 1.9602 1.9576 2.3174 2.7346 2.7476 3.3995 4.6919 5.0457 6.5608 6.6022 8.0947 8.6765 10.3964 10.763 10.8754 12.7027 13.8902 14.614 15.7478 16.0958 17.3226 17.6056 18.1261 19.9957 21.2982 22.5738 28.1936 29.017 31.5596 32.4166 33.0156 34.5102 32.3992 34.0554 34.2099 34.0876 34.0021 33.8935 33.4268 33.256 33.1173 33.0087 32.8432 32.8077 32.7897 38.0536 38.9234 42.9168 43.1866
