normal_rasters/0772100000293562.ascii
ncols 60 
nrows 41 
xllcorner 158648.431999
yllcorner 383574.289001
cellsize 0.25
nodata_value -9999 
34.1893 34.1911 34.1916 34.1903 34.1867 34.18 34.1695 34.1542 34.1332 34.0805 34.0234 33.9559 33.8786 32.7353 32.6528 32.569 30.2966 30.327 30.3319 30.3371 30.5206 30.53 30.5126 30.5145 27.4507 27.2769 20.1703 19.8603 14.4653 14.1943 11.0425 9.2338 7.5785 7.5905 10.0314 19.0152 19.4452 19.8878 24.5082 27.6604 27.7558 28.9039 29.9522 29.9751 30.3531 30.355 30.3948 30.3913 30.391 30.3909 30.3909 30.3911 30.3716 30.3716 30.3715 30.3713 30.3711 30.3708 30.3706 30.3703 
34.2077 34.2116 34.2144 34.2155 34.2144 34.2102 34.2019 34.1882 34.1678 34.1392 34.0688 33.993 33.9036 32.7578 32.6585 32.5571 30.2186 30.3006 30.3311 30.3374 30.5194 30.5308 30.5145 30.5169 27.4808 27.2683 20.19 19.8156 14.5285 14.2011 11.0426 7.6814 7.5616 7.5776 7.7806 15.9794 19.3807 19.9288 24.5325 27.6514 27.7715 28.9188 29.9495 29.9782 30.3533 30.3557 30.3946 30.3908 30.3904 30.3903 30.3904 30.3907 30.372 30.372 30.3718 30.3716 30.3713 30.371 30.3707 30.3704 
34.2268 34.2332 34.2387 34.2429 34.2451 34.2444 34.2395 34.2289 34.2105 34.1822 34.1418 34.0439 33.9402 32.79 32.6686 32.5435 30.2178 30.2981 30.33 30.3378 30.5177 30.5318 30.5169 30.52 27.5216 27.2564 20.22 19.7613 14.6138 14.2113 11.0446 7.6925 7.5346 7.5566 7.8014 15.8628 19.2867 19.9798 24.5593 27.6365 27.7917 28.9393 29.9461 29.983 30.3538 30.3569 30.3944 30.3914 30.3896 30.3895 30.3897 30.3724 30.3726 30.3725 30.3723 30.3719 30.3716 30.3712 30.3708 30.3704 
34.2463 34.2555 34.2643 34.2722 34.2786 34.2826 34.2827 34.277 34.2629 34.2371 34.196 34.1104 33.9945 33.8484 32.6857 32.5276 32.3772 30.2947 30.3282 30.3383 30.5151 30.5329 30.5201 30.5242 27.5786 27.2399 20.2665 19.6958 14.7307 14.2264 11.0498 7.7067 7.4906 7.5224 7.8294 15.6906 19.1468 20.0445 24.5881 27.6111 27.8185 28.9681 29.9421 29.9906 30.3192 30.3588 30.3943 30.3905 30.3884 30.3883 30.3889 30.3731 30.3733 30.3732 30.3728 30.3723 30.3718 30.3713 30.3708 30.3704 
35.4214 34.2781 34.2905 34.3028 34.3144 34.3244 34.3314 34.3332 34.3266 34.3071 34.2689 34.2051 34.0732 33.8972 32.7146 32.5088 32.3151 30.2183 30.3255 30.3387 30.5112 30.5341 30.5245 30.5302 27.6615 27.2168 20.3401 19.6204 17.0331 14.2478 11.0606 7.7251 7.4168 7.562 7.8681 15.4267 16.2578 20.1293 24.6177 27.5663 27.8555 29.0107 29.9378 30.0033 30.3221 30.362 30.3944 30.3892 30.3864 30.3865 30.3731 30.3741 30.3744 30.3741 30.3735 30.3727 30.372 30.3713 30.3708 30.3703 
37.3365 36.1483 35.4602 34.334 34.3516 34.3689 34.3848 34.3972 34.4026 34.3954 34.3669 34.3055 34.198 33.9806 32.7647 32.486 32.2283 30.2169 30.3211 30.3389 30.5051 30.6608 30.5309 30.5393 27.7873 27.1846 20.4589 17.4648 17.0217 14.2744 10.7573 7.7488 7.2875 7.4896 7.9228 11.8648 16.1635 20.2465 24.645 27.4844 27.909 29.7971 29.8794 30.0251 30.327 30.3675 30.395 30.3874 30.383 30.3835 30.374 30.3759 30.3761 30.3752 30.3741 30.373 30.3721 30.3713 30.3707 30.3702 
37.356 37.3576 37.3586 35.505 35.5158 34.4146 34.4413 34.4676 34.4903 34.5036 34.4968 34.4516 34.3414 34.106 33.75 32.456 32.0994 30.2146 30.3138 30.3386 30.4953 30.6489 30.5408 30.5544 29.2926 26.8466 23.4294 17.7011 17.0209 14.2932 8.1126 7.776 7.0485 7.3535 7.9993 11.5594 15.9761 20.4278 24.3474 26.9795 27.9915 29.7631 29.9044 30.3026 30.3362 30.4145 30.3972 30.3863 30.376 30.3782 30.3762 30.3793 30.3784 30.3765 30.3746 30.3731 30.3719 30.3711 30.3704 30.3699 
38.0417 38.0405 37.3841 37.3876 37.3903 35.6032 34.4978 34.5406 34.586 34.6299 34.6624 34.6608 34.5793 34.3454 33.8426 32.4104 31.8909 30.211 30.2396 30.3361 30.4789 30.6281 30.6917 30.6859 30.4276 26.8974 23.6073 18.191 17.0662 15.8343 8.5896 7.3415 5.3928 7.081 8.0809 10.5363 15.5856 21.2842 24.5202 26.7683 28.1463 29.7117 29.9828 30.2998 30.3837 30.4145 30.4025 30.3857 30.3605 30.3658 30.3837 30.3857 30.3812 30.3772 30.3745 30.3727 30.3715 30.3706 30.37 30.3696 
39.2624 39.2684 38.0736 38.074 37.425 37.4324 37.4396 35.7116 34.6815 34.7647 34.8567 34.9421 34.9665 34.7826 34.1257 32.3262 31.5045 30.2057 30.232 30.3424 30.3859 30.5913 30.6987 30.7312 30.4474 27.0351 25.1234 19.2725 17.307 14.8457 9.547 7.0504 3.8905 5.8343 7.9203 10.9675 14.8087 20.4727 25.1983 26.0606 28.5767 29.5532 30.1644 30.326 30.4145 30.4145 30.4145 30.3944 30.3606 30.3626 30.4051 30.3923 30.3818 30.3763 30.3734 30.3717 30.3707 30.3701 30.3697 30.3694 
39.2608 39.2665 39.2731 39.281 39.2904 38.1258 37.4885 37.5053 35.8089 35.9076 36.0431 35.2657 35.5297 35.6969 35.0216 32.7017 30.6661 30.1939 30.2157 30.3166 30.3646 30.5255 30.7053 30.9343 30.2692 27.3872 24.2211 21.5257 18.1616 13.0068 11.3111 5.9961 2.5752 5.0099 7.0301 12.8299 13.4342 20.7434 24.555 25.6086 28.5066 29.7641 30.1417 30.3724 30.4145 30.4145 30.4145 30.4145 30.4105 30.3898 30.3984 30.3834 30.3759 30.3728 30.3714 30.3706 30.37 30.3697 30.3837 30.3839 
39.2587 39.264 39.2702 39.2773 39.2858 39.296 39.3087 39.3253 39.3482 37.6379 36.095 36.3545 36.8231 37.1855 38.377 32.3841 30.6391 30.1939 30.194 30.2682 30.3421 30.3844 30.8871 30.9352 30.0413 28.6022 24.1992 22.5728 18.958 13.6826 9.6599 4.9602 2.5904 4.2024 6.7858 12.4004 15.6317 19.0927 24.5669 27.0055 27.7142 29.4749 30.2278 30.415 30.4145 30.4145 30.4145 30.4145 30.4071 30.3431 30.3246 30.365 30.3754 30.3789 30.3809 30.3821 30.3828 30.3833 30.3836 30.3839 
39.2562 39.2612 39.2667 39.2731 39.2804 39.289 39.2991 39.3114 39.3267 39.3471 39.3776 37.8923 36.7451 37.7796 40.6874 34.4713 30.2156 30.1939 30.2084 30.2983 30.3284 30.387 30.9199 30.8503 29.2922 28.6115 26.3643 21.0812 19.2585 15.3432 9.3049 6.185 2.0498 3.1301 8.0599 10.7329 16.6583 18.6173 21.1627 26.1821 28.4448 29.108 30.0987 30.4691 30.415 30.4145 30.4145 30.4145 30.4053 30.3916 30.3451 30.361 30.3729 30.3782 30.3808 30.3822 30.383 30.3834 30.3838 30.3988 
39.2536 39.258 39.263 39.2686 39.2749 39.282 39.2899 39.2985 39.3077 39.3161 39.3205 39.3099 39.2463 37.471 35.8228 31.2409 30.8823 30.2021 30.1948 30.2816 30.3284 30.401 30.7545 30.6239 29.955 27.8769 25.6275 23.6759 18.819 15.3919 10.6477 5.6291 1.6942 2.7975 7.5806 11.5612 15.3991 20.3007 21.9295 24.339 28.2663 29.4579 30.0616 30.4025 30.4599 30.4189 30.4226 30.4195 30.4193 30.4215 30.4027 30.3969 30.3971 30.3995 30.3998 30.4161 30.4175 30.4171 30.4176 30.4179 
39.9184 39.9202 39.9221 39.9672 39.9681 39.2758 39.2824 39.2894 39.2964 39.3024 39.3048 39.2975 39.2633 37.8992 37.2172 34.4908 30.5334 30.3083 30.3063 30.3221 30.3235 30.4026 30.6095 30.4922 29.4501 27.8452 26.3323 23.3826 20.6236 15.5685 10.641 4.5704 2.2869 5.2084 7.2656 12.5924 14.9977 18.9837 23.3139 25.1394 26.6481 29.2805 30.0694 30.4604 30.4898 30.4487 30.4515 30.4868 30.4566 30.4414 30.4341 30.4399 30.4439 30.459 30.425 30.4243 30.4238 30.4233 30.4229 30.4225 
39.9538 39.9537 39.9532 39.9522 39.9505 39.9477 39.9433 39.9365 39.9259 38.8863 38.9562 39.0035 39.2046 39.3137 39.9918 35.9421 30.3284 30.3284 30.3284 30.3235 30.3254 30.3374 30.521 30.1739 29.4862 27.906 25.8933 23.8384 21.3037 16.542 11.5448 6.5576 3.0806 4.3325 7.8766 11.9222 16.8223 18.8825 21.8654 25.1559 27.0048 28.533 30.0736 30.456 30.4948 30.4936 30.4937 30.4937 30.493 30.4765 30.4307 30.464 30.4715 30.4741 30.4752 30.4759 30.4777 30.4782 30.4799 30.4803 
39.9448 39.9435 39.9416 39.939 39.9354 38.7208 38.744 38.7733 38.8113 38.8622 38.3841 38.5123 38.6984 38.94 38.2777 34.7563 32.2224 30.3284 30.3081 30.1996 30.2685 30.2473 30.269 29.8576 29.4777 28.0336 25.5819 24.0919 20.9742 17.4694 11.9538 7.1671 6.0677 4.9855 7.5868 11.1563 16.596 20.1848 22.1493 24.5582 26.8457 29.1241 29.8375 30.4468 30.4987 30.4948 30.4937 30.4937 30.4937 30.4934 30.4906 30.4814 30.4786 30.4788 30.4789 30.4791 30.4808 30.4811 30.4812 30.4813 
40.2828 40.2785 40.2727 40.2648 40.2541 40.2395 38.6814 38.7122 38.1877 38.2411 38.307 38.3862 38.4742 38.5808 38.6581 34.491 31.6054 30.303 30.1413 30.0307 30.0596 30.1342 30.2169 30.1255 28.7087 26.7835 25.9088 23.4606 19.6599 18.3528 12.6621 9.0129 3.7854 4.6418 9.3638 11.5554 16.7432 19.7052 22.2708 24.0402 26.6124 28.8579 29.8438 30.5017 30.5015 30.4996 30.4949 30.4937 30.4937 30.4937 30.4937 30.4942 30.4949 30.4844 30.4837 30.4833 30.483 30.4828 30.4826 30.4825 
36.2703 40.3043 40.3021 40.2985 40.2928 40.2838 40.2702 40.2493 40.2174 40.1687 38.7068 38.7494 37.832 37.6079 38.8165 34.5246 30.6249 30.2765 29.842 29.9304 29.9916 30.1599 30.3344 30.2018 29.1697 26.8187 24.9692 22.8018 20.6137 17.1862 14.3562 8.8343 3.4614 3.6658 7.1586 12.4275 16.1929 18.5807 21.554 24.6961 26.3062 28.4856 29.8822 30.4306 30.503 30.5013 30.4991 30.4943 30.4938 30.4939 30.4956 30.4967 30.4973 30.4974 30.4973 30.4973 30.4972 30.5122 30.5125 30.5128 
35.0544 35.3333 40.335 40.3371 40.3385 40.3385 40.3361 40.2087 40.1935 40.1617 40.0971 38.8377 38.6055 38.1694 36.1836 33.3933 31.7619 29.6848 29.5992 29.8559 30.0258 30.1314 30.3195 30.2222 29.1973 27.8596 24.6542 22.9563 19.7324 17.32 14.1035 9.3156 5.9019 3.1747 5.1048 10.0211 15.0246 18.6822 21.0823 24.0395 26.6084 28.1308 29.938 30.4955 30.5432 30.5046 30.5258 30.5413 30.5063 30.4969 30.4987 30.5055 30.5091 30.511 30.512 30.5126 30.513 30.5133 30.5134 30.5136 
29.8313 34.0631 35.0799 35.3063 40.2555 40.2655 40.2766 40.2884 40.2997 40.2568 39.2589 39.2575 39.0924 38.4113 36.7858 35.3832 31.6136 29.346 29.5213 29.7796 29.9664 30.1517 30.3406 30.2333 29.6694 28.2045 25.8811 22.2573 19.9247 17.0508 12.9448 9.8177 6.3987 3.4053 6.4116 8.6542 13.6778 19.0638 22.1503 24.2098 26.6191 28.4202 29.8304 30.5105 30.5782 30.557 30.577 30.5903 30.6789 30.5126 30.5175 30.5068 30.5136 30.5143 30.5144 30.5143 30.5143 31.0961 31.1135 31.1265 
28.7265 28.9481 29.2434 33.9883 35.1243 35.7034 40.2793 40.3132 40.3586 40.4221 40.5152 40.6567 40.854 40.2315 38.604 37.3029 32.3751 30.132 29.6951 29.8079 29.9704 30.2211 30.2837 29.9639 29.6204 28.3868 26.3595 21.9869 19.7694 16.687 12.1784 9.6113 5.9863 2.006 5.9646 9.45 13.8798 16.959 21.6132 24.5639 26.3622 28.3781 29.683 30.3331 30.5817 30.5813 30.5813 30.6864 31.1803 31.1851 30.6516 30.9453 31.2901 31.0665 31.7435 31.8416 31.9041 31.9454 31.9738 31.9938 
25.4951 25.541 28.7152 29.0525 33.7766 34.2729 35.6149 40.2223 40.297 40.4075 40.5847 40.9037 41.5857 43.1991 42.5331 38.1561 32.9989 31.2041 30.1348 29.8982 29.9939 30.1607 30.3436 30.3534 29.4599 27.7174 26.7256 24.1215 19.3919 16.4761 13.3159 9.2123 5.9891 3.3426 5.452 9.8365 12.7007 17.5441 20.7004 23.9504 26.7023 28.2316 29.3276 30.5438 30.5825 30.6141 30.9074 31.3415 31.6547 32.047 32.7709 32.3561 32.6075 32.1167 32.1006 32.0923 32.0873 32.084 32.0817 32.08 
24.3012 25.4021 25.4617 25.5547 28.7818 29.3258 34.1665 35.5964 40.333 40.4489 40.6259 40.9154 41.2671 41.9171 40.7378 38.2436 34.9462 31.3797 30.3866 30.3717 30.0601 30.2194 30.4977 30.3973 29.9574 27.8742 26.1088 24.3958 20.4782 15.7446 12.909 9.3675 6.2837 1.9651 3.3269 8.9826 13.9099 16.0966 20.4576 23.4582 25.4541 27.9702 29.5662 30.5153 30.5882 30.7833 31.5139 31.7539 32.6642 33.5159 33.902 33.8267 33.8939 33.8372 33.2577 33.1869 33.142 33.112 34.8399 34.8662 
24.1557 24.1861 25.2804 25.3609 25.4941 25.6949 29.0604 33.8982 35.4375 40.3584 40.088 40.2026 40.2629 39.5415 39.0596 38.9049 33.3793 30.7398 30.6974 30.9359 30.6409 30.5928 30.5982 30.276 29.9278 28.7974 25.8361 23.9728 21.5298 17.2359 12.2224 10.0152 6.2899 3.5163 4.705 6.2602 13.0071 16.4786 19.7882 23.0959 25.7017 27.8063 29.7215 30.3785 30.6222 31.1761 31.7418 32.6309 33.1156 33.7246 34.3943 34.6456 34.493 34.436 35.4222 35.5312 36.1488 35.067 35.0554 35.044 
22.5703 23.9968 24.0283 25.1141 25.229 25.4334 25.7554 26.2057 31.7811 35.2903 40.2351 39.8081 39.6309 37.5392 37.4344 35.1437 31.9313 30.8469 30.8914 31.0605 30.9924 31.0272 30.7481 30.4326 29.7386 28.8325 27.5911 23.2024 20.8837 19.3856 13.5123 8.4581 5.9322 4.2503 4.4036 8.1569 10.585 16.9651 20.0006 22.5012 25.6806 27.7061 29.076 30.0938 30.8995 32.1562 32.5307 33.1204 34.0297 34.4901 34.8558 35.0071 35.7253 36.0686 36.2396 36.3013 37.6047 37.6786 37.7257 37.7565 
22.4702 22.4177 23.7725 23.7999 24.8734 25.0504 25.3986 25.97 26.7453 31.6943 34.7203 37.8021 37.3107 37.2492 36.1492 35.0563 32.8592 30.7177 31.0448 31.2384 31.2167 30.974 30.8092 30.7652 29.913 29.236 29.1249 24.3147 20.5934 18.201 15.303 9.4807 5.883 4.3382 4.3138 8.6328 11.7864 16.2519 20.2485 22.9991 24.9242 28.0122 29.681 30.2867 31.3533 32.8406 33.7312 34.6729 35.2753 35.7056 36.2453 36.1854 36.9575 37.6045 37.7472 37.8132 37.8447 37.8596 37.866 37.868 
22.3704 22.2897 22.2039 22.1191 23.4429 24.494 24.8039 25.4996 26.6461 27.9835 31.9333 36.9929 36.1084 35.8518 35.86 38.5857 33.2458 30.7257 31.0995 31.4328 31.31 31.0729 30.8998 31.0476 30.8551 29.053 27.6277 27.3469 23.0159 18.0258 16.001 11.6991 8.3619 4.5403 5.6519 7.9766 13.114 15.9097 19.8009 22.4558 26.0806 27.4745 29.8043 31.4118 32.0566 32.7772 34.3677 35.0816 35.9817 37.1836 37.7197 39.3566 39.0115 38.8093 38.7245 38.9229 38.4819 38.4397 38.4094 38.3869 
22.2778 22.1672 22.0378 21.8879 21.7216 23.7214 23.8133 24.5084 26.2667 28.6721 30.3366 33.1647 35.5195 34.6907 33.772 32.9794 31.0043 30.6461 30.9751 31.2097 31.3464 31.1037 31.0486 31.1914 30.9141 30.0648 27.3809 25.0974 23.0795 18.8194 15.2306 13.7004 10.2579 5.8442 5.8241 9.0946 13.3971 16.1596 19.7992 23.1877 25.3728 27.9664 29.152 30.9054 32.8579 33.419 34.8935 35.8918 36.5086 38.1556 38.9226 40.1014 40.0616 39.6126 39.3854 39.2482 39.1616 39.1039 40.3136 40.3191 
22.2009 22.0632 21.892 21.6742 21.39 21.0138 20.5573 22.3436 24.9435 29.9197 32.8671 34.1252 36.0662 35.2437 33.5043 31.7291 29.775 30.8107 30.783 31.0362 31.224 30.9706 31.3061 31.3699 30.5552 29.9051 28.7691 24.0331 23.0639 21.944 15.706 14.4693 11.8205 7.789 9.1118 10.4833 14.3239 17.7242 19.8725 22.5165 26.0628 27.5695 29.6762 31.0922 33.9403 34.8176 35.7417 36.7983 37.7435 38.6999 39.5691 41.462 41.002 40.9414 40.9476 40.955 40.538 40.4954 40.465 40.443 
22.1481 21.9915 21.7906 21.5229 21.1459 20.5673 19.5409 17.6185 20.9202 31.3411 36.3263 34.8668 36.3987 34.9223 34.1967 35.6222 34.6931 31.2669 30.8962 31.115 31.4569 31.2961 31.6289 31.7415 31.1228 29.4598 27.5087 26.2175 23.0946 21.0832 19.5693 13.7946 11.5023 11.1126 10.6872 12.2193 14.8782 18.0421 20.8576 23.9863 25.2759 28.2018 30.0414 33.1639 33.8878 35.9755 36.93 37.8663 38.905 39.8192 41.0303 41.38 41.4669 41.3972 41.3394 41.1378 41.0934 41.0627 41.0404 40.5603 
22.1252 21.9621 21.7517 21.4702 21.0733 20.4709 19.4441 17.4346 20.0029 33.611 33.8314 36.1278 36.8453 36.5321 34.5651 35.5883 34.402 33.2953 31.3172 31.3262 31.5107 31.4241 31.7732 32.0559 32.582 30.2851 27.675 26.3732 24.3916 21.7056 19.537 14.0653 10.0735 11.2641 11.8492 13.7411 15.7107 18.2544 21.2422 24.4942 25.9676 27.6571 31.9466 34.2505 35.6856 36.7776 37.6902 39.1486 40.4107 40.9571 44.8785 43.8414 42.303 41.7629 41.5511 41.4405 41.3746 41.3319 41.1183 41.0865 
22.3232 22.1643 21.9614 21.6947 21.3327 20.8237 20.075 18.5298 17.9145 28.3407 34.9642 37.6984 38.2683 37.9658 35.6855 34.3243 33.8425 33.0608 31.1722 31.29 31.5618 31.6175 32.0072 32.1782 32.597 30.752 27.5606 26.2943 25.023 21.1908 19.5238 15.9612 11.9559 12.9257 13.6621 15.7416 17.1533 19.7013 21.4303 24.0021 25.7051 27.3817 32.4046 34.6346 36.6923 37.1467 38.7302 39.6899 40.4813 41.2756 42.9208 43.3504 42.6774 42.0109 41.706 41.551 41.4565 41.3945 41.3516 41.3206 
22.4935 22.382 22.2484 22.0877 21.8963 21.6749 21.4347 21.3671 23.562 33.1469 36.8739 42.2929 40.4317 38.9679 36.0428 33.5814 33.0156 31.4484 30.7922 31.1058 31.6694 31.6461 32.0905 32.1685 32.3015 30.8438 27.6164 25.862 23.4227 21.2828 18.4789 16.2041 13.8848 13.083 13.6502 15.1295 17.1681 19.4361 21.9939 23.3755 24.7905 27.5978 32.4403 33.9036 36.3751 37.2133 38.621 39.6225 40.7168 41.3384 42.0268 42.2794 42.4334 42.2258 42.0676 41.8339 41.5128 41.4418 41.3911 41.3537 
22.6832 22.6244 22.5669 22.5201 22.5062 22.5781 22.8769 23.8733 29.1414 35.3073 36.5687 41.4737 39.8633 39.3059 36.3236 33.1499 32.5861 31.5442 31.1784 31.1904 31.5779 31.7775 31.9007 32.1309 32.1926 30.6555 28.4965 26.1427 22.4284 21.3258 18.413 16.4266 14.3681 13.7323 13.3519 15.6529 17.9682 19.2004 22.3337 23.1195 23.7705 28.7843 31.7656 33.376 36.3762 37.1783 38.5068 39.4149 40.7883 41.1667 41.668 41.8743 42.202 42.1238 42.0323 41.9544 41.8942 41.7053 41.658 41.3789 
22.8778 22.8692 22.8811 22.9321 23.0584 23.3329 23.9105 28.0139 30.1774 32.8197 34.879 38.2026 38.2016 38.2524 35.3625 33.838 32.579 31.7137 31.3942 31.2276 31.4731 31.8131 31.8655 32.0903 32.1581 30.576 28.605 23.6216 21.9976 21.3766 19.456 16.3368 15.3855 13.8568 14.1644 15.766 18.0231 18.775 21.02 23.0213 23.4542 29.0506 31.6874 34.465 36.3987 37.1328 39.0129 39.2931 40.8451 41.1056 41.4964 41.7178 42.0465 42.0247 41.9785 41.9284 41.8834 41.8458 41.6753 41.6398 
23.0644 23.0976 23.163 23.2819 23.4894 23.8451 28.0671 28.961 30.3541 31.9571 33.4132 34.4668 36.8737 37.7293 35.3119 34.0793 31.9537 31.8651 31.4974 31.3354 31.4475 31.8276 31.8562 31.8817 32.1246 31.1351 29.4778 24.2624 21.7948 21.4076 19.6013 16.2985 15.4852 13.9185 14.192 15.8434 18.0743 18.6061 20.9629 22.9823 23.2826 29.2081 30.0055 34.4107 36.4052 37.7531 39.0189 39.2163 40.7468 41.0645 41.4004 41.5799 41.6469 41.9462 41.9254 41.8956 41.8645 41.8356 41.8101 41.6503 
23.2336 23.2972 23.3976 23.5529 23.7894 24.1426 28.6896 29.4175 30.3865 31.4586 32.4446 33.163 36.0241 37.3102 35.7557 34.2664 33.5684 31.5875 31.5552 31.3603 31.4355 31.5036 31.8529 31.8699 32.1064 31.1252 29.5586 24.1704 21.6878 20.1383 17.8195 17.0184 15.5379 15.386 14.499 15.8908 18.1193 18.5071 20.9332 22.9667 23.1843 29.3044 29.888 34.3805 36.4019 37.7715 39.023 39.1671 40.7276 41.0362 41.3415 41.4941 41.5518 41.5817 41.8796 41.863 41.8425 41.8214 41.8014 41.7832 
23.3802 23.4631 23.5817 23.749 23.9814 28.6436 29.0684 29.6487 30.3557 31.1099 31.8028 32.3296 32.6242 36.4875 35.6777 34.3929 33.8241 31.6156 31.5914 31.3763 31.4296 31.4797 31.8515 31.8635 32.0966 31.1194 29.6075 24.1201 21.6258 20.083 17.8037 15.7 15.5686 15.4559 14.5426 15.9201 18.1569 18.4485 20.9195 22.9612 23.1248 26.7247 29.8073 33.0882 35.2455 37.7818 39.0253 39.1342 40.7142 40.8824 41.1188 41.4373 41.4858 41.516 41.8422 41.8336 41.8207 41.8057 41.7905 41.7759 
23.5028 23.5955 23.7197 23.8837 28.6602 28.9324 29.3011 29.7647 30.2979 30.8507 31.3586 31.761 32.0194 36.2275 35.612 34.474 34.013 31.635 31.6161 31.3869 31.4265 31.4644 31.8508 31.8597 32.0913 31.1151 29.6374 24.0921 21.5871 20.0455 17.7937 15.6851 15.5878 15.5014 14.572 15.9387 18.1877 18.4133 20.9146 22.9603 23.0873 26.7245 29.7503 33.0343 35.1779 37.7873 38.5945 39.1111 40.7054 40.8426 41.0814 41.3327 41.4384 41.4666 41.4832 41.8082 41.8003 41.7901 41.7788 41.7673 
23.6023 23.6979 23.8196 28.6942 28.8814 29.1304 29.4449 29.8187 30.2317 30.6512 31.0375 31.354 34.0201 36.0388 35.5585 34.5251 33.7774 31.6493 31.6341 31.3944 31.4248 31.4543 31.7718 31.8572 32.0884 30.9011 30.9932 24.0765 20.2178 20.0192 17.7874 15.6753 15.6005 15.5325 15.5548 16.0065 18.2131 18.3919 18.5612 21.0831 23.0627 26.7244 29.7088 32.6037 35.127 37.7901 38.5819 39.0944 40.7 40.8134 40.9186 41.3021 41.4034 41.4288 41.4459 41.7866 41.7821 41.7753 41.767 41.7582 
23.6812 23.7751 28.7311 28.8669 29.044 29.2664 29.5336 29.8384 30.1657 30.4935 30.7964 31.0512 33.7834 34.0465 35.5152 35.1279 33.8628 31.6603 31.3772 31.3998 31.4238 31.4473 31.7669 31.8556 32.087 30.9034 31.0136 23.9888 20.1622 20.0004 17.7834 15.6685 15.6093 15.5545 15.5816 16.0084 18.234 18.3788 18.5176 21.055 23.0461 26.7243 29.6778 32.5518 35.8589 37.7912 38.5723 40.5998 40.6968 40.7917 40.8808 41.2792 41.377 41.3995 41.4159 41.4265 41.7661 41.7617 41.7558 41.7491 