normal_rasters/0772100000296999.ascii
ncols 161 
nrows 154 
xllcorner 158408.477005
yllcorner 383854.386993
cellsize 0.25
nodata_value -9999 
[rows 0 to 30 of 154, columns 69 to 137 of 161]
1.5025 1.4437 1.4417 1.44 1.4386 1.4373 1.4362 1.4354 1.4346 1.3453 1.3441 1.2406 1.2393 1.3522 1.8371 2.5711 3.5878 3.6008 4.8625 6.14 6.15 6.1591 6.1673 6.1747 6.1813 6.1872 6.1924 6.197 6.2011 6.2047 6.2078 6.8605 7.1221 7.1243 7.1262 7.128 7.1296 7.1311 7.1324 7.1335 7.1346 7.1355 7.1364 7.5164 7.5167 7.517 7.5173 7.7568 7.7577 7.7586 7.7593 6.2092 6.1978 8.1978 14.0007 17.3945 17.475 20.6763 25.3289 25.3279 25.3269 25.3259 25.3249 25.324 25.3231 25.3222 25.3214 25.3205 25.3198
1.4455 1.4431 1.441 1.4391 1.4376 1.4363 1.4352 1.4343 1.345 1.2421 1.2404 1.2389 1.3519 1.7909 2.5704 2.7555 3.7886 4.8609 4.8735 6.1485 6.1587 6.1679 6.1761 6.1834 6.1898 6.1955 6.2005 6.2049 6.2088 6.8605 6.8622 7.1236 7.1259 7.128 7.1298 7.1315 7.133 7.1343 7.1355 7.1366 7.1375 7.5168 7.5172 7.5176 7.5179 7.7567 7.7577 7.7586 7.7595 7.7603 6.2079 5.055 8.1758 8.2228 17.3722 17.4572 20.6594 25.3297 25.3286 25.3275 25.3265 25.3254 25.3244 25.3235 25.3226 25.3217 25.3208 25.32 25.3192
1.4449 1.4422 1.4398 1.4379 1.4363 1.435 1.434 1.3446 1.242 1.2401 1.2384 1.3516 1.9349 1.9415 2.7555 3.788 4.859 4.8733 6.1465 6.1581 6.1685 6.1776 6.1857 6.1929 6.1991 6.2046 6.2093 6.2134 6.8624 6.8642 7.1253 7.1278 7.1299 7.1319 7.1336 7.1352 7.1365 7.1377 7.1388 7.5173 7.5177 7.5181 7.5185 7.5188 7.7577 7.7587 7.7596 7.7605 7.7613 6.6573 5.0875 3.4905 8.2011 12.6466 17.4374 20.6404 20.6921 25.3293 25.3282 25.3271 25.326 25.325 25.3239 25.323 25.322 25.3211 25.3202 25.3194 25.3186
1.4439 1.4408 1.4383 1.4363 1.4347 1.3463 1.344 1.2419 1.2396 1.1649 1.3512 1.9343 1.9419 2.7553 3.787 4.8564 4.8729 6.144 6.1573 6.169 6.1794 6.1884 6.1963 6.2032 6.2092 6.2143 6.8623 6.8646 7.1244 7.1273 7.1299 7.1322 7.1342 7.136 7.1376 7.139 7.1402 7.5178 7.5183 7.5187 7.5191 7.5195 7.7576 7.7587 7.7598 7.7608 7.7616 6.6701 6.6549 5.0837 3.4845 6.8166 6.8672 17.4153 20.6193 20.6744 25.3302 25.3289 25.3278 25.3266 25.3255 25.3244 25.3234 25.3224 25.3214 25.3205 25.3196 25.3187 25.3179
1.4421 1.4387 1.4361 1.4342 1.3459 1.3431 1.2416 1.2389 1.1642 1.2604 1.9335 1.9425 2.755 3.7855 4.8531 4.8723 6.1409 6.1561 6.1696 6.1813 6.1915 6.2004 6.208 6.2145 6.2201 6.8646 6.8671 7.1265 7.1296 7.1324 7.1348 7.1369 7.1387 7.1403 7.1417 7.5184 7.5189 7.5194 7.5199 7.5202 7.5206 7.7588 7.76 7.761 7.762 7.7629 6.6681 5.0648 5.0794 3.4777 2.0968 6.8397 12.6722 15.8732 20.6544 25.3311 25.3298 25.3285 25.3273 25.3261 25.325 25.3239 25.3228 25.3218 25.3208 25.3199 25.319 25.3181 25.3172
1.4394 1.4358 1.4333 1.3452 1.2453 1.2411 1.2378 1.1631 1.26 1.9325 1.9433 2.7545 3.7835 3.8013 4.8712 6.1368 6.1546 6.1701 6.1835 6.1951 6.205 6.2135 6.2207 6.8642 6.8673 6.8699 7.129 7.1323 7.1352 7.1378 7.1399 7.1418 7.1435 7.519 7.5197 7.5202 7.5207 7.5211 7.5215 7.7588 7.7601 7.7613 7.7624 7.7634 7.7643 6.6658 5.0608 5.0385 3.4699 2.0915 6.8092 12.6368 15.8363 20.632 20.6918 25.3307 25.3294 25.3281 25.3268 25.3256 25.3244 25.3233 25.3222 25.3212 25.3202 25.3192 25.3183 25.3174 25.3165
1.4352 1.4319 1.3438 1.2455 1.2401 1.165 1.1615 1.2596 1.4071 1.9288 2.7536 3.7805 3.8019 4.8696 6.1315 6.1524 6.1705 6.186 6.1993 6.2106 6.22 6.2279 6.8671 6.8705 6.8733 7.132 7.1355 7.1386 7.1412 7.1435 7.1454 7.5197 7.5205 7.5211 7.5217 7.5222 7.5226 7.5229 7.7603 7.7616 7.7629 7.764 7.765 6.6823 6.6631 5.0561 5.0326 2.0728 2.0855 2.0683 5.2443 15.7949 15.8915 20.6708 25.3317 25.3303 25.3289 25.3276 25.3263 25.325 25.3238 25.3227 25.3216 25.3205 25.3195 25.3185 25.3175 25.3166 25.3158
1.3495 1.3415 1.2453 1.2384 1.1582 1.0678 1.4012 1.4073 1.9289 2.7522 3.7762 3.8023 4.8672 6.1245 6.1494 6.1708 6.189 6.2043 6.2171 6.2278 6.2365 6.8705 6.8742 6.8773 7.1355 7.1393 7.1425 7.1453 7.1476 7.5205 7.5214 7.5221 7.5228 7.5233 7.5238 7.5242 7.7605 7.762 7.7634 7.7646 7.7657 7.7667 6.6804 5.1076 5.0506 5.0259 2.0668 2.0788 2.0608 5.2099 11.0553 15.8518 20.647 20.712 25.3313 25.3298 25.3284 25.3271 25.3257 25.3244 25.3232 25.322 25.3209 25.3198 25.3187 25.3177 25.3168 25.3158 25.315
1.2711 1.2392 1.1611 1.0694 1.0673 1.3997 1.4077 1.9288 2.7499 3.2717 3.8024 4.8635 4.8966 6.1453 6.1709 6.1924 6.2103 6.225 6.2371 6.8697 6.8746 6.8787 7.1351 7.1398 7.1438 7.1472 7.15 7.5213 7.5224 7.5233 7.5241 7.5247 7.5252 7.5256 7.7607 7.7624 7.7639 7.7653 7.7666 7.7677 8.2956 6.6781 5.1027 5.0443 3.6659 2.0598 2.0711 0.4622 0.4621 5.2467 15.807 15.9129 20.6899 25.3324 25.3309 25.3294 25.3279 25.3265 25.3251 25.3238 25.3225 25.3213 25.3201 25.319 25.3179 25.3169 25.3159 25.315 25.3141
1.2583 1.1567 1.0693 1.0664 1.3975 1.4084 1.9284 2.7462 3.271 4.1116 4.858 4.8988 6.1394 6.1706 6.1964 6.2175 6.2347 6.2484 6.8741 6.8797 6.8841 7.1399 7.1451 7.1493 7.1528 7.5223 7.5236 7.5247 7.5256 7.5263 7.5269 7.5274 7.5277 7.7628 7.7646 7.7662 7.7676 8.2942 8.2953 8.2963 6.7588 5.0968 5.0369 3.6591 2.0518 2.0624 0.4622 0.4621 5.2087 11.0641 15.8702 20.6647 25.3337 25.332 25.3304 25.3288 25.3273 25.3259 25.3245 25.3231 25.3218 25.3205 25.3193 25.3182 25.3171 25.3161 25.3151 25.3141 25.3133
1.094 1.0685 1.0646 1.394 1.4095 1.9274 2.7399 3.2695 4.1076 4.1406 4.9011 6.131 6.1696 6.2012 6.2265 6.2467 6.6649 6.8796 6.8859 6.8908 7.146 7.1515 7.1559 7.5233 7.525 7.5263 7.5274 7.5282 7.5289 7.5294 7.5298 7.7634 7.7654 7.7672 7.7687 8.2937 8.295 8.2961 8.2971 6.7573 5.09 3.6745 3.6513 2.0427 0.4484 0.4484 0.4622 0.4621 5.2495 15.8216 15.9381 20.7124 25.3333 25.3316 25.3299 25.3283 25.3267 25.3252 25.3237 25.3223 25.321 25.3197 25.3185 25.3173 25.3162 25.3152 25.3142 25.3132 25.3123
1.0663 1.1837 1.3878 1.4117 1.9251 2.445 3.2664 4.1006 4.1447 5.199 6.1186 6.1676 6.2069 6.2379 6.6614 6.8773 6.8866 6.8937 6.8991 7.1536 7.1594 7.5245 7.5266 7.5282 7.5296 7.5306 7.5314 7.532 7.5324 7.7918 7.7663 7.7683 7.7701 8.2931 8.2946 8.2959 8.2971 8.2981 5.1161 5.0819 3.6668 2.0859 2.0323 0.4484 0.4484 0.4622 0.4621 5.2074 11.0747 15.8921 20.6858 25.3347 25.3329 25.3311 25.3293 25.3277 25.326 25.3245 25.323 25.3215 25.3202 25.3188 25.3176 25.3164 25.3153 25.3142 25.3132 25.3122 25.3113
1.162 1.3745 1.4159 1.9199 2.4505 3.26 3.307 4.1495 5.4114 5.4536 6.1638 6.214 6.2525 6.6692 6.8848 6.8957 6.9038 7.1555 7.1634 7.5257 7.5285 7.5306 7.5323 7.5335 7.5344 7.5351 7.5356 7.7935 7.7674 7.7697 7.7718 8.2925 8.2941 8.2956 8.297 8.2982 6.7557 5.1088 3.6914 3.6577 2.0746 0.4798 0.4484 0.4484 0.4622 0.4621 0.4623 5.2565 15.8393 15.9681 20.7391 25.3343 25.3324 25.3305 25.3287 25.327 25.3253 25.3237 25.3221 25.3207 25.3192 25.3179 25.3166 25.3154 25.3143 25.3132 25.3122 25.3112 25.3103
1.319 1.4081 1.9075 2.4605 3.2464 3.319 4.1549 5.3936 5.4527 6.1567 6.2226 6.6553 6.6792 6.8949 6.9079 6.9169 7.1676 7.5268 7.5307 7.5336 7.5357 7.5372 7.5383 7.5391 7.5396 7.7956 7.7968 7.7715 7.7738 8.2917 8.2937 8.2954 8.297 8.2983 8.2995 6.7513 3.751 3.683 3.6471 2.0614 0.4798 0.4485 0.4485 0.4623 0.4622 0.4623 5.2101 11.0875 15.9183 20.7109 25.3359 25.3338 25.3318 25.3299 25.328 25.3262 25.3245 25.3228 25.3212 25.3197 25.3183 25.3169 25.3156 25.3144 25.3132 25.3121 25.3111 25.3101 25.3092
1.4136 1.8781 2.4687 3.2161 3.3383 4.6576 4.7199 5.4488 6.1438 6.6165 6.6609 6.6928 6.909 6.9245 6.9347 7.5277 7.5333 7.5373 7.5402 7.5421 7.5435 7.5443 7.5448 7.7986 7.7998 7.8007 7.7764 8.2908 8.2931 8.2952 8.297 8.2985 8.2999 6.768 6.7459 3.7431 3.673 3.6346 0.4799 0.4798 0.4485 0.4485 0.4623 0.4622 0.4623 0.4622 5.2577 15.8609 20.6781 25.3377 25.3355 25.3333 25.3313 25.3292 25.3273 25.3254 25.3236 25.3219 25.3203 25.3187 25.3172 25.3158 25.3145 25.3133 25.3121 25.311 25.3099 25.309 25.3081
1.8716 2.4427 3.1533 3.8071 4.6219 4.7308 5.4382 5.5312 6.6028 6.6672 6.7118 6.9294 6.9482 7.5274 7.5362 7.5422 7.5463 7.5489 7.5505 7.5514 7.8009 7.8027 7.8039 7.8049 7.7797 8.2897 8.2925 8.295 8.2971 8.2989 8.3005 8.3019 6.7631 5.3979 3.7334 3.6921 3.6199 0.4799 0.4798 0.4485 0.4485 0.4623 0.4622 0.4623 0.4623 5.2055 11.1229 15.9501 20.741 25.3373 25.335 25.3328 25.3306 25.3285 25.3265 25.3245 25.3227 25.3209 25.3192 25.3176 25.3161 25.3147 25.3133 25.3121 25.3109 25.3098 25.3087 25.3078 25.3069
2.0596 3.1421 3.7624 4.0183 4.7453 5.4134 5.914 6.5746 6.674 6.9203 6.9605 6.9832 7.539 7.5489 7.5551 7.5587 7.5606 7.5614 7.8068 7.8086 7.8099 7.8107 7.8112 8.2884 8.2919 8.2948 8.2973 8.2994 8.3013 8.3028 6.7909 5.4347 5.3883 3.7111 3.6771 2.0406 0.4799 0.4798 0.4486 0.4486 0.4624 0.4623 0.4621 0.4623 0.4622 5.2589 15.8873 20.7062 25.3394 25.3369 25.3345 25.3321 25.3299 25.3277 25.3256 25.3236 25.3217 25.3198 25.3181 25.3165 25.3149 25.3134 25.3121 25.3108 25.3096 25.3085 25.3074 25.3065 25.3056
3.2726 3.6657 4.1065 4.7885 5.243 5.8884 6.5161 6.6791 6.9532 7.0104 7.539 7.5582 7.5687 7.5741 7.5763 7.5767 7.816 7.8177 7.8186 7.8191 7.8191 8.2125 8.2911 8.2947 8.2977 8.3003 8.3024 8.3042 8.3057 6.7842 5.4245 3.7347 3.6936 2.0606 2.0363 0.4798 0.4798 0.4486 0.4486 0.4486 0.4623 0.4622 0.4623 0.4622 5.1999 11.1388 16.021 20.7775 25.339 25.3364 25.3339 25.3314 25.3291 25.3268 25.3246 25.3225 25.3205 25.3186 25.3169 25.3152 25.3136 25.3121 25.3107 25.3095 25.3082 25.3071 25.3061 25.3051 25.3042
3.8504 4.4273 4.8655 5.2158 5.8433 6.2984 6.6772 7.0073 7.52 7.5696 7.5922 7.6011 7.6032 7.8292 7.8316 7.8325 7.8324 7.8318 7.9944 8.2125 8.2904 8.2949 8.2986 8.3016 8.3041 8.3061 8.5289 6.8069 5.4595 5.4113 3.7162 3.6721 2.0577 2.0311 0.4798 0.4798 0.4799 0.4487 0.4487 0.4624 0.4622 0.4623 0.4622 0.4622 5.2601 15.9527 20.7404 25.3415 25.3386 25.3359 25.3332 25.3306 25.3282 25.3258 25.3235 25.3214 25.3193 25.3174 25.3155 25.3138 25.3122 25.3107 25.3093 25.308 25.3068 25.3057 25.3047 25.3037 25.3028
4.5587 4.8814 5.223 5.8067 6.1874 6.5644 7.139 7.5532 7.6352 7.6576 7.6572 7.8619 8.0066 8.0059 8.0048 8.0035 8.0021 8.3091 8.2898 8.2955 8.3 8.3037 8.3066 8.5286 8.5319 8.5346 5.5075 5.4473 5.3944 3.693 2.0727 2.0541 0.4796 0.4798 0.4798 0.4799 0.4487 0.4487 0.4624 0.4622 0.4623 0.4623 0.4622 5.1929 11.1584 16.06 25.3442 25.3411 25.3381 25.3352 25.3324 25.3297 25.3272 25.3247 25.3223 25.3201 25.318 25.316 25.3141 25.3124 25.3107 25.3092 25.3078 25.3065 25.3053 25.3042 25.3031 25.3022 25.3013
4.7458 5.2759 5.8985 6.0222 6.6498 7.2975 7.5624 7.7914 8.0442 8.0422 8.0354 8.029 8.0236 8.0191 8.0152 8.0119 8.3154 8.2969 8.3026 8.3071 8.3105 8.533 8.5366 8.5394 7.2643 5.4977 5.4309 5.3728 3.7706 2.0693 2.0398 0.4795 0.4797 0.4799 0.4799 0.4488 0.4488 0.4625 0.4623 0.4623 0.4623 0.4622 0.4621 11.0592 15.9842 20.7481 25.344 25.3407 25.3376 25.3345 25.3316 25.3287 25.326 25.3235 25.321 25.3187 25.3165 25.3145 25.3126 25.3108 25.3091 25.3076 25.3062 25.3049 25.3037 25.3026 25.3015 25.3006 25.2998
5.2296 5.8031 6.1138 6.8628 7.1265 7.6124 8.176 8.2468 8.142 8.0934 8.0674 8.0511 8.0398 8.0315 8.3168 8.5314 8.3074 8.3128 8.74 8.742 8.7436 8.7449 7.3144 7.2569 5.4837 5.4092 3.8181 3.7589 2.0648 2.0319 0.4795 0.4797 0.4799 0.4799 0.4488 0.4489 0.4626 0.4624 0.4624 0.4623 0.4622 0.4622 5.1842 15.8939 16.1078 25.3472 25.3437 25.3402 25.3369 25.3337 25.3306 25.3276 25.3248 25.3221 25.3196 25.3172 25.3149 25.3128 25.3109 25.3091 25.3074 25.3059 25.3044 25.3031 25.3019 25.3008 25.2999 25.299 25.2982
5.9837 6.0492 6.7535 7.276 7.7281 8.2599 8.3009 8.2881 8.1848 8.1254 8.0907 8.4266 8.4496 8.5387 8.5573 8.74 8.7427 8.7445 8.7458 8.7467 8.7475 7.3124 7.2461 5.4643 3.8897 3.8106 2.102 2.0584 2.0217 0.4843 0.4796 0.4798 0.4799 0.4489 0.4489 0.4627 0.4624 0.4622 0.4623 0.4622 0.4622 0.4672 11.07 16.0235 20.7722 25.3471 25.3433 25.3397 25.3361 25.3327 25.3295 25.3264 25.3234 25.3206 25.318 25.3155 25.3132 25.3111 25.3091 25.3073 25.3056 25.304 25.3026 25.3013 25.3001 25.299 25.2981 25.2972 25.2964
6.3238 7.0402 7.2781 7.6644 8.3467 8.4498 8.3211 8.2356 8.4544 8.4737 8.848 8.9586 8.9852 8.75 8.7515 8.7517 8.7514 8.9661 8.9632 7.3975 7.3081 7.2308 5.438 3.8912 3.7996 2.0994 2.0498 2.0085 0.4842 0.4795 0.4798 0.4799 0.4801 0.449 0.4628 0.4625 0.4623 0.4623 0.4622 0.4622 0.4672 0.4671 15.9216 16.111 25.3509 25.3469 25.3429 25.339 25.3352 25.3316 25.3282 25.3249 25.3219 25.319 25.3162 25.3137 25.3113 25.3091 25.3071 25.3053 25.3036 25.302 25.3006 25.2993 25.2982 25.2971 25.2962 25.2954 25.2946
6.9498 7.3688 7.7404 8.2415 8.755 8.8402 8.7698 8.8298 8.895 9.1275 9.0253 9.0358 9.0005 8.9857 8.9754 8.9691 8.9638 8.9631 7.408 7.3011 5.7863 5.6512 3.8906 3.7836 2.0948 2.0379 1.9914 0.4841 0.4794 0.4797 0.4798 0.4801 0.4491 0.4491 0.4626 0.4623 0.4623 0.4622 0.4622 0.4672 0.4671 11.0843 16.0136 20.8015 25.3509 25.3466 25.3423 25.3382 25.3342 25.3304 25.3268 25.3234 25.3201 25.3171 25.3143 25.3117 25.3093 25.3071 25.305 25.3031 25.3014 25.2999 25.2985 25.2973 25.2961 25.2951 25.2942 25.2934 25.2928
7.447 7.8128 8.4093 8.7167 9.2416 9.3819 9.4348 9.6078 9.6692 9.5633 9.3277 9.2567 9.2167 9.1929 9.1804 8.9638 8.9613 7.6406 5.9919 5.7951 4.0427 3.8864 3.7602 2.087 2.0215 1.969 0.4839 0.4792 0.4796 0.4797 0.4801 0.4493 0.4493 0.4627 0.4624 0.4624 0.4623 0.4622 0.4671 0.4671 0.4671 15.8941 16.1716 25.3556 25.3508 25.3462 25.3416 25.3372 25.333 25.329 25.3252 25.3216 25.3182 25.3151 25.3122 25.3095 25.307 25.3048 25.3027 25.3009 25.2992 25.2976 25.2963 25.295 25.294 25.293 25.2922 25.2914 25.2908
8.2777 8.3972 8.9018 9.289 9.3841 9.6027 9.6807 9.6916 9.5947 9.5273 9.2607 9.1941 9.1576 9.1419 9.1384 9.1413 7.6689 6.0486 5.8029 4.0672 3.8763 3.7258 2.0744 1.9985 1.9392 0.4837 0.479 0.4794 0.4797 0.4801 0.4494 0.4494 0.4628 0.4625 0.4624 0.4623 0.4622 0.4671 0.4671 0.4671 11.0583 16.0605 20.8379 25.3558 25.3507 25.3456 25.3408 25.3361 25.3316 25.3273 25.3233 25.3196 25.3161 25.3128 25.3098 25.3071 25.3046 25.3023 25.3002 25.2984 25.2967 25.2952 25.2939 25.2927 25.2917 25.2908 25.29 25.2893 25.2887
8.5166 8.8017 9.1165 9.5044 9.8737 9.7446 9.7591 9.717 9.5549 9.2754 9.1566 9.0952 9.075 9.0776 9.0895 7.7065 6.1221 5.8088 4.0926 3.8559 3.6747 2.0542 1.9661 0.4704 0.4697 0.4787 0.4792 0.4797 0.48 0.4496 0.4496 0.463 0.4626 0.4624 0.4623 0.4622 0.4671 0.4671 0.4671 0.467 15.922 16.2725 25.3616 25.356 25.3504 25.345 25.3398 25.3347 25.33 25.3255 25.3213 25.3173 25.3137 25.3103 25.3073 25.3045 25.3019 25.2996 25.2976 25.2957 25.2941 25.2926 25.2914 25.2902 25.2893 25.2884 25.2877 25.2871 25.2866
8.9893 9.1252 9.1981 9.675 9.8366 9.9206 9.7703 9.6617 9.3048 9.074 8.9837 8.948 8.9686 8.6176 7.759 6.2204 5.8108 4.1153 3.8173 3.5974 2.0218 1.9199 0.4706 0.4697 0.4782 0.4789 0.4795 0.48 0.4498 0.4498 0.4632 0.4627 0.4625 0.4623 0.4622 0.4671 0.4671 0.467 0.467 11.1006 16.1414 20.8835 25.3622 25.356 25.35 25.3441 25.3385 25.3332 25.3281 25.3233 25.3189 25.3148 25.311 25.3076 25.3044 25.3016 25.299 25.2967 25.2947 25.2929 25.2913 25.2899 25.2887 25.2876 25.2867 25.2859 25.2853 25.2848 25.2843
9.076 9.331 9.4869 9.6496 9.7808 9.9902 9.8332 9.5833 8.9699 8.9001 8.5657 8.5416 8.5469 7.4415 6.3562 5.8054 4.1257 3.7462 3.4786 1.9696 1.8532 0.4709 0.4698 0.4689 0.4785 0.4793 0.4798 0.4805 0.4501 0.4635 0.4629 0.4624 0.4623 0.4621 0.4671 0.467 0.467 0.467 0.4307 15.9748 16.3489 25.3694 25.3627 25.356 25.3494 25.3431 25.337 25.3313 25.3259 25.3209 25.3162 25.3119 25.308 25.3045 25.3013 25.2984 25.2958 25.2936 25.2916 25.2898 25.2883 25.287 25.2858 25.2848 25.284 25.2834 25.2828 25.2824 25.282
9.1994 9.3792 9.4437 9.5683 9.7233 9.8921 9.2932 8.9947 8.6579 8.4786 8.356 8.4248 7.6339 7.1015 5.3823 4.0989 3.6143 3.2924 1.8851 1.7565 0.4715 0.4699 0.4688 0.4779 0.4789 0.4796 0.4805 0.4505 0.4504 0.4631 0.4625 0.4623 0.4621 0.467 0.467 0.467 0.4669 0.4308 11.0932 16.1943 20.9416 25.3705 25.3631 25.3558 25.3486 25.3418 25.3352 25.3291 25.3234 25.318 25.3132 25.3087 25.3047 25.301 25.2978 25.2949 25.2924 25.2901 25.2882 25.2865 25.2851 25.2838 25.2828 25.2819 25.2812 25.2806 25.2802 25.2799 25.2796
