normal_rasters/0772100001000734.ascii
ncols 167 
nrows 183 
xllcorner 158677.485001
yllcorner 383630.904999
cellsize 0.25
nodata_value -9999 
[rows 128 to 159 of 183, columns 0 to 71 of 167]
8.7795 8.6493 9.6527 9.6524 9.6521 9.092 9.9449 9.9452 8.9292 8.9302 8.9313 8.9324 8.9337 8.9352 8.9367 8.9384 8.9402 8.9422 8.9443 8.9466 8.9491 9.02 9.0245 9.0294 9.0345 9.0399 9.0456 9.0514 9.0574 9.0635 9.2564 9.2586 9.2606 9.2624 9.2639 9.2651 9.2659 9.2664 9.2666 9.2664 9.2659 9.2651 9.2641 9.2628 9.2613 8.6276 8.6122 7.6773 7.6582 7.6403 7.6234 7.6078 7.6839 6.4702 6.4373 6.4365 6.4355 6.3295 6.3287 6.3277 6.218 6.2173 6.0584 6.0572 5.9401 5.9389 5.8327 5.8308 5.8284 5.6899 5.6279 5.5665
8.6496 9.6525 9.6522 9.0931 9.0916 9.9453 8.9283 8.9292 8.9301 8.9311 8.9322 8.9334 8.9347 8.9361 8.9376 8.9393 8.9411 8.943 8.945 8.9472 9.0175 9.0215 9.0258 9.0304 9.0352 9.0402 9.0455 9.0508 9.0563 9.0618 9.2542 9.2561 9.2579 9.2595 9.2608 9.2618 9.2626 9.2631 9.2633 9.2632 9.2628 9.2621 9.2612 9.2601 9.2588 9.2574 8.6141 8.6004 7.6633 7.6464 7.6305 7.6156 8.0943 6.4369 6.4361 6.4352 6.3292 6.3285 6.2185 6.2179 6.2172 6.0578 6.0566 5.9395 5.9384 5.8321 5.8305 5.8285 5.6907 5.5663 5.5671 5.6839
9.6524 9.6521 9.0926 10.489 9.9456 8.9283 8.9291 8.93 8.931 8.932 8.9331 8.9343 8.9356 8.9369 8.9384 8.9401 8.9418 8.9436 8.9456 8.9477 9.0189 9.0228 9.0269 9.0312 9.0357 9.0404 9.0452 9.0501 9.0552 9.2502 9.2521 9.2538 9.2554 9.2568 9.258 9.2589 9.2596 9.2601 9.2603 9.2602 9.2599 9.2593 9.2586 9.2576 9.2565 9.2552 8.6155 8.6028 7.6674 7.6515 7.6364 7.6223 7.8691 6.4358 6.3296 6.329 6.3284 6.2183 6.2177 6.2171 6.0573 6.0562 5.9391 5.9381 5.8316 5.8302 5.8656 5.6913 5.7286 5.6841 5.6875 5.6919
9.652 9.0922 9.9457 9.946 8.9283 8.9291 8.9299 8.9308 8.9317 8.9328 8.9339 8.9351 8.9363 8.9377 8.9392 8.9407 8.9424 8.9442 8.9461 9.0167 9.0202 9.0238 9.0277 9.0317 9.036 9.0403 9.0448 9.0494 9.054 9.2484 9.2501 9.2517 9.2531 9.2543 9.2554 9.2563 9.2569 9.2573 9.2575 9.2575 9.2572 9.2568 9.2561 9.2553 9.2543 9.2532 8.6164 8.6046 8.5931 7.6557 7.6415 7.628 6.4356 6.3294 6.3289 6.3283 6.2181 6.2176 6.2171 6.0569 6.0559 5.9387 5.9194 5.8313 5.8671 5.8657 5.729 5.7314 5.6866 5.6898 5.7112 5.7154
10.489 9.946 9.9462 8.9283 8.929 8.9298 8.9306 8.9315 8.9325 8.9335 8.9346 8.9357 8.937 8.9383 8.9398 8.9413 8.9429 8.9446 9.0148 9.0179 9.0212 9.0247 9.0283 9.0321 9.0361 9.0401 9.0443 9.0485 9.0528 9.2467 9.2482 9.2497 9.2509 9.2521 9.253 9.2538 9.2544 9.2548 9.255 9.255 9.2548 9.2544 9.2538 9.2531 9.2523 9.2513 9.2502 8.606 8.5952 7.6592 7.6458 7.633 6.3292 6.3288 6.3282 6.218 6.2175 6.0572 6.0565 6.0557 5.9384 5.919 5.868 5.867 5.738 5.7311 5.7335 5.6883 5.6912 5.7121 5.8158 5.8185
9.9463 9.9465 8.9283 8.929 8.9297 8.9305 8.9313 8.9322 8.9331 8.9341 8.9352 8.9364 8.9376 8.9389 8.9403 8.9418 8.9433 8.945 9.0159 9.0189 9.0221 9.0254 9.0288 9.0324 9.0361 9.0399 9.0438 9.0477 9.0516 9.2451 9.2465 9.2478 9.249 9.25 9.2509 9.2516 9.2521 9.2525 9.2527 9.2527 9.2525 9.2522 9.2517 9.2511 9.2504 9.2495 9.2486 8.607 8.5969 8.5872 7.6494 8.0434 6.3287 6.2182 6.2179 6.2175 6.0569 6.0563 6.0555 5.9198 5.9187 5.8679 5.867 5.7309 5.7328 5.735 5.6894 5.7099 5.814 5.816 5.8184 5.8658
8.9277 8.9283 8.9289 8.9296 8.9303 8.9311 8.9319 8.9328 8.9337 8.9347 8.9358 8.9369 8.9381 8.9394 8.9407 8.9422 8.9437 9.0142 9.0169 9.0198 9.0228 9.0259 9.0291 9.0325 9.036 9.0395 9.0431 9.0468 9.2423 9.2436 9.2449 9.2461 9.2471 9.248 9.2488 9.2495 9.25 9.2503 9.2505 9.2506 9.2504 9.2502 9.2498 9.2492 9.2486 9.2478 9.247 9.246 8.5982 8.5891 7.6524 8.5139 6.2181 6.2178 6.2174 6.0566 6.056 6.0553 5.9194 5.8685 5.8677 5.9045 5.7322 5.734 5.736 5.7536 5.8123 5.8143 5.8161 5.8181 5.864 5.8642
8.9282 8.9288 8.9295 8.9302 8.9309 8.9317 8.9325 8.9333 8.9343 8.9353 8.9363 8.9374 8.9386 8.9398 8.9411 8.9425 9.0126 9.0151 9.0177 9.0205 9.0233 9.0263 9.0294 9.0325 9.0358 9.0391 9.0425 9.0459 9.241 9.2422 9.2434 9.2444 9.2454 9.2462 9.247 9.2476 9.248 9.2484 9.2485 9.2486 9.2485 9.2483 9.2479 9.2475 9.2469 9.2462 9.2455 9.2446 8.5992 8.5906 8.5822 7.6959 6.2177 6.2174 6.0564 6.0558 5.9199 5.9192 5.8683 5.8676 5.9051 5.7333 5.7349 5.7914 5.8111 5.8127 5.8144 5.8159 5.8626 5.8627 5.8627 5.8627
8.9288 8.9294 8.93 8.9307 8.9314 8.9322 8.933 8.9338 8.9348 8.9357 8.9367 8.9378 8.939 8.9402 8.9414 8.9427 9.0135 9.0159 9.0184 9.021 9.0238 9.0266 9.0295 9.0325 9.0355 9.0387 9.0418 9.045 9.2398 9.2409 9.2419 9.2429 9.2438 9.2446 9.2452 9.2458 9.2462 9.2465 9.2467 9.2468 9.2467 9.2465 9.2462 9.2458 9.2453 9.2447 9.244 9.2433 8.6 8.5918 8.5839 7.596 6.2174 6.0562 6.0557 5.9196 5.9746 5.8681 5.9054 5.9057 5.7341 5.7356 5.7921 5.8115 5.8129 5.8144 5.8615 5.8616 5.8616 5.8615 5.8611 5.8602
8.9292 8.9298 8.9305 8.9312 8.9319 8.9326 8.9335 8.9343 8.9352 8.9361 8.9371 8.9382 8.9393 8.9405 8.9417 9.0121 9.0143 9.0166 9.019 9.0215 9.0241 9.0268 9.0295 9.0324 9.0352 9.0382 9.0411 9.0441 9.2386 9.2396 9.2406 9.2415 9.2423 9.243 9.2436 9.2441 9.2445 9.2448 9.245 9.245 9.245 9.2448 9.2446 9.2442 9.2438 9.2432 9.2426 9.242 9.2412 8.5928 9.0174 6.0565 6.056 6.0556 5.9749 5.8685 5.868 5.9058 5.9061 5.7347 5.7911 5.8106 5.8117 5.813 5.8607 5.8607 5.8607 5.8607 5.8604 5.8597 5.8589 5.8578
8.9297 8.9303 8.9309 8.9316 8.9323 8.9331 8.9339 8.9347 8.9356 8.9365 8.9375 8.9385 8.9396 8.9407 9.0109 9.0129 9.015 9.0172 9.0195 9.0219 9.0244 9.0269 9.0295 9.0322 9.0349 9.0376 9.0404 9.2365 9.2375 9.2384 9.2393 9.2401 9.2409 9.2415 9.2421 9.2426 9.2429 9.2432 9.2434 9.2435 9.2434 9.2433 9.2431 9.2428 9.2424 9.2419 9.2413 9.2407 9.2401 8.5936 8.4212 6.0559 6.0555 5.9747 5.8683 5.988 5.9062 5.9064 5.7904 5.7916 5.8108 5.8119 5.86 5.86 5.86 5.86 5.8598 5.8593 5.8587 5.8579 5.8059 5.8045
8.9301 8.9307 8.9314 8.932 8.9327 8.9335 8.9343 8.9351 8.9359 8.9368 8.9378 8.9388 8.9398 8.9409 9.0116 9.0136 9.0156 9.0177 9.0199 9.0222 9.0246 9.027 9.0294 9.032 9.0345 9.0371 9.0397 9.2355 9.2364 9.2373 9.2381 9.2389 9.2395 9.2401 9.2407 9.2411 9.2415 9.2417 9.2419 9.242 9.2419 9.2418 9.2416 9.2414 9.241 9.2406 9.2401 9.2396 9.239 8.5941 8.3919 5.975 5.9746 5.9881 5.9063 5.9065 5.7344 5.7909 5.8101 5.811 5.8595 5.8595 5.8595 5.8595 5.8594 5.859 5.8584 5.8578 5.8571 5.8048 5.8035 5.802
8.9305 8.9311 8.9317 8.9324 8.9331 8.9338 8.9346 8.9354 8.9362 8.9371 8.9381 8.939 8.94 9.0105 9.0123 9.0142 9.0161 9.0182 9.0203 9.0224 9.0247 9.027 9.0293 9.0317 9.0341 9.0365 9.039 9.2345 9.2354 9.2362 9.237 9.2377 9.2383 9.2389 9.2393 9.2398 9.2401 9.2403 9.2405 9.2406 9.2406 9.2405 9.2403 9.2401 9.2397 9.2394 9.2389 9.2384 9.2379 9.0244 7.4238 5.9882 5.9882 5.9065 5.9067 5.8388 5.7912 5.8102 5.8111 5.859 5.859 5.859 5.859 5.8586 5.8582 5.8577 5.8572 5.8565 5.8039 5.8028 5.8014 5.7998
8.9309 8.9315 8.9321 8.9328 8.9334 8.9342 8.9349 8.9357 8.9365 8.9374 8.9383 8.9392 9.0094 9.0111 9.0129 9.0147 9.0166 9.0185 9.0205 9.0226 9.0247 9.0269 9.0291 9.0314 9.0337 9.036 9.0383 9.2336 9.2344 9.2352 9.2359 9.2365 9.2371 9.2376 9.2381 9.2385 9.2388 9.239 9.2392 9.2392 9.2393 9.2392 9.239 9.2388 9.2385 9.2382 9.2378 9.2374 9.2369 9.0147 5.9883 5.9884 5.9067 5.8382 5.8391 5.8555 5.8103 5.8587 5.8587 5.8586 5.8586 5.8583 5.858 5.8576 5.8572 5.8566 5.8041 5.8032 5.8022 5.801 5.7996 5.798
8.9312 8.9318 8.9324 8.9331 8.9337 8.9344 8.9352 8.936 8.9368 8.9376 8.9385 8.9394 9.01 9.0117 9.0134 9.0151 9.0169 9.0188 9.0207 9.0227 9.0248 9.0268 9.0289 9.0311 9.0332 9.0354 9.232 9.2328 9.2335 9.2342 9.2349 9.2355 9.236 9.2365 9.2369 9.2373 9.2376 9.2378 9.2379 9.238 9.238 9.238 9.2378 9.2377 9.2374 9.2371 9.2367 9.2363 9.2359 8.3553 5.9885 5.9069 5.8386 5.8551 5.8556 5.8583 5.8583 5.8583 5.8583 5.8581 5.8578 5.8575 5.8571 5.8567 5.8562 5.8035 5.8027 5.8018 5.8007 5.7995 5.7981 5.7036
8.9315 8.9321 8.9327 8.9334 8.934 8.9347 8.9354 8.9362 8.937 8.9378 8.9386 9.0091 9.0106 9.0122 9.0138 9.0155 9.0172 9.019 9.0209 9.0228 9.0247 9.0267 9.0287 9.0307 9.0328 9.0348 9.2312 9.2319 9.2326 9.2333 9.2339 9.2344 9.2349 9.2354 9.2358 9.2361 9.2364 9.2366 9.2368 9.2368 9.2369 9.2368 9.2367 9.2365 9.2363 9.2361 9.2357 9.2354 9.2349 7.4685 5.965 5.8388 5.8552 5.8556 5.8581 5.858 5.858 5.8579 5.8576 5.8574 5.8571 5.8567 5.8563 5.8036 5.803 5.8023 5.8014 5.8005 5.7994 5.7039 5.6354 5.6004
8.9318 8.9324 8.933 8.9336 8.9343 8.9349 8.9356 8.9364 8.9371 8.9379 9.0082 9.0096 9.0111 9.0126 9.0142 9.0158 9.0175 9.0192 9.021 9.0228 9.0247 9.0265 9.0284 9.0304 9.0323 9.0342 9.2305 9.2311 9.2318 9.2324 9.233 9.2335 9.2339 9.2344 9.2347 9.2351 9.2353 9.2355 9.2357 9.2357 9.2358 9.2357 9.2356 9.2355 9.2353 9.2351 9.2348 9.2344 8.3663 7.4988 5.839 5.8552 5.8578 5.8578 5.8578 5.8577 5.8575 5.8573 5.857 5.8567 5.8564 5.856 5.8032 5.8026 5.8019 5.8012 5.8003 5.7993 5.6359 5.635 5.6002 5.5997
8.9321 8.9327 8.9332 8.9339 8.9345 8.9352 8.9358 8.9366 8.9373 8.9381 9.0087 9.0101 9.0115 9.013 9.0145 9.0161 9.0177 9.0194 9.0211 9.0228 9.0246 9.0263 9.0282 9.03 9.0318 9.0337 9.2297 9.2304 9.231 9.2315 9.2321 9.2326 9.233 9.2334 9.2337 9.234 9.2343 9.2345 9.2346 9.2347 9.2347 9.2347 9.2346 9.2345 9.2343 9.2341 9.2338 9.2335 8.3433 5.8549 5.8576 5.8576 5.8576 5.8575 5.8573 5.8571 5.8569 5.8567 5.8564 5.8561 5.8557 5.8028 5.8023 5.8016 5.8009 5.8002 5.7993 5.6355 5.6003 5.6 5.5995 5.5664
8.9323 8.9329 8.9335 8.9341 8.9347 8.9353 8.936 8.9367 8.9374 9.0079 9.0092 9.0105 9.0119 9.0133 9.0148 9.0163 9.0179 9.0195 9.0211 9.0227 9.0244 9.0261 9.0279 9.0296 9.0313 9.2284 9.229 9.2296 9.2302 9.2307 9.2312 9.2317 9.2321 9.2325 9.2328 9.2331 9.2333 9.2335 9.2336 9.2337 9.2337 9.2337 9.2337 9.2335 9.2334 9.2332 9.2329 9.0056 7.4838 5.8574 5.8574 5.8573 5.8572 5.857 5.8568 5.8566 5.8564 5.8561 5.8558 5.8029 5.8025 5.802 5.8014 5.8008 5.8001 5.6359 5.6352 5.6002 5.5998 5.5994 5.5663 5.5657
8.9326 8.9331 8.9337 8.9343 8.9349 8.9355 8.9362 8.9368 9.0072 9.0084 9.0096 9.0109 9.0123 9.0136 9.0151 9.0165 9.018 9.0195 9.0211 9.0227 9.0243 9.0259 9.0276 9.0292 9.0309 9.2278 9.2284 9.2289 9.2295 9.23 9.2304 9.2309 9.2312 9.2316 9.2319 9.2322 9.2324 9.2326 9.2327 9.2328 9.2328 9.2328 9.2327 9.2326 9.2325 9.2323 9.2321 8.3538 7.3673 5.8572 5.8571 5.8569 5.8568 5.8566 5.8564 5.8561 5.8559 5.8556 5.8026 5.8022 5.8017 5.8012 5.8006 5.8 5.6356 5.6349 5.6 5.5997 5.5667 5.5662 5.5657 5.2697
8.9328 8.9333 8.9339 8.9344 8.935 8.9356 8.9363 8.9369 9.0076 9.0088 9.01 9.0113 9.0126 9.0139 9.0153 9.0167 9.0181 9.0196 9.0211 9.0226 9.0241 9.0257 9.0272 9.0288 9.0304 9.2272 9.2277 9.2283 9.2288 9.2292 9.2297 9.2301 9.2304 9.2308 9.2311 9.2313 9.2315 9.2317 9.2318 9.2319 9.2319 9.2319 9.2319 9.2318 9.2317 9.2315 9.0087 7.4943 5.8569 5.8568 5.8567 5.8565 5.8563 5.8561 5.8559 5.8557 5.8027 5.8024 5.802 5.8015 5.801 5.8005 5.7999 5.6353 5.6347 5.5999 5.5996 5.5666 5.5661 5.5656 5.2692 5.2683
8.9329 8.9335 8.934 8.9346 8.9352 8.9358 8.9364 9.0069 9.008 9.0092 9.0103 9.0116 9.0128 9.0141 9.0154 9.0168 9.0182 9.0196 9.021 9.0225 9.0239 9.0254 9.0269 9.0284 9.0299 9.2266 9.2271 9.2276 9.2281 9.2285 9.2289 9.2293 9.2297 9.23 9.2302 9.2305 9.2307 9.2308 9.231 9.231 9.2311 9.2311 9.231 9.231 9.2309 9.2307 8.9958 7.3809 5.8566 5.8565 5.8563 5.8561 5.8559 5.8557 5.8555 5.8025 5.8021 5.8018 5.8014 5.8009 5.8004 5.6356 5.6351 5.6001 5.5998 5.5996 5.5665 5.5661 5.5657 5.2688 5.268 5.0254
8.9331 8.9336 8.9342 8.9347 8.9353 8.9359 9.0063 9.0073 9.0084 9.0095 9.0106 9.0118 9.013 9.0143 9.0156 9.0169 9.0182 9.0196 9.0209 9.0223 9.0237 9.0251 9.0266 9.028 9.2255 9.226 9.2265 9.227 9.2274 9.2278 9.2282 9.2286 9.2289 9.2292 9.2295 9.2297 9.2299 9.23 9.2302 9.2302 9.2303 9.2303 9.2302 9.2302 9.2301 9.2299 7.5031 5.8564 5.8563 5.8561 5.8559 5.8558 5.8556 5.8553 5.8023 5.8019 5.8016 5.8012 5.8008 5.8003 5.6354 5.6349 5.6 5.5998 5.5995 5.5664 5.5661 5.4296 5.2685 5.0258 5.0244 5.0227
8.9333 8.9338 8.9343 8.9348 8.9354 8.9359 9.0066 9.0077 9.0087 9.0098 9.0109 9.0121 9.0132 9.0144 9.0157 9.0169 9.0182 9.0195 9.0208 9.0222 9.0235 9.0249 9.0262 9.0276 9.225 9.2255 9.2259 9.2264 9.2268 9.2272 9.2276 9.2279 9.2282 9.2285 9.2287 9.229 9.2291 9.2293 9.2294 9.2295 9.2295 9.2295 9.2295 9.2294 9.2293 8.9991 7.3925 5.8561 5.8559 5.8558 5.8556 5.8554 5.8023 5.8021 5.8018 5.8014 5.8011 5.8007 5.8003 5.6352 5.6348 5.5999 5.5997 5.5995 5.5664 5.5661 5.4294 5.1921 5.0249 5.0236 5.0221 4.8004
8.9334 8.9339 8.9344 8.9349 8.9355 9.006 9.007 9.008 9.009 9.0101 9.0112 9.0123 9.0134 9.0146 9.0158 9.017 9.0182 9.0195 9.0207 9.022 9.0233 9.0246 9.0259 9.0272 9.2245 9.225 9.2254 9.2258 9.2262 9.2266 9.2269 9.2272 9.2275 9.2278 9.228 9.2282 9.2284 9.2286 9.2287 9.2287 9.2288 9.2288 9.2288 9.2287 9.2286 8.3522 5.8559 5.8558 5.8556 5.8555 5.8553 5.8022 5.8019 5.8016 5.8013 5.801 5.8006 5.6354 5.635 5.6346 5.5998 5.5996 5.5666 5.5664 5.566 5.4292 5.1912 5.0242 5.023 4.801 4.7999 4.7987
8.9335 8.934 8.9345 8.935 9.0055 9.0064 9.0073 9.0083 9.0093 9.0103 9.0114 9.0124 9.0135 9.0147 9.0158 9.017 9.0182 9.0194 9.0206 9.0218 9.0231 9.0243 9.0256 9.2236 9.224 9.2245 9.2249 9.2253 9.2256 9.226 9.2263 9.2266 9.2269 9.2271 9.2274 9.2276 9.2277 9.2279 9.228 9.228 9.2281 9.2281 9.2281 9.228 9.0017 7.4934 5.8557 5.8555 5.8553 5.8022 5.802 5.8018 5.8015 5.8012 5.8009 5.8005 5.6353 5.6349 5.6345 5.5998 5.5996 5.5666 5.5663 5.4298 5.1919 5.0246 5.0236 5.0225 4.8006 4.7995 4.3778 4.3737
8.9336 8.9341 8.9346 8.9351 9.0058 9.0067 9.0076 9.0086 9.0095 9.0105 9.0115 9.0126 9.0137 9.0147 9.0159 9.017 9.0181 9.0193 9.0205 9.0216 9.0228 9.024 9.0252 9.2231 9.2236 9.224 9.2243 9.2247 9.2251 9.2254 9.2257 9.226 9.2263 9.2265 9.2267 9.2269 9.2271 9.2272 9.2273 9.2274 9.2274 9.2274 9.2274 9.2274 8.9912 7.3421 5.8554 5.8552 5.8021 5.8019 5.8016 5.8014 5.8011 5.8008 5.8005 5.6351 5.6348 5.5999 5.5998 5.5996 5.5665 5.5663 5.4296 5.1911 5.0241 5.0231 5.022 4.8002 4.7992 4.376 4.3722 4.3216
8.9337 8.9342 8.9347 9.0053 9.0061 9.007 9.0079 9.0088 9.0097 9.0107 9.0117 9.0127 9.0137 9.0148 9.0159 9.017 9.0181 9.0192 9.0203 9.0214 9.0226 9.0237 9.0249 9.2227 9.2231 9.2235 9.2238 9.2242 9.2245 9.2249 9.2251 9.2254 9.2257 9.2259 9.2261 9.2263 9.2264 9.2266 9.2267 9.2267 9.2268 9.2268 9.2268 9.0038 7.4619 5.8553 5.8551 5.8019 5.8017 5.8015 5.8013 5.801 5.8007 5.6353 5.635 5.6347 5.5999 5.5997 5.5996 5.5665 5.5663 5.3443 5.1905 5.0236 5.0227 5.0217 4.7998 4.3777 4.3745 4.371 4.3207 4.1303
8.9338 8.9343 9.0048 9.0056 9.0064 9.0073 9.0081 9.009 9.0099 9.0109 9.0118 9.0128 9.0138 9.0148 9.0159 9.0169 9.018 9.0191 9.0201 9.0212 9.0223 9.0234 9.0245 9.2223 9.2227 9.223 9.2234 9.2237 9.224 9.2243 9.2246 9.2249 9.2251 9.2253 9.2255 9.2257 9.2258 9.2259 9.226 9.2261 9.2262 9.2262 9.2262 8.994 7.3498 5.802 5.8018 5.8016 5.8014 5.8012 5.8009 5.8007 5.6352 5.6349 5.6346 5.5998 5.5997 5.5667 5.5665 5.5663 5.1911 5.1899 5.0232 5.0224 4.8003 4.7995 4.3762 4.3733 4.37 4.32 4.1299 5.4962
8.9339 8.9343 9.0051 9.0059 9.0067 9.0075 9.0083 9.0092 9.0101 9.011 9.012 9.0129 9.0139 9.0149 9.0159 9.0169 9.0179 9.0189 9.02 9.021 9.0221 9.0231 9.2215 9.2219 9.2222 9.2226 9.2229 9.2232 9.2235 9.2238 9.2241 9.2243 9.2246 9.2248 9.2249 9.2251 9.2252 9.2254 9.2254 9.2255 9.2256 9.2256 9.2256 8.3454 5.8019 5.8017 5.8015 5.8013 5.8011 5.8009 5.753 5.6351 5.6348 5.6346 5.5998 5.5997 5.5666 5.5665 5.3444 5.1905 5.1894 5.0229 5.0221 4.8 4.4875 4.375 4.3723 4.3692 4.3195 4.1296 5.5117 4.5523
8.934 9.0046 9.0053 9.0061 9.0069 9.0077 9.0085 9.0094 9.0103 9.0112 9.0121 9.013 9.0139 9.0149 9.0158 9.0168 9.0178 9.0188 9.0198 9.0208 9.0218 9.0229 9.2211 9.2215 9.2218 9.2221 9.2225 9.2228 9.223 9.2233 9.2236 9.2238 9.224 9.2242 9.2244 9.2246 9.2247 9.2248 9.2249 9.225 9.225 9.225 8.9963 7.3564 5.8016 5.8014 5.8012 5.801 5.8008 5.7529 5.635 5.6348 5.5999 5.5998 5.5997 5.5666 5.5664 5.3438 5.1901 5.0233 5.0226 5.0218 4.7997 4.3763 4.3739 4.3714 4.3222 4.319 5.7863 5.0205 4.5595 4.5682
9.0042 9.0049 9.0056 9.0064 9.0071 9.0079 9.0087 9.0096 9.0104 9.0113 9.0121 9.013 9.0139 9.0149 9.0158 9.0167 9.0177 9.0187 9.0196 9.0206 9.0216 9.0226 9.2207 9.2211 9.2214 9.2217 9.222 9.2223 9.2226 9.2228 9.2231 9.2233 9.2235 9.2237 9.2239 9.224 9.2241 9.2243 9.2243 9.2244 9.2245 9.2245 8.1464 7.3369 5.8013 5.8012 5.801 5.7532 5.6351 5.6349 5.6347 5.5999 5.5998 5.5996 5.5666 5.3444 5.3433 5.1897 5.023 5.0223 5.0216 4.4874 4.3752 4.373 4.3706 4.3216 5.7865 5.0426 4.558 4.5655 4.5738 4.5831
