normal_rasters/0772100000297597.ascii
ncols 75 
nrows 56 
xllcorner 159478.953979
yllcorner 383872.179993
cellsize 0.25
nodata_value -9999 
[rows 0 to 30 of 56, columns 0 to 69 of 75]
1.0484 1.196 1.1972 1.1984 1.1996 1.3165 1.3178 1.3405 1.491 1.6083 1.6089 1.6095 1.8035 1.7844 2.0583 2.062 2.0661 5.479 8.7911 12.3983 16.0171 16.1174 16.1317 19.3658 16.2507 16.2961 19.504 19.5069 19.5612 19.5877 19.5895 19.6433 19.6444 19.6458 19.7204 19.7766 19.7787 19.8357 19.8486 19.9037 19.9069 19.9612 20.016 20.0165 20.0169 20.0174 20.0271 20.0271 20.0271 20.0271 20.0271 20.0271 20.0271 20.0271 20.0271 20.0271 20.0271 20.0271 20.0271 20.0271 20.0271 20.0271 20.0271 20.0271 20.0271 20.0271 20.0271 20.0271 20.0271 20.0271
1.0482 1.1954 1.1966 1.1979 1.1992 1.316 1.3174 1.3188 1.3434 1.6082 1.6088 1.6094 1.8023 1.7834 2.0561 2.0602 2.0646 2.4119 8.6901 12.3403 15.9907 16.1162 16.1319 16.1485 16.2442 16.2944 19.4236 19.506 19.5094 19.5871 19.589 19.5911 19.644 19.6454 19.6837 19.7756 19.7779 19.7804 19.8477 19.9024 19.9061 19.9606 19.9637 20.0163 20.0169 20.0174 20.0271 20.0271 20.0271 20.0271 20.0271 20.0271 20.0271 20.0271 20.0271 20.0271 20.0271 20.0271 20.0271 20.0271 20.0271 20.0271 20.0271 20.0271 20.0271 20.0271 20.0271 20.0271 20.0271 20.0271
1.0481 1.0486 1.1959 1.1973 1.1988 1.2003 1.3169 1.3185 1.3425 1.4928 1.6086 1.6093 1.8009 1.7823 1.7855 2.0581 2.0629 2.068 5.5678 12.2697 12.4714 16.114 16.1314 16.1499 16.235 16.2907 19.4228 19.5047 19.5086 19.5616 19.5885 19.5908 19.6434 19.645 19.6833 19.7205 19.7768 19.7796 19.8465 19.8502 19.9049 19.9599 19.9635 20.0161 20.0168 20.0175 20.0271 20.0271 20.0271 20.0271 20.0271 20.0271 20.0271 20.0271 20.0271 20.0271 20.0271 20.0271 20.0271 20.0271 20.0271 20.0271 20.0271 20.0271 20.0271 20.0271 20.0271 20.0271 20.0974 20.0991
1.0478 1.0484 1.1952 1.1966 1.1982 1.1999 1.3164 1.3181 1.3413 1.4918 1.6084 1.6092 1.6093 1.7809 1.7844 2.0555 2.0608 2.0665 2.4137 8.7442 12.4065 16.1107 16.1299 16.1507 16.1727 16.2844 16.3505 19.4252 19.5074 19.561 19.5877 19.5904 19.6426 19.6444 19.6465 19.7203 19.7753 19.7786 19.8449 19.8491 19.9033 19.9087 19.9631 20.0158 20.0166 20.0175 20.0271 20.0271 20.0271 20.0271 20.0271 20.0271 20.0271 20.0271 20.0271 20.0271 20.0271 20.0271 20.0271 20.0271 20.0271 20.0271 20.0271 20.0271 20.0271 20.0271 20.0271 20.097 20.0991 20.1007
1.0475 1.0482 1.0489 1.1958 1.1975 1.1994 1.3158 1.3176 1.3196 1.3453 1.6082 1.609 1.6093 1.7793 1.783 2.0526 2.0583 2.0646 2.4096 5.5906 12.3249 16.012 16.127 16.1504 16.1754 16.2746 16.3491 19.4243 19.506 19.5602 19.5624 19.5898 19.6416 19.6437 19.6461 19.72 19.7207 19.7771 19.7813 19.8475 19.9009 19.9074 19.9625 19.968 20.0164 20.0175 20.0271 20.0271 20.0271 20.0271 20.0271 20.0271 20.0271 20.0271 20.0271 20.0271 20.0271 20.0271 20.0271 20.0271 20.0271 20.0271 20.0271 20.0271 20.0271 20.0271 20.0966 20.0991 20.1011 20.1026
1.0472 1.0479 1.0487 1.1949 1.1967 1.1987 1.315 1.317 1.3192 1.3441 1.6079 1.6088 1.6098 1.7773 1.7814 2.049 2.0553 2.0624 2.4047 2.4177 9.1082 15.9647 16.1224 16.1486 16.1772 16.2078 16.3445 19.414 19.504 19.5591 19.5616 19.5889 19.6086 19.6428 19.6456 19.7196 19.7204 19.775 19.7799 19.845 19.8519 19.9053 19.9615 19.9683 20.0161 20.0175 20.0271 20.0271 20.0271 20.0271 20.0271 20.0271 20.0271 20.0271 20.0271 20.0271 20.0271 20.0271 20.0271 20.0271 20.0271 20.0271 20.0271 20.0271 20.0271 20.0962 20.0994 20.1018 20.1036 20.1049
1.0468 1.0476 1.0484 1.1938 1.1958 1.198 1.2003 1.3163 1.3187 1.3427 1.493 1.6085 1.6096 1.6098 1.7793 1.7843 2.0517 2.0595 2.0681 2.4133 9.0255 9.2618 16.1153 16.1446 16.1775 16.2132 16.3354 19.4132 19.4268 19.5577 19.5606 19.5877 19.6079 19.6415 19.6448 19.6836 19.72 19.7305 19.7779 19.7922 19.8495 19.902 19.9131 19.9685 20.0156 20.0174 20.0271 20.0271 20.0271 20.0271 20.0271 20.0271 20.0271 20.0271 20.0271 20.0271 20.0271 20.0271 20.0271 20.0271 20.0271 20.0271 20.0271 20.0903 20.0959 20.1 20.103 20.1052 20.1066 20.2381
1.0463 1.0472 1.0481 1.049 1.1946 1.197 1.1996 1.3154 1.3181 1.321 1.3485 1.6081 1.6093 1.6098 1.7768 1.7822 2.0472 2.056 2.0658 2.4077 5.7956 9.1874 16.1935 16.1377 16.1754 16.2175 16.3199 16.4404 19.4167 19.5059 19.5591 19.5629 19.6069 19.6097 19.6437 19.6829 19.7194 19.7209 19.7315 19.79 19.8454 19.8567 19.911 19.9685 20.0152 20.0174 20.0271 20.0271 20.0271 20.0271 20.0271 20.0271 20.0271 20.0271 20.0271 20.0271 20.0271 20.0271 20.0271 20.0271 20.0271 20.0271 20.0877 20.0959 20.1015 20.1053 20.1077 20.2366 20.2406 20.2435
1.0458 1.0467 1.0476 1.0487 1.1933 1.1959 1.1987 1.3144 1.3174 1.3207 1.3471 1.5997 1.609 1.6097 1.7736 1.7796 2.0417 2.0516 2.0627 2.4007 2.4216 9.0871 12.8021 16.1266 16.1697 16.2193 16.2743 16.4363 19.4158 19.4717 19.5571 19.5616 19.6054 19.6087 19.6421 19.6477 19.686 19.7204 19.7314 19.7863 19.7947 19.8529 19.9089 19.9679 20.0143 20.0176 20.0271 20.0271 20.0271 20.0271 20.0271 20.0271 20.0271 20.0271 20.0271 20.0271 20.0271 20.0271 20.0271 20.0271 20.0271 20.0839 20.0968 20.1048 20.2258 20.2347 20.2407 20.2448 20.2476 20.2496
1.0451 1.0461 1.0471 1.0483 1.0496 1.1944 1.1976 1.1736 1.3164 1.3201 1.3453 1.5702 1.6085 1.6095 1.6106 1.7762 1.7838 2.0459 2.0587 2.073 2.4159 8.9512 12.7068 16.1096 16.1584 16.2172 16.2847 16.4245 19.4143 19.422 19.523 19.5596 19.5656 19.6071 19.6121 19.6469 19.6855 19.7196 19.7311 19.7804 19.7896 19.8445 19.9051 19.9679 20.0127 20.0182 20.0271 20.0271 20.0271 20.0271 20.0271 20.0271 20.0271 20.0271 20.0271 20.0271 20.0271 20.0271 20.0271 20.0271 20.0786 20.1009 20.2152 20.2324 20.2425 20.2485 20.2522 20.2543 20.6545 20.6712
1.0443 1.0453 1.0465 1.0478 1.0492 1.1926 1.1961 1.2001 1.3151 1.3194 1.324 1.4578 1.5707 1.6097 1.6105 1.7719 1.7804 2.0385 2.0534 2.0703 2.4084 5.7339 9.2304 12.9328 16.1389 16.208 16.2916 16.3864 19.4121 19.4214 19.5218 19.5567 19.5638 19.6043 19.6109 19.6457 19.6845 19.7181 19.7225 19.7341 19.7801 19.7961 19.8642 19.9415 20.0093 20.0201 20.0271 20.0271 20.0271 20.0271 20.0271 20.0271 20.0271 20.0271 20.0271 20.0271 20.0271 20.0271 20.0437 20.0925 20.1898 20.2319 20.2511 20.2597 20.2634 20.4844 20.4968 20.669 20.6868 21.1954
1.0434 1.0444 1.0457 1.0471 1.0487 1.0505 1.1943 1.1987 1.1751 1.3184 1.3238 1.4565 1.5705 1.6091 1.6102 1.7663 1.7757 2.0288 2.0461 2.0664 2.3982 5.5973 9.0571 12.8765 16.1073 16.187 16.2907 16.4161 19.4086 19.4201 19.5116 19.5253 19.561 19.5799 19.6081 19.6376 19.6826 19.7092 19.7221 19.7349 19.7664 19.7746 19.8397 19.9599 19.9902 20.0266 20.0271 20.0271 20.0271 20.0271 20.0271 20.0271 20.0271 20.0271 20.0271 20.0271 20.0318 20.1336 20.0472 20.184 20.3039 20.3208 20.3219 20.4883 20.5047 20.9107 20.9418 21.1883 21.7324 21.7578
1.0423 1.0433 1.0446 1.0462 1.048 1.05 1.1919 1.1969 1.1744 1.3171 1.3235 1.3509 1.5702 1.5712 1.5892 1.593 1.7693 1.7823 2.036 2.0606 2.3841 2.7143 5.8042 9.642 12.9895 16.147 16.2736 16.4421 16.7024 19.4179 19.5089 19.524 19.5387 19.5746 19.6014 19.6208 19.6749 19.7056 19.7167 19.7365 19.7415 19.7469 19.7668 19.8945 19.9918 20.0234 20.0271 20.0271 20.0271 20.0271 20.0271 20.042 20.029 20.0562 20.0529 20.095 20.1864 20.2594 20.3007 20.4147 20.4399 20.5812 20.6294 20.8813 20.9357 20.9699 21.7204 21.7601 21.7862 21.8036
1.0409 1.042 1.0433 1.045 1.047 1.0494 1.034 1.1944 1.1732 1.3151 1.3229 1.3311 1.5696 1.5708 1.5881 1.5927 1.7608 1.7754 2.0217 2.0518 2.1946 2.4211 2.7515 9.3992 9.9046 13.2114 16.2252 16.4514 16.7941 19.4087 19.4666 19.5141 19.54 19.5664 19.5736 19.6138 19.6695 19.6974 19.7187 19.7398 19.7415 19.7415 19.7415 19.7694 19.9486 20.0049 20.0271 20.0271 20.0271 20.0276 20.0629 20.0975 20.1369 20.2397 20.2018 20.3303 20.3812 20.4741 20.6782 20.7289 20.6512 20.6824 21.0566 21.3287 21.7078 21.7742 21.8126 21.8346 21.8472 22.1171
1.0393 1.0403 1.0417 1.0435 1.0457 1.0484 1.0515 1.191 1.1715 1.177 1.3218 1.3321 1.463 1.5702 1.572 1.5919 1.7492 1.7653 2.0009 2.038 2.1873 2.4076 2.7378 6.185 9.7277 13.1224 16.1213 16.4129 16.8832 19.4125 19.4639 19.5092 19.5357 19.5514 19.5607 19.5775 19.6622 19.6913 19.7161 19.7404 19.7415 19.7415 19.7415 19.7458 19.7973 19.9722 20.0084 20.0498 20.0286 20.0815 20.1228 20.1731 20.2414 20.3132 20.5532 20.4886 20.7397 20.8866 20.9271 21.0379 21.1161 21.3879 21.4563 21.9623 22.1399 22.1547 22.1597 22.1601 22.5772 22.5795
1.0374 1.0383 1.0396 1.0415 1.0439 1.047 1.0506 1.0359 1.1689 1.1754 1.3199 1.3332 1.461 1.5691 1.5712 1.5904 1.5803 1.7508 1.8544 2.0153 2.1746 2.2323 2.7157 5.858 9.3606 10.0575 13.7083 16.2787 16.9682 19.4222 19.4461 19.5008 19.526 19.5515 19.553 19.553 19.5942 19.6817 19.7053 19.732 19.7415 19.7415 19.7453 19.7627 19.7913 19.8712 19.9836 20.1162 20.1092 20.1477 20.1849 20.2955 20.3891 20.5093 20.7104 20.8693 21.0138 21.0866 21.3953 21.4697 21.7716 22.2509 22.3363 22.3701 22.3783 22.5301 22.5099 22.6098 22.7561 22.7624
1.0351 1.0358 1.037 1.0389 1.0415 1.0449 1.0493 1.0369 1.1902 1.1727 1.3167 1.3343 1.3055 1.5417 1.5696 1.5356 1.5794 1.6831 1.831 1.883 2.1501 2.2393 2.6333 2.9962 6.2636 9.4743 13.6008 16.0134 17.0982 19.4063 19.4552 19.4684 19.495 19.5338 19.5429 19.5454 19.5529 19.5686 19.6588 19.6984 19.7275 19.7397 19.7391 19.7569 19.7631 19.7946 19.9166 20.1737 20.2231 20.2334 20.3633 20.4089 20.7343 20.8965 20.963 21.1358 21.2883 21.5504 21.5401 22.0121 22.3289 22.3918 22.5427 22.5511 22.5469 22.6143 22.6147 22.7614 22.7713 22.7744
1.0325 1.0329 1.0338 1.0354 1.038 1.0418 1.047 1.0535 1.0395 1.168 1.1812 1.3353 1.3276 1.4874 1.5403 1.5329 1.5763 1.6775 1.6876 1.8449 2.0944 2.2485 2.4969 2.9536 5.5066 7.776 11.4091 14.0162 18.833 16.9896 19.4394 19.496 19.4132 19.3828 19.4012 19.4098 19.5245 19.4352 19.4329 19.5794 19.6118 19.6813 19.738 19.7548 19.7576 19.7668 19.8957 20.2045 20.3033 20.4357 20.5784 20.7587 20.9536 21.1079 21.3193 21.4734 21.6458 21.922 22.0093 22.2561 22.3878 22.639 22.6184 22.5987 22.625 22.7588 22.7688 22.7748 22.7783 22.7803
1.0295 1.0294 1.0298 1.031 1.0333 1.0372 1.0433 1.0515 1.0417 1.1603 1.1765 1.3355 1.1949 1.4932 1.5357 1.5262 1.5683 1.6684 1.6827 1.7521 1.9415 2.3336 2.5423 2.8822 3.1217 4.5266 8.0029 15.4236 10.5253 17.38 17.3321 19.303 19.2177 19.2722 19.2151 19.2761 19.3188 19.3622 19.3206 19.3705 19.4616 19.5873 19.751 19.8256 19.8107 19.856 19.8911 20.121 20.3988 20.51 20.8129 21.0728 21.1791 21.3436 21.4893 21.9515 21.9886 22.0868 22.2411 22.3764 22.5384 22.677 22.6428 22.6564 22.7608 22.7759 22.7829 22.786 22.7871 22.7873
0.99 1.0255 1.0251 1.0253 1.0268 1.0303 1.0369 1.0474 1.0445 1.0479 1.1661 1.2043 1.222 1.4105 1.4888 1.5248 1.5315 1.5901 1.6778 1.7244 1.693 2.2759 2.5541 2.8516 3.1176 3.3355 6.7419 12.6512 18.7501 15.9994 18.0131 19.1129 19.126 19.0893 19.0873 19.1313 19.2043 19.2877 19.2899 19.3226 19.3556 19.3889 19.6823 19.8301 19.8754 19.914 20.1074 20.2869 20.5717 20.8231 20.9912 21.1476 21.3543 21.4643 21.695 22.0043 22.1251 22.2095 22.2091 22.36 22.535 22.5197 22.6152 22.7778 22.7998 22.8034 22.802 22.7996 22.8325 22.8318
0.9858 0.9852 0.9849 1.0184 1.0181 1.0199 1.0258 1.0385 1.0587 1.0554 1.1453 1.1976 1.2672 1.436 1.495 1.4705 1.5008 1.569 1.5952 1.7723 1.9726 2.2356 2.742 2.9799 3.0758 3.3108 5.7233 9.1311 10.8159 17.3558 18.5475 18.9945 18.9973 19.0059 18.9497 18.962 19.0583 19.2631 19.1929 19.3384 19.322 19.3461 19.5661 19.6742 19.7428 19.9905 20.3054 20.487 20.9144 21.0808 21.232 21.4144 21.4245 21.587 21.7575 21.9148 22.0782 22.1797 22.1176 22.1475 22.4152 22.4746 22.8263 22.8665 22.8389 22.864 22.902 22.899 22.8967 22.5387
0.8424 0.8435 0.9782 0.9765 0.9754 1.0054 1.0072 1.0191 1.0485 1.0668 1.0538 1.1555 1.3343 1.5313 1.4888 1.4291 1.4718 1.5245 1.6976 2.0187 2.1537 2.5147 2.9108 3.115 3.2123 3.4278 4.4592 6.2083 10.1345 11.0716 14.9809 18.9531 18.8586 18.8721 18.8582 18.7906 18.9323 18.9971 19.0038 19.1024 19.1903 19.32 19.4143 19.6325 19.7694 20.0981 20.4166 20.9026 21.0484 21.3291 21.422 21.5166 21.6231 21.7048 21.7951 21.8484 21.8655 21.991 22.0524 22.0875 22.2659 22.7659 23.2221 23.0087 22.9484 22.9265 22.9155 22.6581 22.0628 21.9985
0.8413 0.8423 0.8435 0.8453 0.8478 0.9576 0.9535 0.9789 1.0102 1.0615 1.0751 0.9215 1.0692 1.4679 1.4357 1.376 1.4256 1.6771 1.8524 2.1204 2.61 2.8718 2.9828 2.9564 3.1324 3.1877 3.2919 8.4974 17.318 14.7305 16.9732 18.7114 18.6629 18.6653 18.7228 18.6529 18.6272 18.8159 18.9886 18.9815 19.1313 19.3292 19.488 19.7037 19.7464 20.2383 20.5497 20.967 21.281 21.5731 21.6291 21.6711 21.6388 21.8054 21.9022 21.8105 21.7369 21.7662 21.9279 22.2067 22.4401 22.7157 22.9561 22.9517 22.9259 22.6847 22.6301 22.0102 21.9389 21.8946
0.84 0.8407 0.8417 0.843 0.845 0.8481 0.8533 0.8627 0.9075 1.0455 1.0934 0.7986 0.6531 1.0277 1.3278 1.3488 1.3222 1.6598 1.8825 2.3938 2.7539 2.8154 2.7763 2.7627 2.8278 2.9827 3.0801 6.9345 11.1017 16.9582 16.5789 18.5868 18.5816 18.5379 18.5135 18.5624 18.4432 18.4862 18.876 18.9569 19.131 19.352 19.6961 19.886 20.0359 20.4606 20.8107 21.0673 21.4753 21.7348 21.8208 21.8312 21.9299 21.8999 21.8286 21.7788 21.5889 21.5854 21.4818 21.8113 22.4742 22.7777 22.7714 22.7452 22.576 21.9865 21.8324 21.7536 21.7161 20.8763
0.8386 0.839 0.8394 0.8401 0.8411 0.8429 0.8461 0.8521 0.8449 0.752 0.8263 0.7296 0.7556 1.2596 1.3366 1.3039 1.228 1.654 2.2198 2.5606 2.6336 2.6656 2.6515 2.6476 2.5653 3.0388 3.2577 5.0929 9.1656 7.0047 15.1624 17.5327 18.35 18.3248 18.4017 18.4403 18.4147 18.5022 18.8523 19.1174 19.1087 19.5712 19.9785 20.2713 20.5029 20.7186 21.0652 21.4157 21.6848 21.9393 21.9406 22.0404 22.1035 21.8621 21.7252 21.6094 21.4543 21.4175 21.3686 21.3069 21.8917 22.3675 22.4406 22.5322 21.9148 21.6342 20.8313 20.6945 20.6198 20.5783
0.8371 0.8371 0.837 0.8369 0.8367 0.8036 0.8082 0.8075 0.7748 0.7384 0.6932 0.7205 0.8242 1.1651 1.3161 1.2676 1.4245 1.7546 2.3106 2.6583 2.6412 2.6112 2.5413 2.5606 2.907 3.4382 3.6299 3.817 6.3576 11.976 12.7727 15.1278 17.9433 18.0598 18.1942 18.3153 18.5154 18.4967 18.8963 19.4797 19.7384 19.9659 20.2081 20.7005 21.0034 21.1746 21.4718 21.6569 21.9397 22.1686 22.113 22.1195 22.1832 21.9978 21.6204 21.2322 21.207 21.1074 21.0756 21.1951 20.7221 20.8048 21.138 20.9558 20.8663 20.2253 20.1143 20.0575 20.0284 20.0138
0.8124 0.8129 0.8134 0.8139 0.7915 0.7918 0.7892 0.7786 0.7369 0.7101 0.6713 0.7235 0.7413 0.8717 1.3038 1.2517 1.5626 1.8514 2.3951 2.6805 2.6242 2.537 2.5585 3.0547 3.401 3.7695 3.9049 3.7333 5.8937 11.4911 16.2942 16.8477 17.837 17.9922 18.0732 18.3497 18.5305 18.9258 19.1578 19.6471 20.136 20.4072 20.8669 21.0122 21.4319 21.5977 21.715 22.0067 22.2008 22.2847 22.3071 22.2004 22.1926 22.0247 21.4308 20.9274 20.7543 20.8209 20.6072 20.3708 20.0313 19.9345 19.8503 19.9765 19.6673 19.7176 19.7664 19.8143 19.8536 19.8841
0.8109 0.811 0.811 0.8107 0.8098 0.8079 0.804 0.7533 0.7319 0.7359 0.7359 0.7549 0.7558 1.0324 1.3419 1.7647 1.7837 1.9537 2.6196 2.6279 2.5989 2.6028 2.9074 3.3122 3.5341 3.8695 4.704 5.5171 6.8567 10.6674 16.7728 17.19 17.7209 18.019 18.2668 18.5433 18.8954 19.2066 19.7116 20.2266 20.622 20.8711 21.3602 21.5932 21.7446 21.8946 22.1672 22.1616 22.3054 22.449 22.4322 22.2205 21.8703 21.4377 21.0737 20.6519 19.6184 19.9509 19.3809 19.0095 18.9941 18.7585 19.4565 18.9324 19.1093 18.925 18.5857 18.4837 16.9497 16.7407
0.8095 0.8093 0.8089 0.8081 0.8066 0.7582 0.7564 0.738 0.7499 0.7728 0.7903 0.7591 0.7889 1.2142 1.446 1.8008 2.1693 2.3483 2.6341 2.5334 2.6177 2.7534 3.3069 3.3188 3.7839 4.217 5.5056 6.9157 8.3408 11.8355 14.309 17.4451 17.9191 18.1696 18.5658 18.9191 19.394 19.7653 20.8099 20.8722 21.4161 21.7386 21.8432 21.9522 22.2977 22.3853 22.3648 22.365 22.3959 22.2194 22.0612 21.882 21.3272 21.0317 20.4782 19.8668 19.1936 18.6829 18.4374 18.1636 17.4264 17.8746 17.5568 17.5471 17.56 17.2231 16.0821 15.6952 14.7981 13.7523
0.8083 0.8664 0.8664 0.8374 0.8944 0.8961 0.8805 0.8652 0.8739 0.8517 0.8291 0.7473 0.8045 0.9246 1.5161 1.8352 2.2957 2.5649 2.5672 2.5892 2.9019 3.151 3.3242 3.7542 4.594 5.207 6.0121 7.8924 9.4793 11.3471 14.8462 17.2943 18.6181 18.86 19.043 19.3992 20.2026 20.6802 21.5221 22.1424 22.0449 22.3398 22.7182 22.4923 22.4611 22.4835 22.3458 22.228 22.1305 21.8489 21.5804 21.1978 20.6127 20.5167 19.8128 19.4353 18.78 18.1845 17.7331 16.9854 16.8665 15.6881 16.6976 15.8448 15.498 14.5372 14.2073 12.2035 10.6402 10.5808
0.8986 0.8999 0.9018 0.9046 0.9086 0.8955 0.9451 0.9472 0.9532 0.969 0.9809 0.8786 0.8216 0.8556 1.1686 2.2026 2.6264 2.6122 2.5356 2.6547 3.1786 3.258 3.5716 4.318 5.361 6.3371 7.5067 9.8248 10.4606 12.5066 15.7734 18.1273 20.9654 19.7693 19.6715 20.5437 21.0615 21.3893 22.2441 22.6765 22.7891 22.7017 22.769 22.8795 22.5979 22.3269 22.1796 21.9866 21.6594 21.5733 21.1026 20.7144 20.1037 19.3752 19.2759 18.5928 18.1429 17.3966 16.6421 16.2535 15.6494 15.0185 14.0704 14.2932 13.7731 12.7396 10.8892 10.6449 10.1748 10.141
