normal_rasters/0772100000293567.ascii
ncols 54 
nrows 42 
xllcorner 158648.323002
yllcorner 383603.233002
cellsize 0.25
nodata_value -9999 
38.6459 38.6472 38.6466 38.6435 38.6374 38.628 38.6146 38.5533 38.51 38.4309 37.5067 36.759 36.7305 35.9005 34.8609 32.7334 32.6458 32.5535 28.2063 28.0433 24.3999 20.1497 19.804 16.1578 13.935 13.7604 10.9698 14.2255 17.1365 17.5809 19.2162 19.5162 23.5654 26.5316 29.5527 29.6788 30.8451 35.3663 35.5847 38.3746 39.9067 39.9695 40.0329 40.0911 40.1393 40.1747 40.9513 40.9563 40.9559 40.9519 40.9458 40.9385 40.9307 41.4521 
38.6603 38.6634 38.6644 38.6625 38.6569 38.6471 38.6321 38.6122 38.5281 38.4712 37.516 36.7675 36.7324 35.907 34.8694 33.5526 32.6626 32.5479 28.2481 28.0479 26.6364 20.262 19.8359 19.3892 12.8552 13.7117 10.9659 14.1213 14.4402 17.5699 19.248 20.3816 23.6135 26.5986 29.5613 29.7202 30.8962 35.2864 35.554 38.3561 39.8927 39.9733 40.056 40.1311 40.1906 40.9714 40.9823 40.984 40.9794 40.9713 40.9615 41.4803 41.4582 41.44 
38.7302 38.6817 38.685 38.6852 38.681 38.6711 38.6546 38.6309 38.552 38.4835 37.5294 36.7794 36.7351 35.9162 34.8819 33.5945 32.6875 32.5418 30.2125 28.0588 26.6341 20.4186 19.884 19.3153 12.8593 13.6435 10.9576 10.8011 14.3691 18.7791 19.2911 20.4691 23.6817 29.3615 29.5745 29.7801 32.1312 33.755 35.5053 38.3225 39.8675 39.9742 40.0864 40.1867 40.2613 41.0144 41.0215 41.0169 41.0058 40.9919 41.5497 41.4654 41.4426 41.4244 
38.3955 38.413 38.709 38.7126 38.711 38.7021 38.6842 38.6557 38.6186 38.5004 38.4089 36.7968 36.7393 35.9294 34.9011 34.8186 32.7252 32.5356 30.238 28.0816 26.6343 24.2269 19.9591 19.2172 12.8606 10.8955 10.9413 10.8231 14.2609 18.3405 19.3512 20.5987 23.7834 29.308 29.596 29.8701 32.5488 33.7054 35.4277 38.2617 38.451 39.9676 40.128 40.2684 40.3627 41.0731 41.0706 41.0547 41.0338 41.5641 41.4736 41.4445 41.422 41.4048 
38.409 38.4315 38.4545 38.7452 38.7484 38.7427 38.7242 38.6902 38.6417 38.5239 38.4084 36.8233 36.7459 35.9487 34.9318 34.8211 32.7842 32.5309 30.2804 28.1268 26.6406 24.2766 20.0803 17.2828 12.8542 12.3349 10.9097 10.8508 14.0926 18.1466 20.1417 20.8045 25.5081 28.4487 29.6329 30.011 32.9408 33.5208 34.1317 36.7661 38.406 39.9417 40.1887 40.3974 41.143 41.1531 41.1296 41.095 41.5831 41.4827 41.4443 41.4163 41.3958 40.5474 
38.4207 38.4489 38.4797 38.5117 38.7952 38.7966 38.7806 38.7406 38.6751 38.5564 38.4078 36.8659 36.7573 35.9773 34.9833 34.8292 32.878 32.5318 30.3523 28.2165 26.6631 26.2149 20.2824 17.3181 12.8268 12.109 10.8478 10.8849 12.2875 16.3886 20.1069 21.162 24.9903 28.3896 29.7006 30.3473 32.1042 33.0115 34.1076 36.6443 38.2862 39.8617 40.2855 40.6218 41.2904 41.2581 41.1928 41.6089 41.4916 41.4392 41.4037 40.5625 40.5306 39.692 
38.429 38.4631 38.5029 38.5478 38.595 38.8684 38.8626 38.8188 38.7276 38.6069 38.4051 36.9398 36.7784 36.019 35.0753 34.8522 33.5889 32.55 30.4762 28.3954 26.7309 25.9921 21.5213 17.4216 12.7446 9.8069 9.7479 10.9213 12.3267 16.0046 20.0 21.8519 27.2733 28.284 29.8311 30.6475 32.1595 32.9562 33.7391 36.4071 36.7596 39.5989 40.4694 41.0592 41.5226 41.3729 41.6449 41.4951 41.4211 40.5882 39.7384 39.7011 39.6756 39.6577 
38.3049 38.3536 38.5199 38.5798 38.6506 38.6785 38.9842 38.9494 38.8202 38.6187 38.3095 37.048 36.8203 36.3956 35.1863 34.9219 33.6227 32.6165 31.4758 29.0815 26.9357 25.5687 21.6377 17.6618 13.2205 9.8878 9.6991 10.7611 13.0239 13.6211 19.6959 23.2974 27.1364 27.4196 30.0762 31.5442 32.2422 32.8635 33.7968 35.1113 36.3336 37.982 41.0535 42.1576 42.067 41.6895 41.4699 40.6386 39.7753 39.7088 39.6693 39.6449 39.6294 39.6193 
38.1982 38.3356 38.4015 38.4907 38.6963 38.8219 38.912 39.1825 39.0107 38.6251 38.2334 37.2521 36.7029 36.3268 35.4795 34.7999 33.5683 32.3886 31.5841 29.3014 27.5273 24.5243 21.7528 18.6545 12.9901 10.0521 9.1036 10.8604 12.2218 13.4023 18.7721 25.8591 26.9603 27.5446 29.404 32.0784 32.3597 32.7531 33.7885 34.981 35.237 36.3471 39.8615 42.5256 40.8024 40.9195 39.8306 39.6935 39.632 39.603 39.5889 39.5821 37.842 37.8168 
38.1444 38.204 38.3648 38.4553 38.5906 38.8126 39.1529 39.414 39.303 38.6015 38.0822 37.8553 36.742 35.9755 35.8429 35.5532 33.1295 33.1451 31.806 30.8117 27.4976 24.1411 22.0121 17.5573 13.1076 8.8149 7.1418 8.6555 11.7262 14.4819 17.2288 22.6559 26.7676 27.7636 29.1255 31.5123 32.3359 32.8803 33.5685 34.7993 35.1609 35.2666 36.3083 38.0427 39.3656 39.0747 39.4451 39.4533 37.9836 37.893 37.8369 37.8016 37.7788 37.764 
38.0031 38.1201 38.1854 38.284 38.495 38.6994 39.0931 39.8781 40.1167 38.35 37.0889 37.7751 36.311 36.0814 35.6888 33.8751 32.8491 32.5361 31.7685 30.1426 26.4145 24.781 19.5711 17.2287 13.4464 8.5946 6.1059 6.5974 9.9945 14.0229 16.6059 21.9274 24.8809 27.6044 29.1596 30.0506 31.9238 32.5917 33.2388 33.7452 34.6436 34.9816 35.472 37.5511 38.7187 38.7209 38.0641 37.8817 37.7886 37.7432 37.7212 37.7109 37.7065 37.7053 
37.8994 37.929 37.9744 38.105 38.1924 38.343 38.6126 38.9748 38.8947 37.0134 36.7244 35.9914 35.6257 35.3126 34.6707 33.1109 32.326 31.7286 31.2115 28.908 26.3291 22.2897 20.4719 15.9105 13.0396 10.2346 6.5124 7.0744 8.2839 11.0027 16.6832 19.0934 23.7992 26.305 28.6253 30.0452 31.0883 31.6415 32.0908 33.3411 33.651 34.408 34.715 35.6585 37.9732 37.0913 36.6771 36.5436 36.4939 36.4273 37.5896 37.6117 37.6295 37.6438 
37.7874 37.7852 37.7841 37.7855 37.2242 37.2422 37.7887 37.5309 36.7826 36.4061 35.6289 35.0395 34.9359 34.4421 33.9074 32.6252 31.9982 31.5398 30.0712 28.4657 27.0724 21.7114 19.724 16.0192 12.7073 8.8852 5.277 5.7034 8.6474 10.0029 14.1389 19.5158 23.1366 25.3861 27.4754 29.492 31.1201 31.4174 32.0959 32.7426 33.1857 33.0074 33.8924 35.9821 34.5819 34.5371 35.7689 36.0436 36.1655 36.2293 36.2668 36.2909 36.3073 36.3191 
37.1114 37.0916 37.0628 37.0197 36.9533 36.8511 36.1897 36.2892 36.4442 35.765 34.7251 34.3038 33.9304 34.0167 33.3653 32.4223 31.5421 31.1674 30.5468 28.1417 26.3657 23.2917 18.7668 14.5579 12.6603 7.8302 5.4548 4.2971 5.9418 10.6492 14.6955 17.8104 22.9422 25.8209 27.2007 29.0852 30.5647 31.1768 31.4793 32.3226 32.1865 32.5278 32.9942 33.4569 33.4914 33.6854 33.932 34.0841 34.8428 34.9312 34.985 35.0198 35.0434 35.06 
37.0378 35.9729 35.978 35.9844 35.9926 36.0023 36.0775 36.0166 35.9778 35.3834 34.2869 33.7041 33.3818 33.0793 32.675 31.7739 31.0046 30.7565 29.5556 28.5101 25.3415 22.8075 19.1282 15.4444 12.4262 7.9527 4.2168 3.3188 5.7324 10.7153 14.253 17.852 20.7598 25.2899 27.551 28.913 30.4836 30.8338 31.0564 30.9653 31.8363 31.8707 32.5588 32.7716 33.0576 33.4133 33.1367 33.9024 34.0221 34.7635 34.8536 34.9153 34.9589 33.6202 
35.3352 35.3538 35.3791 35.4147 35.9288 35.6772 35.7208 35.7762 35.5232 34.5478 34.148 33.4042 33.2521 32.2744 30.7503 30.8581 30.7138 30.7185 29.9459 27.3135 25.4679 22.7913 20.0504 15.6151 10.8136 8.8156 3.5942 2.918 6.8847 9.8055 13.1928 17.6736 21.1251 23.489 27.4207 28.6475 29.9767 30.6587 30.6716 30.7044 30.8477 31.3572 31.6439 32.0975 32.6587 32.646 32.328 32.2278 32.1446 32.0886 32.051 32.025 32.0066 31.9933 
34.53 34.5505 34.5779 34.6159 34.6702 34.7488 35.0404 35.0158 34.6237 34.2005 33.1512 32.3406 32.5629 31.0869 30.7285 30.7825 30.7897 30.5221 29.5594 27.8224 25.8627 22.2063 19.9012 16.7848 11.6337 7.0037 3.9189 3.5316 6.5951 10.3511 12.9878 16.8691 20.3552 23.7786 26.1058 28.7756 29.7402 30.5806 30.6769 30.6428 30.6565 31.019 30.5522 30.701 30.9048 30.8825 30.7966 31.3134 31.3353 31.3505 31.8769 31.8901 31.3519 31.3465 
34.4534 34.4515 34.4456 34.4315 34.4 34.3292 34.1731 33.717 33.2983 32.9184 32.2548 31.9395 31.0079 30.7953 30.6985 30.7234 30.6736 30.4637 29.5605 27.5507 26.0669 23.2206 20.2711 16.2098 14.0134 6.004 4.3457 2.7233 5.9888 9.9688 13.4762 17.2729 20.5428 22.8161 26.6405 28.5665 29.7914 30.4818 30.6079 30.6038 30.4596 30.3083 30.2048 30.1269 30.1333 30.3938 30.4856 30.5482 30.5792 30.5922 30.5999 31.2121 31.2331 31.249 
33.6222 33.6092 33.5867 33.5476 33.2577 33.1995 32.4612 32.6836 32.7794 32.2255 31.1333 30.8381 30.5365 30.555 30.5977 30.6447 30.4958 30.3135 29.5229 27.4259 25.7188 23.2971 21.1497 16.2595 13.3313 9.4193 3.4605 2.1313 4.6835 11.0418 13.6665 17.5019 20.5868 23.0763 25.7246 27.9052 30.0058 30.3008 30.44 30.3651 30.3273 30.2171 30.171 30.1157 30.1157 30.1157 30.1157 30.1157 30.1157 30.1157 30.1157 30.1157 30.1157 30.1157 
33.48 33.4341 32.4519 32.4065 32.1647 32.1541 31.7713 31.9694 32.0961 30.931 30.4701 30.4421 30.4399 30.499 30.5047 30.526 30.4918 30.3089 29.403 28.3839 24.9454 23.5648 20.5982 18.0591 12.498 10.1061 6.0741 3.7902 5.279 8.4634 14.7118 16.7183 20.6444 23.2141 25.5042 27.171 29.1851 30.3015 30.3219 30.3236 30.2911 30.2396 30.128 30.1157 30.1157 30.1157 30.1157 30.1157 30.1157 30.1157 30.1157 30.1157 30.1157 30.1157 
31.4387 31.4425 31.4465 31.4502 31.4517 31.4454 31.3988 31.262 31.0108 30.4643 30.4364 30.3507 30.3518 30.4509 30.4939 30.489 30.4913 30.2468 29.7553 27.7592 25.6764 22.9663 20.2608 18.3653 13.6497 8.7249 4.1775 4.1888 6.9718 9.0703 12.8643 17.4812 19.9399 22.8325 25.5647 27.418 28.7201 29.9377 30.3254 30.3282 30.3021 30.2204 30.1653 30.1241 30.1196 30.1157 30.1157 30.1157 30.1157 30.1157 30.1157 30.1157 30.1157 30.1298 
31.3931 31.3887 31.3762 31.3414 31.303 31.2301 30.4705 30.4762 30.4931 30.4179 30.3176 30.3785 30.4073 30.4192 30.455 30.4565 30.4609 30.3537 29.4873 27.1445 25.8602 23.994 20.6579 17.8238 14.4883 10.3066 4.2071 3.4174 4.2149 9.1694 13.3341 16.7987 20.0885 22.9154 25.3288 27.8132 29.4388 29.8799 30.3284 30.3189 30.3243 30.2278 30.1932 30.1521 30.1298 30.1157 30.1157 30.125 30.1274 30.1288 30.1295 30.13 30.1689 30.1702 
31.3326 31.3144 30.8895 30.4663 30.4669 30.4676 30.4688 30.4706 30.4642 30.4332 30.3973 30.412 30.4145 30.4145 30.4145 30.422 30.4092 30.4064 29.9702 28.1618 25.555 23.6319 21.0865 17.2563 13.7666 9.9818 6.5872 0.7801 4.177 8.2441 13.9766 16.4219 20.3344 23.7442 25.6081 27.4542 29.119 30.3043 30.3284 30.3 30.2221 30.1978 30.1825 30.1347 30.12 30.1196 30.1252 30.1526 30.1613 30.1663 30.1693 30.1711 30.1722 30.1729 
30.8803 30.466 30.4665 30.4671 30.4677 30.4685 30.4693 30.4699 30.4712 30.443 30.419 30.4145 30.4145 30.4145 30.4145 30.4145 30.4145 30.3087 29.6593 29.19 25.7123 23.44 21.333 17.1264 14.4197 9.1128 6.7594 2.404 4.3071 8.746 14.1756 17.3663 19.7968 23.7778 25.5025 27.5881 29.0704 29.95 30.3284 30.2882 30.2104 30.1939 30.1899 30.1694 30.1421 30.1465 30.165 30.1717 30.1745 30.1755 30.1759 30.176 30.176 30.1759 
32.1956 30.4659 30.4663 30.4669 30.4676 30.4685 30.4697 30.4635 30.4657 30.4423 30.4145 30.4145 30.4145 30.4145 30.4145 30.4145 30.4145 30.4013 29.6683 28.3757 26.993 24.6801 21.2047 18.7079 12.5919 10.1607 4.9618 1.1371 4.1493 7.7219 13.4124 17.5694 19.7327 22.8796 25.8971 27.1251 29.2202 29.8754 30.299 30.2645 30.2046 30.1939 30.1939 30.1939 30.1966 30.2081 30.2177 30.2096 30.1911 30.1862 30.1833 30.1813 30.18 30.179 
32.373 32.3522 32.3199 32.2501 32.1364 31.9454 31.6234 30.4661 30.4891 30.4362 30.4145 30.4143 30.414 30.4133 30.4138 30.4132 30.4145 30.4382 29.7452 28.5076 26.805 25.1621 22.0164 17.6061 13.3274 9.4068 5.3026 2.7614 4.2736 8.0184 11.0128 15.8281 21.057 22.6397 24.8327 27.9537 28.7369 30.0305 30.2774 30.2208 30.1939 30.1939 30.1939 30.1971 30.2536 30.3272 30.28 30.258 30.2485 30.2436 30.2632 30.2246 30.2226 30.2213 
33.3125 33.3151 33.2959 33.2682 33.2111 33.0915 32.8343 32.3023 31.5334 30.4871 30.4133 30.4096 30.4077 30.4079 30.4081 30.4113 30.414 30.4007 30.3511 29.14 27.2593 25.4161 22.8142 17.1138 13.9539 9.7639 5.5947 3.2437 3.7087 7.7921 11.2951 15.3709 19.3739 23.8971 25.3957 27.0301 29.1122 30.1006 30.2604 30.2249 30.1939 30.1939 30.1939 30.2258 30.3226 30.3081 30.2998 30.2915 30.2863 30.2833 30.2814 30.2796 30.2782 30.2772 
34.8529 34.8536 34.8544 34.8561 33.6437 33.7578 33.9377 34.1901 34.1079 32.5662 30.6982 30.4083 30.4083 30.4114 30.4093 30.4078 30.4096 30.4385 30.3786 29.3268 27.7625 24.3977 22.6573 17.6615 14.6403 10.4015 5.8818 2.5734 3.2743 8.4139 11.5195 15.6352 18.6593 22.6401 26.0095 27.6174 28.755 29.873 30.1944 30.212 30.1939 30.1939 30.1939 30.2001 30.2796 30.3027 30.2977 30.2931 30.2879 30.2833 30.2803 30.2785 30.2772 30.2764 
35.0064 35.0468 35.1042 35.1899 35.3252 35.5548 35.9776 36.7135 38.3241 34.715 31.6639 30.409 30.4085 30.4097 30.4126 30.4093 30.4072 30.4472 30.3618 29.6965 27.0791 25.2884 22.4982 19.3554 13.7004 9.9852 7.3428 2.5614 3.1326 7.4386 12.12 15.2303 19.7313 21.0692 25.2619 27.8767 29.1608 29.7749 30.3228 30.2238 30.1939 30.1939 30.1939 30.2083 30.3004 30.3005 30.2708 30.2789 30.2761 30.275 30.2746 30.2741 30.2739 30.2737 
35.1116 35.1722 35.2555 35.3737 35.5467 35.7709 36.462 36.9407 37.4922 34.8952 31.2245 30.4077 30.4089 30.4128 30.4143 30.4116 30.4392 30.5643 30.3918 29.8478 27.2896 24.9547 22.4485 19.4299 15.8059 9.5291 5.8958 4.1494 4.9877 7.2167 11.4031 14.7752 18.6612 22.7436 23.7644 27.5494 29.3006 29.9586 30.3284 30.3243 30.2164 30.1939 30.1939 30.1939 30.2116 30.2302 30.2261 30.2234 30.2225 30.2421 30.2436 30.2448 30.2455 30.2461 
36.462 36.483 36.5088 36.5411 36.582 36.6337 36.1298 36.236 36.4489 37.4828 31.8258 30.4084 30.4125 30.413 30.4131 30.4087 30.4438 30.8272 30.8789 29.0867 27.5145 26.0158 21.9348 19.6905 16.3821 12.7307 5.8686 2.1885 2.6482 8.002 11.5909 15.9602 18.1894 21.2696 25.2204 26.5071 28.3894 30.1611 30.3215 30.3208 30.2284 30.1939 30.1939 30.1939 30.1939 30.1939 30.205 30.2117 30.2154 30.2175 30.2187 30.2194 30.2417 30.243 
36.4603 36.4792 36.5014 36.5272 36.3924 36.3968 36.3712 34.8374 34.9466 33.9163 31.4496 30.7147 30.4087 30.4132 30.4138 30.4124 30.4649 30.7134 30.7424 29.7896 28.1221 25.1602 23.1031 19.4886 15.2757 12.7705 9.3052 2.5832 2.8061 6.8129 12.5039 15.8294 19.5624 21.8167 24.8025 26.6572 28.4656 29.7851 30.2558 30.2415 30.1963 30.1939 30.1939 30.1939 30.1939 30.1939 30.1939 30.1939 30.211 30.214 30.216 30.2173 30.2182 30.2188 
36.2905 36.3008 36.3099 36.3161 36.3164 36.2947 34.7623 34.9645 35.4171 36.4464 32.3659 30.4094 30.4096 30.4134 30.4144 30.4145 30.5873 30.9239 30.7671 29.6839 28.101 24.8556 23.2647 19.0633 16.8894 11.2912 8.689 5.1436 4.7583 6.5189 10.6773 16.7261 19.1399 21.1979 24.3692 27.4284 28.1045 30.0771 30.1936 30.1972 30.203 30.1939 30.1939 30.1939 30.1939 30.1939 30.1939 30.1939 30.1939 30.1939 30.1939 30.2156 30.2168 30.2176 
36.2631 36.2681 36.2618 36.2402 34.5757 34.6687 34.7709 34.9343 34.66 35.4838 31.6471 30.5586 30.4108 30.4133 30.4143 30.4145 30.5748 30.9261 30.6693 30.3414 28.2763 24.7729 22.9083 20.4584 17.2624 11.6375 6.8494 6.5604 4.8404 7.4379 11.2082 16.5602 18.7235 20.693 24.2286 27.4939 28.4067 29.5232 29.9349 30.1954 30.2004 30.1939 30.1939 30.1939 30.1939 30.1939 30.1939 30.1939 30.1939 30.1939 30.1939 30.1939 30.1939 30.1939 
36.2206 36.2069 36.1855 34.4897 34.5106 34.5315 34.553 33.4955 33.5938 32.6576 31.0954 30.7368 30.4115 30.4132 30.4139 30.456 30.5895 30.7499 30.499 29.5952 27.7881 25.8249 22.3005 20.3056 17.1957 11.9643 9.7165 7.0996 5.8087 8.605 12.1013 16.4575 19.2037 21.4765 22.8346 26.9533 28.4338 29.3874 29.8082 30.1939 30.1825 30.1939 30.1939 30.1939 30.1939 30.1939 30.1939 30.1939 30.1939 30.1939 30.1939 30.1939 30.1939 30.1939 
36.1713 34.3921 34.398 34.4003 34.396 34.3793 33.1136 33.1198 32.5163 32.0665 31.4371 31.1241 30.4118 30.4132 30.4145 30.4962 30.6207 30.6855 30.4453 29.5452 27.831 25.4132 22.8243 20.2377 15.8243 12.3321 11.1362 7.4388 7.854 8.9064 12.2546 14.7539 19.4421 21.697 22.5785 26.8395 28.4196 28.6961 29.5067 29.8381 30.1804 30.1939 30.1939 30.1939 30.1939 30.1939 30.1939 30.1939 30.1939 30.1939 30.1939 30.1939 30.1939 30.1939 
34.3375 34.3362 34.3305 34.3178 32.9247 32.9415 32.9351 32.8743 32.2148 31.9169 31.5885 31.3648 30.4118 30.4132 30.4145 30.5178 30.6322 30.6643 30.4254 28.3305 27.7766 25.4573 24.7454 19.1153 15.6213 12.5576 11.8362 7.6125 8.1677 9.0474 11.0526 14.5188 18.2368 21.849 22.434 25.466 28.4057 28.5988 29.458 29.7885 30.1793 30.1939 30.1939 30.1939 30.1939 30.1939 30.1939 30.1939 30.1939 30.1939 30.1939 30.1939 30.1939 30.1939 
34.2936 34.2848 34.27 32.8411 32.8468 32.8393 32.8066 32.1964 32.0611 31.8661 31.6633 31.5045 30.4118 30.4132 30.4145 30.5282 30.6383 30.3553 30.4171 28.1408 27.7561 25.4565 24.953 18.8265 15.5137 14.6775 12.2178 7.7111 8.3734 10.2259 10.9743 14.3806 21.5837 21.9466 22.353 25.3525 28.3943 28.5354 29.4313 29.7583 30.1786 30.1939 30.1939 30.1939 30.1939 30.1939 30.1939 30.1939 30.1939 30.1939 30.1939 30.1939 30.1939 30.1939 
34.2537 34.2393 32.7862 32.7877 32.781 32.7608 32.1593 32.0929 31.9813 31.8453 31.7071 31.5908 30.4118 30.4132 30.4145 30.5326 30.6424 30.3394 30.4132 28.0252 27.747 25.4444 25.077 18.6372 18.001 14.8588 12.4458 8.9734 8.5087 10.3605 10.9237 14.2941 21.7409 22.0107 22.3058 24.5306 28.3851 28.4919 29.4154 29.74 30.1783 30.18 30.1939 30.1939 30.1939 30.1939 30.1939 30.1939 30.1939 30.1939 30.1939 30.1939 30.1939 30.1939 
34.2185 32.7479 32.7476 32.742 32.7282 32.6986 32.0893 32.0233 31.9361 31.8362 31.7358 31.6478 30.4118 30.4132 30.4145 30.535 30.5448 30.3289 29.3915 27.9507 27.742 25.4308 25.1539 18.512 18.026 14.9744 13.4743 9.0923 8.5999 8.7926 10.8917 14.237 21.8474 22.0544 22.277 24.4398 27.1912 28.4607 29.4053 29.7308 29.7731 30.1795 30.1939 30.1939 30.1939 30.1939 30.1939 30.1939 30.1939 30.1939 30.1939 30.1939 30.1939 30.1939 
32.7197 32.7187 32.714 32.7041 32.6858 32.0742 32.0353 31.9781 31.9088 31.8324 31.7562 31.6875 30.4131 30.4131 30.4132 30.5361 30.3355 30.3216 30.3049 29.2568 27.7389 25.4184 25.2033 18.4272 18.0468 15.0516 13.6254 9.1733 8.6633 8.8142 10.8716 14.1974 21.9223 22.0855 23.248 24.1768 26.2568 28.4377 29.3985 29.7253 29.7605 30.1792 30.1939 30.1939 30.1939 30.1939 30.1939 30.1939 30.1939 30.1939 30.1939 30.1939 30.1939 30.1939 
32.6969 32.693 32.6855 32.6739 32.6467 32.035 31.9959 31.9475 31.8915 31.8313 31.7714 31.7164 30.4131 30.4131 30.4132 30.5366 30.5435 30.3163 30.3028 29.249 27.7366 25.4076 25.2364 20.6119 18.0637 15.1052 13.7305 9.2298 8.7086 8.8294 10.859 11.1367 18.6962 22.1084 23.2528 24.1284 26.1854 28.4202 29.3938 29.7219 29.7514 30.1789 30.1939 30.1939 30.1939 30.1939 30.1939 30.1939 30.1939 30.1939 30.1939 30.1939 30.1939 30.1939 