normal_rasters/0772100000296759.ascii
ncols 52 
nrows 50 
xllcorner 158256.72699
yllcorner 383871.354004
cellsize 0.25
nodata_value -9999 
21.4059 21.3821 18.8968 15.2798 15.2385 15.1929 14.0821 13.7857 15.9219 15.9648 17.9233 17.984 18.0525 18.1291 20.7961 22.6014 27.3374 31.5962 31.7185 31.8618 32.0264 39.6955 43.9237 43.9785 44.0437 45.3416 46.3173 46.3106 46.3035 46.2962 46.2893 46.2834 46.2788 45.9784 45.978 45.9776 45.9774 45.9772 45.9771 45.977 45.977 45.9842 45.9846 45.9849 45.9852 45.9855 45.9857 46.275 46.279 46.5936 46.8974 46.9025 
21.4221 21.3974 21.3702 15.3093 15.2663 15.2186 14.0905 14.0651 13.7846 15.9228 17.8702 17.9331 18.0055 18.0875 18.1792 20.8128 22.6298 27.3598 31.6135 31.7675 31.9489 36.6661 43.876 43.9344 44.0067 45.3267 45.3811 46.3113 46.3025 46.2933 46.2845 46.277 46.2714 45.978 45.9775 45.9771 45.9769 45.9767 45.9766 45.9766 45.9837 45.9842 45.9846 45.985 45.9853 46.2701 46.2755 46.2801 46.5947 46.8989 46.9046 46.9094 
23.3876 21.4151 21.3867 18.9032 15.2988 15.249 15.1933 14.0734 13.7617 13.7839 15.9254 17.8723 17.9479 18.0353 18.1347 20.7979 20.8354 23.6493 31.4826 31.6458 31.8444 32.0791 36.8061 43.8754 43.9544 44.0531 45.3694 46.3131 46.3019 46.29 46.2784 46.2687 46.2619 45.9774 45.9769 45.9765 45.9762 45.9761 45.976 45.9831 45.9838 45.9843 45.9847 45.9851 46.2701 46.2764 46.2817 46.5963 46.9009 46.9073 47.1885 47.1919 
23.3934 23.385 21.4061 21.373 17.5743 15.2849 15.2264 14.6643 14.0517 13.7574 15.8689 15.9306 17.8777 17.9699 18.0771 20.7782 20.8195 20.8665 23.6748 31.4892 31.7036 31.9666 36.6606 43.9895 43.8803 43.9916 45.3481 46.3166 46.3025 46.2864 46.2705 46.2574 46.2491 45.9766 45.976 45.9756 45.9754 45.9753 45.9824 45.9832 45.9838 45.9844 45.9849 46.2703 46.2779 46.5902 46.8951 46.9038 47.187 47.1915 47.1951 47.198 
23.4001 23.3914 21.4288 21.3943 21.3555 17.5657 15.2662 15.1968 14.0626 14.0238 13.7531 15.8647 16.3571 17.8882 18.0027 18.1365 20.7974 20.8503 23.6335 27.2891 31.5145 31.8056 32.1649 36.8679 43.9579 43.8974 44.0627 45.3292 46.3053 46.2831 46.26 46.2413 46.0736 45.9754 45.9749 45.9746 45.9744 45.9813 45.9824 45.9833 45.984 45.9847 46.2711 46.2801 46.5921 46.8978 46.9079 47.1905 47.1953 47.1992 47.2022 47.2046 
23.4078 23.3989 23.3887 21.4196 21.3787 17.5829 17.5541 15.241 14.6656 14.0342 13.7168 13.7487 15.8619 16.3603 17.9071 18.0522 20.7672 20.8261 20.8955 23.6672 31.2617 31.5763 31.9875 34.2509 41.1455 43.9419 43.9434 45.3943 46.3132 46.2816 46.2455 46.2169 45.9743 45.9736 45.9733 45.9732 45.9732 45.9814 45.9826 45.9837 46.2585 46.2728 46.5804 46.5953 46.9021 47.1885 47.1953 47.2005 47.2045 47.2075 47.2098 47.2116 
27.0119 23.4077 23.3971 23.385 21.407 21.3581 17.5733 15.2949 15.2063 14.6275 13.9965 13.705 13.7448 16.2763 16.3689 17.9396 18.128 20.7908 20.8704 23.6023 23.724 31.2517 31.7116 34.1095 36.8901 43.9246 44.0795 44.2499 46.4476 46.2871 46.2255 46.1758 45.9705 45.9711 45.9713 45.9713 45.9799 45.9819 45.9836 46.2576 46.2761 46.5823 46.871 46.9088 47.1946 47.202 47.2074 47.2114 47.2143 47.2164 47.5045 47.5113 
27.0506 26.9853 23.4071 23.3945 23.3799 21.3896 20.2574 17.5596 15.2675 14.6729 14.5751 12.1734 13.6909 13.4121 16.2653 16.3875 17.9951 20.7397 20.8299 20.9415 23.6475 25.6453 31.2879 32.0021 34.4791 39.8562 43.8386 44.1555 46.4903 46.3179 46.2026 46.097 45.9621 45.9681 45.9685 45.978 45.9814 45.9836 46.2575 46.5475 46.6064 46.8786 47.1923 47.2036 47.2115 47.2169 47.2206 47.5049 47.505 47.505 47.5113 47.5107 
29.0446 27.0277 23.4189 23.406 23.3907 21.4285 21.3653 17.5868 17.54 14.7311 14.6257 13.9575 12.1551 13.6737 13.8157 16.2573 16.4244 18.0907 20.7658 20.8978 23.5338 23.7359 27.6621 31.4473 34.1971 37.1037 42.0332 43.7533 44.5525 46.5181 46.2337 45.9242 45.9556 45.9657 45.9759 45.981 45.9841 46.2987 46.5508 46.6179 46.8927 47.2051 47.2173 47.5052 47.5054 47.5055 47.5056 47.5056 47.512 47.5112 47.5106 47.4229 
31.6498 29.0246 26.9965 23.4197 23.4039 23.3849 21.4099 20.2607 17.5711 17.5113 14.6932 14.5569 10.4037 12.1276 13.3214 13.8119 16.2578 16.4959 20.6661 20.8179 21.0238 23.5925 25.5493 27.7218 33.5892 36.8918 37.7973 41.838 44.0149 46.3377 46.641 46.1343 46.0035 45.9637 45.9782 46.1219 46.4918 46.5652 46.8796 47.2051 47.5049 47.5057 47.5061 47.5064 47.5064 47.5064 47.5063 47.512 47.5111 47.5103 47.3896 47.3873 
31.6998 29.0746 28.9967 26.9536 23.4202 23.4003 23.3763 21.3819 17.6118 17.5466 17.4679 14.6349 14.4536 10.382 12.0846 13.682 13.8173 16.2801 16.6355 20.6768 20.9298 21.2744 23.7376 27.2892 28.0756 36.2042 37.6107 40.3028 41.8458 46.1649 46.7628 46.4405 46.1028 45.9902 46.2202 46.4946 46.6164 46.9179 47.5043 47.506 47.507 47.5075 47.5077 47.5077 47.5075 47.5133 47.5119 47.5109 47.4712 47.3891 47.3864 47.2683 
31.7602 31.6863 29.0535 27.018 23.4401 23.4198 23.3943 23.363 20.2718 17.5952 17.5072 14.7428 14.5427 7.8166 10.337 12.0134 13.6322 13.8488 16.3568 19.1385 20.7228 21.1934 23.4301 25.1996 27.5581 30.2941 35.929 38.8041 41.046 44.3408 46.2023 46.5844 46.4825 46.3641 46.7357 46.9943 47.2813 47.5053 47.5077 47.5091 47.5096 47.5096 47.5094 47.5091 47.5134 47.5118 47.4727 47.4446 47.3882 47.3852 47.2665 47.0241 
31.8329 31.7576 31.6659 29.0219 26.9647 23.4444 23.418 23.3841 21.4192 20.005 17.5653 17.4417 14.6737 14.3915 7.808 11.9468 10.378 13.5696 13.9592 16.563 19.1402 20.89 21.8621 24.3254 25.5287 29.9276 32.6006 35.7545 39.2459 41.6137 46.2341 46.6756 46.8896 47.0541 47.3413 47.4557 47.5082 47.5103 47.5124 47.5129 47.5126 47.512 47.5159 47.5134 47.4805 47.4465 47.444 47.3869 47.2741 47.2171 47.0242 47.0221 
31.9197 31.8452 31.7511 31.6346 28.9738 25.6686 23.4489 23.4133 23.3665 20.0792 17.6503 17.5098 17.3271 14.5496 7.9963 7.7374 9.7691 10.4179 13.5169 14.3245 18.5649 19.1984 21.4593 23.1649 24.2491 28.1783 31.1596 32.8971 35.7291 40.236 44.9624 45.3164 46.5991 47.3512 47.5052 47.5218 47.51 47.517 47.5188 47.5176 47.5336 47.5327 47.502 47.48 47.4458 47.4429 47.3723 47.2182 47.2167 47.0243 47.0217 47.0196 
35.5913 31.952 31.8585 31.7377 29.0737 28.8991 23.4889 23.4532 23.4028 23.3349 19.901 17.6201 17.4007 14.7884 11.3307 7.9721 7.5085 7.686 12.5877 13.6872 16.4173 17.8965 19.2775 21.5155 23.9841 25.9565 28.569 31.2856 33.8841 36.0642 41.2778 44.7184 46.1932 46.9931 47.509 47.5002 47.5055 47.5342 47.5387 47.5356 47.508 47.4788 47.4735 47.4442 47.4284 47.3224 47.2181 47.2161 47.0244 47.0211 47.0186 46.7885 
35.6911 35.5962 31.9928 31.8723 31.7121 29.0168 25.7014 23.5073 23.4561 23.38 22.0118 19.8345 17.5437 17.169 14.6163 8.4279 7.7111 6.6447 7.8323 11.1521 14.9878 16.5697 18.0397 21.2588 23.1768 24.6231 27.3832 29.2031 32.6552 34.3186 37.1503 41.7578 42.599 45.4059 47.5088 47.5228 47.6094 47.5583 47.5255 47.5108 47.4784 47.4713 47.4289 47.3259 47.3226 47.218 47.2153 47.0244 47.0203 46.7927 46.7869 46.5001 
38.6235 35.7213 35.6034 32.0459 31.8849 31.6633 28.9163 25.6711 23.533 23.4536 23.3284 21.9293 17.8097 17.339 15.5895 10.1935 8.288 6.6801 6.9641 8.4787 11.7277 16.5077 17.9519 19.5412 21.3853 25.0692 25.6644 28.624 30.5645 34.0042 34.6314 37.3234 38.5806 38.7288 44.5917 47.5384 47.5504 47.5279 47.4897 47.4732 47.4528 47.398 47.3281 47.3231 47.2176 47.0316 47.0243 47.0189 46.7917 46.7846 46.4995 46.492 
38.6727 38.6186 38.5493 35.6147 32.1171 31.8918 31.5687 28.7346 25.6149 23.5705 23.4329 23.2003 19.9861 17.772 15.7592 14.7601 10.5805 6.0313 3.1681 7.7075 9.9928 13.0486 17.5599 19.7301 19.79 23.2168 25.844 26.7788 28.7705 31.0613 34.0643 36.3527 36.8167 37.6864 39.6798 44.7484 47.4908 47.4785 47.4524 47.4045 47.3974 47.292 47.3241 47.2171 47.0345 47.0238 47.0166 46.7899 46.7812 46.4984 46.4891 46.4821 
38.7335 38.6824 38.6134 38.5214 35.1559 32.2158 31.8804 29.0031 25.78 25.5055 23.6269 23.3449 21.8203 19.7459 17.5061 14.5339 12.7592 5.7518 1.6 3.5038 8.1688 11.9577 13.8479 18.8409 20.1764 20.6786 24.3819 26.8158 28.2408 29.9296 32.1051 34.3824 37.2767 38.1012 37.8687 42.4224 47.1419 47.2581 47.4089 47.3963 47.3073 47.3269 47.2159 47.0392 47.0227 47.0124 46.7871 46.7759 46.496 46.4845 46.4762 46.4703 
38.8072 38.763 38.6991 38.6082 38.481 35.2215 32.3569 31.8144 28.7155 25.7367 24.2004 24.0038 22.5511 21.0412 19.4949 15.6967 13.6926 11.2522 3.9788 1.3466 3.1633 9.0236 12.7971 14.6926 18.2529 20.9666 22.1523 25.2776 27.72 29.2228 30.7327 32.9342 35.3459 38.4216 38.6512 40.7249 45.9056 47.4148 47.3919 47.342 47.2946 47.2139 47.048 47.0197 47.0042 46.7817 46.513 46.4915 46.4769 46.4671 46.4607 46.4567 
39.7853 38.8618 38.81 38.7287 38.6042 38.4184 35.3364 33.3598 31.5862 26.9086 25.6059 24.4552 23.7482 21.8533 20.0144 17.5168 15.3506 12.8283 9.6498 2.738 2.002 4.4314 9.9674 13.253 15.7683 20.3461 21.6947 23.6093 25.9699 27.9843 29.3386 31.6767 33.9633 35.2945 38.7412 39.2679 43.9337 47.3939 47.3806 47.339 47.2221 47.0645 47.0113 46.9856 46.77 46.5121 46.4825 46.4638 46.4525 46.446 46.3769 46.3757 
39.8283 39.8095 39.7781 38.8884 38.7829 38.6039 38.3146 35.0133 33.364 29.9055 26.6966 25.7779 24.1853 22.5763 21.2578 19.0928 17.4734 14.1891 11.5623 6.6619 2.6639 2.4707 6.9915 11.8568 14.7968 17.7337 20.2631 22.685 23.9732 26.4188 29.1589 30.2811 32.6565 34.8514 36.0653 37.3969 39.4675 47.3672 47.3618 47.3211 47.0282 46.9986 46.8034 46.7408 46.5041 46.4632 46.4399 46.3671 46.3626 46.3613 46.3619 46.3633 
39.8791 39.8715 39.8536 39.8162 39.7423 39.6021 38.6105 37.3718 36.2354 33.2523 29.9652 26.9064 25.3639 23.2161 21.7576 20.3683 17.7508 14.2015 14.1471 10.4065 3.5996 2.2092 5.7839 9.302 12.7612 16.0749 18.4065 20.306 22.9815 24.3 27.5155 29.4739 31.4095 32.8369 35.3097 36.326 37.3505 43.2901 47.0114 47.1607 46.9668 46.6487 46.5819 46.4698 46.42 46.3443 46.3354 46.3345 46.3374 46.3416 46.2959 46.3005 
39.9353 39.9435 39.9477 39.9413 39.9077 39.804 39.5219 38.9201 37.3034 34.1783 31.2527 29.4394 26.2465 24.6636 22.8393 21.7829 20.7275 16.5255 13.6099 11.0995 9.2258 2.4654 2.4003 5.5938 11.1464 13.7871 16.5737 18.9058 21.5296 22.64 25.2338 27.7542 29.52 32.6946 33.9574 36.5491 37.7563 40.6006 45.3602 47.0499 46.726 46.4523 46.3852 46.2483 46.2216 46.2471 46.2548 46.2654 46.2753 46.2839 46.291 46.2969 
39.9927 40.0193 40.0517 40.0909 40.1362 40.1754 40.1318 39.5656 37.948 36.5605 31.9934 30.8351 28.8228 26.4924 24.2766 23.2503 21.352 19.7156 17.0555 13.1311 11.8311 9.1528 2.754 3.2996 7.0912 11.9295 14.1077 17.0054 19.4514 20.8068 22.4515 25.3409 27.3885 30.1946 32.4645 34.7214 37.6243 38.7801 44.898 46.6406 46.5572 46.4658 46.1961 46.2102 46.1804 46.2019 46.2292 46.2505 46.2663 46.278 46.2871 46.2941 
40.0456 40.0895 40.149 40.2343 40.3668 40.5989 41.0937 42.4238 41.4699 37.106 36.5203 31.0606 29.8407 28.5724 25.9107 25.2921 23.248 21.3686 18.886 16.8121 12.034 10.6603 8.3871 3.7372 3.9891 9.7782 12.9419 14.5166 17.4218 19.9522 20.7361 21.9606 26.445 27.3711 30.8633 33.4391 35.3722 37.6522 40.8114 45.0828 46.7222 46.6102 46.3879 46.0173 46.0871 46.2121 46.2809 46.322 46.3489 46.3679 46.382 46.3928 
41.145 41.1776 41.2256 41.3001 41.424 41.6464 42.0466 42.7937 42.2962 39.6714 36.5919 35.5797 31.0392 29.3746 28.3962 26.1579 24.9551 23.0241 21.0029 18.0268 16.3114 11.8384 10.1776 6.5414 4.9019 6.5152 9.8546 13.5206 15.0271 17.4144 19.8633 20.6156 22.4721 26.9692 27.445 30.7311 34.4016 36.0871 38.2947 43.7315 45.7532 46.67 46.5418 46.0315 46.0965 46.2231 46.2907 46.33 46.3554 46.3732 46.3863 46.3964 
41.21 41.2567 41.9277 41.9839 42.0689 42.1957 43.0965 43.0511 42.9316 42.4208 39.3725 36.4856 34.8717 30.7136 29.0214 27.4778 25.7083 24.7386 22.4364 19.5245 17.7525 15.665 11.115 7.9806 4.3826 5.4869 7.7283 9.7683 13.7509 16.3704 17.8864 20.0009 20.0133 23.5074 26.7084 27.932 30.8301 34.6592 37.0989 40.2065 43.6704 46.7019 46.7037 46.4551 46.3648 46.293 46.3251 46.3502 46.3687 46.3826 46.3934 46.4019 
42.5896 42.6183 42.6601 43.1134 43.1265 43.145 43.1728 43.708 43.4374 43.6145 41.2049 38.4615 35.5013 34.5316 30.1615 29.0072 27.3684 25.3364 23.8347 19.8972 17.8504 16.9366 13.9164 9.4367 5.3107 3.5577 5.5506 8.191 11.4822 14.526 15.3193 17.6342 19.6694 21.1601 23.6411 27.7427 29.1735 31.1618 35.5798 38.4058 40.0429 44.1249 45.2014 46.6077 46.5172 46.4896 46.4926 46.4081 46.4166 46.4249 46.3909 46.397 
43.7782 43.7856 43.7978 43.8182 43.8529 43.8024 43.8516 43.657 44.0255 44.6019 42.5373 40.9389 36.7318 35.2202 32.903 30.4173 29.3077 26.5579 25.4493 23.0849 20.6959 17.2842 15.5802 11.9985 7.4787 4.0687 3.3267 5.7888 8.4943 11.5807 14.5731 15.3933 16.5851 19.496 20.7226 23.9741 26.9174 30.1939 32.3806 35.9043 39.5402 40.9577 43.2428 43.9572 45.3667 46.5541 46.5398 46.5377 46.4408 46.4429 46.446 46.4495 
43.8112 43.8256 43.8468 43.8788 43.8163 43.859 43.8722 43.9549 43.8002 43.8542 43.1912 41.4159 39.0347 35.7933 35.0497 32.4171 30.1537 28.5422 25.7449 24.4385 22.3427 20.0893 16.0539 14.6604 10.7994 7.3523 3.9089 3.7692 6.4933 9.5146 11.9057 14.1787 15.3141 17.8775 19.9405 21.7155 23.9191 28.9889 32.2685 35.3986 36.4884 40.2941 40.8425 43.0883 43.7966 45.2494 46.5738 46.565 46.5621 46.5626 46.4596 46.4604 
43.8401 43.8593 43.886 43.812 43.7725 43.7992 43.8322 43.5148 43.5532 43.3711 42.9834 41.195 39.712 39.0309 35.8245 34.4863 31.4727 30.6714 27.972 24.9001 23.6222 21.0451 18.3306 15.2237 13.0837 9.2325 5.3239 4.5057 4.3724 7.5722 9.927 12.7063 14.5319 15.7953 17.229 20.7548 22.0311 27.355 29.6081 35.4904 36.1146 38.1111 40.4977 41.4449 43.5557 43.7234 45.1859 45.2218 46.5796 46.577 46.5764 46.4707 
43.8641 44.1884 44.1927 43.7408 43.7556 43.7715 43.391 43.415 43.3074 43.1593 41.7129 40.4745 39.7404 39.9208 37.9429 35.8748 33.9061 30.585 30.2693 27.3084 24.7571 22.9266 20.703 17.3528 15.0199 12.3105 6.0728 4.586 5.8592 6.8964 8.6029 12.1704 13.8369 14.7753 15.4971 18.5435 20.9015 25.569 28.6846 32.9585 36.0141 37.8486 38.2899 40.5594 41.4277 43.5689 43.6811 45.1484 45.1782 45.1964 46.5868 46.5859 
44.1812 44.1839 43.7187 43.7276 43.7366 43.3218 43.2698 43.2438 43.1784 41.7607 41.3836 40.0727 39.2523 39.2018 39.067 37.4922 35.331 32.816 30.0751 29.0368 25.5846 23.4057 22.0185 19.1081 16.9732 13.3895 10.0725 6.9048 6.0178 7.2952 9.3669 9.0129 12.0464 13.8022 14.8693 16.7371 18.4342 22.6027 26.6336 30.6215 33.3149 37.744 38.0905 38.3533 38.5362 41.2166 43.5744 43.6536 43.7091 45.1492 45.1656 46.5937 
44.1773 43.7028 43.7085 43.7141 43.2775 43.2135 43.1981 43.1635 42.5778 41.5484 40.1742 39.4316 39.3958 39.0888 38.8521 38.2 37.2173 35.1789 32.1751 29.4583 27.7403 24.512 22.5303 21.1187 17.7147 15.3771 12.7209 9.4032 9.7401 8.1759 9.0292 8.9077 10.3653 11.98 14.8041 16.304 16.9103 19.9678 24.4022 30.353 32.9648 33.4541 37.9831 38.205 38.3749 41.3061 41.2316 43.5758 43.6345 43.6774 45.129 45.1436 
43.6908 43.6948 43.6984 43.2467 43.1754 43.1653 43.0517 42.5853 41.6143 40.2136 39.3961 39.3747 39.1854 38.7958 38.7574 38.8033 37.9863 36.1423 34.79 30.9814 29.1327 26.9812 24.3467 22.9481 20.0194 17.7513 14.7473 13.4484 12.0489 9.4995 9.6006 8.9716 10.1868 11.1005 12.1865 16.1801 16.6004 16.8986 20.2449 26.425 32.7589 33.1901 33.5057 38.1123 38.263 38.3803 41.1287 41.2366 43.5754 43.6204 43.6546 45.1145 
43.6844 43.687 43.689 43.1481 43.1408 43.0236 42.5822 42.464 40.2283 39.3805 39.3661 39.1786 38.7783 39.8372 38.999 39.1594 38.8321 37.8568 35.9392 34.6031 30.8407 29.0857 25.9013 24.235 21.7249 19.1253 16.5627 15.1665 12.7451 11.8066 9.9052 8.8836 10.1761 10.4161 11.1109 14.4633 16.459 16.6954 19.9022 23.6545 32.6482 33.0158 33.3041 38.0552 38.1862 38.2938 38.3789 41.1541 41.2365 43.5741 43.6097 43.6375 
43.6782 43.6797 43.1275 43.0303 43.0032 42.5759 42.4929 41.2939 39.3728 40.2922 40.3486 40.4232 40.4997 40.6571 41.432 41.2853 40.3541 39.2128 36.6696 34.5625 33.2193 30.0272 29.0858 25.721 23.2751 20.4581 18.214 16.2784 16.4235 12.3292 12.0459 9.2913 9.3103 10.3317 10.4505 11.9156 14.6726 16.5797 16.7228 20.0931 23.855 32.9049 33.1606 33.3642 38.134 38.2306 38.3105 38.3749 41.1692 41.2338 43.5724 43.6012 
43.6725 43.0247 43.0095 42.9879 42.5689 42.5077 42.2527 40.3448 40.3904 40.6786 41.1289 41.9076 42.0241 42.2043 42.5541 43.6246 42.7687 40.0145 38.1915 35.3674 34.1061 32.8205 29.495 28.0806 25.1074 21.4211 20.0888 16.8596 16.6936 14.8586 12.3019 10.2004 9.0588 9.4478 10.381 10.9781 14.5197 16.5137 16.6337 19.9059 23.5542 28.1216 33.0604 33.2462 33.3964 38.1846 38.2582 38.3196 41.1163 41.178 41.2298 43.5707 
43.0066 42.9937 42.9761 42.5622 43.4028 42.2899 40.3939 40.6621 41.8471 41.8877 41.9478 42.0393 42.147 42.3209 42.5999 42.8827 42.6144 41.8968 40.4821 37.5244 34.9512 33.3225 31.9488 28.7665 27.9188 25.5269 23.0023 20.2082 16.7663 16.6097 13.6858 12.2962 9.3373 9.3862 10.3423 10.3936 11.8366 14.6393 16.5757 16.658 20.0341 23.705 32.9917 33.1588 33.2987 38.1514 38.2183 38.2758 38.3244 41.1329 41.183 41.2254 
42.9813 43.4456 43.4319 43.4155 42.2818 40.6447 41.353 41.8663 41.902 41.9508 42.0183 42.0795 42.6009 42.673 42.7512 42.9404 42.6354 41.9676 42.1565 38.6304 36.8746 34.1089 32.8241 30.4493 29.1189 27.8597 24.1744 23.2661 20.5134 16.6543 13.9645 13.6399 10.2399 10.3908 9.4446 10.3609 10.933 14.5469 14.7055 16.6094 19.919 23.5167 28.0506 33.0946 33.2231 33.3318 38.188 38.2413 38.2873 38.3265 41.1442 41.1855 
43.4463 43.4359 43.4238 42.5213 41.3354 41.8497 41.8731 41.9032 41.9422 42.4862 42.5102 42.5405 42.577 42.908 42.872 42.7159 42.1791 42.0412 41.6567 41.4715 37.7145 36.2077 34.0921 31.2604 30.6271 29.3194 26.9473 23.865 23.3886 21.4688 16.6006 13.8454 13.6229 10.4017 9.4066 9.4722 10.3675 11.8066 14.6229 14.7419 19.8369 23.3767 23.6314 28.1638 33.165 33.2665 33.3529 38.2141 38.2573 38.2949 41.1123 41.1519 
43.4384 43.4291 42.5224 42.0075 41.8535 41.8739 41.8991 41.9304 42.468 42.4843 42.5036 42.8656 42.8583 42.7897 42.7319 42.6374 41.9611 41.6068 41.4334 40.9227 39.6149 37.7107 34.7998 33.427 30.9913 30.7967 29.3531 26.767 23.7364 23.4515 21.5799 13.9504 13.7516 13.6171 10.4298 9.4375 9.4845 10.3686 14.5622 14.6698 16.5978 19.9313 23.5044 28.0212 33.1207 33.2145 33.2962 38.1928 38.233 38.2686 38.2998 41.1237 
43.4326 43.0646 42.0109 41.854 41.8716 41.8928 42.4439 42.454 42.5018 42.5151 42.8746 42.8669 42.7675 42.7337 42.4733 41.9401 41.5925 41.5299 41.4375 40.2351 39.7766 39.3075 37.5148 33.7724 31.9387 31.6483 29.5012 28.3794 25.5349 23.6755 23.488 21.2105 13.8655 13.7139 11.6246 9.5921 9.4542 9.489 12.3963 14.6144 14.6988 19.4155 23.4063 23.5934 28.1143 33.1734 33.25 33.317 38.2134 38.247 38.2768 38.303 
42.9151 41.8397 41.8527 41.8679 42.4283 42.472 42.4797 42.4884 42.8604 42.8571 42.8505 42.7544 42.7324 42.4834 41.6034 41.5865 41.5565 41.5105 40.7994 39.9657 39.738 39.486 37.7929 36.1549 33.5685 31.8842 31.7193 29.4561 25.7727 25.4466 23.6433 23.5112 20.1885 13.7839 13.6912 11.6245 9.4313 9.463 10.354 13.3299 14.6492 14.7167 19.9414 23.5026 28.0116 28.1815 33.2123 33.2758 33.3316 38.2291 38.2574 38.2827 
41.8389 41.8504 42.4548 42.4597 42.4652 42.4713 42.8504 42.8487 42.8454 42.8399 42.7459 42.7305 42.4877 41.5943 41.5833 41.5659 41.5406 41.508 40.7386 39.8324 39.6972 39.5462 39.4241 37.6837 33.6937 32.8086 31.8758 31.771 28.4107 25.631 25.3973 25.2148 21.3983 20.1583 13.7482 12.8445 11.6258 9.4426 9.4672 12.4054 14.6098 14.6726 19.4348 23.4303 23.5731 28.0885 28.2305 33.2416 33.2949 38.2143 38.2411 38.2653 
42.4472 42.4509 42.455 42.4595 42.843 42.842 42.8402 42.8372 42.7482 42.74 42.6433 42.4896 41.589 41.5813 41.5701 41.5544 41.5342 40.7484 40.704 39.7552 39.6659 39.5667 39.4782 37.79 37.6495 33.5926 32.7542 31.8809 31.8088 28.3269 25.5426 25.3681 25.2289 20.3405 20.1386 13.724 12.8224 9.4265 9.4492 9.4687 13.3276 14.6366 14.6883 19.4886 23.5052 28.0115 28.1464 33.2132 33.2638 33.3091 38.2274 38.2504 
42.4474 42.4509 42.4547 42.8368 42.8357 42.8339 42.8312 42.7422 42.7357 42.6392 42.3901 41.5857 41.58 41.5721 41.5616 41.5482 41.5322 40.7198 39.7531 39.7055 39.6421 39.5724 39.5068 37.8498 37.7328 35.4052 32.8533 32.7315 31.8898 31.8373 28.2728 25.4847 25.3501 25.2405 20.2895 16.9525 12.8797 12.8078 9.4345 9.4528 12.4105 13.3602 14.6557 18.0138 23.4499 23.5622 28.0755 28.1905 33.2375 33.2808 33.3198 38.2378 
42.4473 42.8326 42.8319 42.8307 42.829 42.8266 42.7377 42.6469 42.6362 42.3896 42.3705 41.579 41.5732 41.5657 41.5563 41.5451 41.5323 40.7002 39.7087 39.671 39.6239 39.5723 39.5223 39.4786 37.7866 37.7067 35.3438 32.8109 32.7233 31.8993 31.8594 25.5724 25.4454 25.3386 25.2502 20.2525 17.1604 12.8568 12.7979 9.4397 9.4546 13.326 14.6285 14.6693 18.0625 23.5097 28.0159 28.1254 28.2244 33.2566 33.294 38.227 
42.8287 42.8279 42.8268 42.8252 42.8231 42.7343 42.6428 42.6339 42.389 42.3739 41.5783 41.5738 41.5682 41.5613 41.5531 41.5437 40.7074 40.6866 39.6762 39.6459 39.6094 39.5698 39.5307 39.4951 37.8215 37.7522 35.4231 32.8683 32.7875 31.9488 31.9082 28.295 25.5196 25.4177 25.331 25.2583 20.2252 17.1317 12.8404 10.8192 9.4428 12.4134 13.3518 14.6443 18.0081 23.466 23.5565 28.0698 28.1646 33.2359 33.2717 33.3044 