normal_rasters/0772100001000734.ascii
ncols 166 
nrows 183 
xllcorner 158677.681
yllcorner 383630.904999
cellsize 0.25
nodata_value -9999 
[rows 96 to 127 of 183, columns 70 to 139 of 166]
8.1787 7.7682 6.6697 6.8449 5.7071 5.1647 4.5703 3.4742 2.9559 2.5442 2.3698 2.0481 1.8566 1.553 1.2272 1.0021 0.9196 0.9189 0.9338 0.9358 0.9731 0.9217 0.9526 0.9361 0.9349 0.9998 1.0432 1.0155 1.0345 1.135 1.0963 1.0837 0.8868 0.737 0.6294 0.5806 0.5442 0.4795 0.4523 0.5583 0.5874 0.5881 0.7178 0.7371 0.966 1.0147 1.1372 1.2779 1.6858 1.8555 2.1835 2.4606 2.7215 2.9733 4.7749 5.2776 5.2188 5.1403 5.0196 4.9341 4.8892 4.8677 4.8591 4.8576 4.3848 2.25 7.6401 12.3518 12.4149 12.4636
7.8221 6.1178 5.5421 5.4268 5.1667 4.3971 3.7157 3.0896 2.8723 2.3011 1.7206 1.6475 1.3947 1.0452 1.008 0.9369 0.8331 0.8581 0.8469 0.8631 0.8917 0.9032 0.9032 0.9099 0.9086 0.9043 0.9629 0.9506 0.9786 0.908 1.0268 1.0578 0.9876 0.7111 0.6135 0.5457 0.4592 0.4053 0.4114 0.5565 0.6062 0.5586 0.7003 0.8453 0.9396 0.9987 1.1131 1.4994 1.7329 1.9231 2.0921 2.2881 2.9779 3.3653 5.2784 5.4282 5.142 4.9446 4.8257 4.7811 4.7715 4.7768 4.3363 2.2535 6.8178 12.2848 12.3801 12.4488 12.4996 12.5378
5.8095 5.1585 4.6799 4.8033 4.4514 3.7442 3.3064 2.7391 2.3015 1.8222 1.4738 1.2515 1.0225 1.0684 1.0063 0.879 0.8407 0.8199 0.8117 0.8299 0.9002 0.9032 0.8928 0.8985 0.8951 0.8518 0.7743 0.845 0.861 0.8481 0.8188 0.9689 1.0234 0.9147 0.6394 0.4859 0.3636 0.3388 0.3422 0.403 0.5369 0.6448 0.7718 0.8708 0.9366 1.0155 1.2985 1.5355 1.5611 1.847 2.0331 2.1332 2.7558 5.1741 11.1034 4.6022 4.6208 4.535 4.5434 4.5881 4.2605 4.2103 2.2495 12.005 12.3271 12.433 12.5042 12.4483 12.4562 12.4628
5.0253 4.5176 3.9247 3.8888 3.3536 3.09 2.71 2.2849 1.7807 1.3988 1.0387 0.9504 0.9859 1.0089 0.9278 0.8922 0.8711 0.842 0.8154 0.8121 0.8488 0.8323 0.8278 0.8579 0.8414 0.785 0.7372 0.6988 0.7358 0.6917 0.7129 0.6832 0.938 0.9932 0.9036 0.4546 0.3257 0.2952 0.315 0.3854 0.4253 0.6345 0.747 0.7354 0.8889 1.0221 1.2219 1.3614 1.4677 1.5592 1.9784 2.082 2.1265 4.6559 4.0561 3.3715 3.6874 3.9552 3.8966 2.2718 2.2545 6.7151 11.993 12.4191 12.4263 12.4412 12.4514 12.459 12.4652 12.4705
3.9603 3.6575 3.8496 3.5688 3.0953 2.6015 2.3177 1.8385 1.1577 0.9973 0.8142 0.8402 0.8781 0.8726 0.8985 0.9031 0.9004 0.868 0.8483 0.8144 0.8102 0.805 0.79 0.8102 0.7793 0.7518 0.6801 0.647 0.5778 0.533 0.562 0.5437 0.6942 0.8901 0.8597 0.7916 0.4351 0.363 0.2961 0.321 0.4222 0.5228 0.6807 0.6664 0.7669 0.9615 1.06 1.2528 1.4127 1.7093 1.8341 1.9557 2.0187 2.159 2.2576 2.8218 2.3661 2.3295 2.2648 6.2574 6.7696 12.025 12.4055 12.4358 12.45 12.4579 12.4637 12.4687 12.5909 12.5095
3.4861 3.3994 3.8878 3.5314 2.757 2.1912 1.9028 1.1994 1.0086 0.8235 0.8011 0.7546 0.8158 0.8427 0.8992 0.9174 0.9096 0.944 0.8435 0.8097 0.7904 0.7492 0.7303 0.7554 0.7134 0.672 0.6341 0.5515 0.4422 0.4286 0.4044 0.4493 0.5234 0.7279 0.7597 0.7033 0.4924 0.4208 0.3263 0.196 0.3557 0.5513 0.5643 0.641 0.7607 0.9661 1.0807 1.2249 1.4294 1.3632 1.6075 1.7305 1.9713 2.1499 2.1835 2.232 2.2774 4.5978 6.1062 6.9735 12.1381 12.4238 12.4636 12.4706 12.4701 12.4703 12.4723 12.5322 8.1303 8.0102
3.3112 3.3561 3.5999 2.6161 2.0697 1.9453 1.1733 0.946 0.8376 0.8005 0.7947 0.7527 0.7661 0.7963 0.8105 0.937 0.9427 0.9049 0.8429 0.752 0.7534 0.7267 0.7252 0.7242 0.7004 0.6136 0.5652 0.4862 0.4177 0.3141 0.2922 0.3156 0.4153 0.5555 0.7119 0.7219 0.6346 0.4168 0.3826 0.226 0.2647 0.3152 0.3609 0.4918 0.5684 0.7519 0.9087 1.0083 1.0466 1.1978 1.291 1.4429 1.6746 1.9952 2.1179 2.123 2.1319 5.5371 7.3672 11.9666 12.477 12.5407 12.5179 12.4903 12.4762 12.4919 12.4394 8.1397 7.9887 15.6431
3.24 3.5812 3.0589 1.7451 1.5922 0.8859 0.8128 0.8245 0.7561 0.7646 0.7794 0.7408 0.721 0.7187 0.752 0.8205 0.8494 0.9008 0.8615 0.7808 0.745 0.7123 0.7151 0.7058 0.5946 0.5527 0.4955 0.3817 0.3123 0.285 0.2637 0.2751 0.3141 0.4864 0.633 0.7579 0.6843 0.5429 0.4106 0.3945 0.2341 0.1622 0.2191 0.2103 0.3781 0.5553 0.7004 0.9002 0.904 1.0028 1.1814 1.1159 1.6021 1.7252 1.9919 1.9483 1.9649 5.0456 11.4691 12.5606 12.7541 12.6354 12.5141 12.4649 12.343 8.298 8.1356 9.5431 9.4011 10.5506
3.38 2.7488 1.5285 1.1719 0.9557 0.8065 0.725 0.7276 0.739 0.7394 0.7411 0.7018 0.6851 0.6807 0.7028 0.7143 0.704 0.8528 0.8724 0.832 0.732 0.6263 0.6506 0.6425 0.587 0.4811 0.396 0.348 0.2501 0.2213 0.1989 0.2594 0.311 0.334 0.4536 0.5994 0.6618 0.6833 0.5951 0.3906 0.2851 0.2034 0.0839 0.1246 0.2672 0.4777 0.4638 0.6119 0.8312 0.8435 0.9201 1.0981 1.4248 1.5802 1.6281 1.7105 4.1941 9.5734 14.9117 12.5836 13.0843 12.4715 12.1949 12.0413 8.299 8.0953 9.3772 10.3086 10.6145 10.8312
2.8545 1.5785 1.0396 0.9442 0.8502 0.7577 0.6906 0.6953 0.7391 0.7396 0.7391 0.7119 0.6418 0.6485 0.6535 0.6506 0.7595 0.822 0.8799 0.8621 0.7977 0.6783 0.6229 0.5862 0.5352 0.3926 0.3304 0.2541 0.222 0.1907 0.2134 0.2803 0.2931 0.3476 0.4039 0.4444 0.5917 0.6768 0.6773 0.5948 0.3751 0.3513 0.1837 0.1786 0.1977 0.2924 0.2979 0.3745 0.5876 0.7883 0.7971 1.0847 1.3726 1.5646 1.6234 1.6223 2.0082 7.6477 9.0446 21.971 11.0774 11.1 8.594 8.1763 7.8552 9.0813 10.3206 10.7256 10.9955 11.1705
2.0017 1.1866 0.885 0.7622 0.7655 0.7305 0.7366 0.7388 0.7388 0.739 0.7389 0.7341 0.7103 0.7013 0.6888 0.6332 0.7136 0.7908 0.9583 0.8787 0.8663 0.8003 0.6494 0.562 0.3965 0.3307 0.2722 0.2385 0.2385 0.2219 0.1913 0.2315 0.2704 0.292 0.3741 0.4098 0.4725 0.5819 0.6833 0.6904 0.6918 0.7748 0.3966 0.2493 0.2524 0.2852 0.3013 0.3876 0.4302 0.5471 0.8224 0.9939 1.1402 1.5207 1.6707 1.7187 1.9515 1.9603 7.2242 12.5585 5.6221 7.7513 7.6195 7.2651 3.9958 10.3593 10.9162 11.2594 11.4587 11.4562
1.1043 0.9873 0.8816 0.7605 0.6877 0.693 0.7342 0.7379 0.738 0.7375 0.7141 0.7279 0.7381 0.7326 0.7268 0.7172 0.6468 0.7011 0.7555 0.9507 0.8954 0.8301 0.657 0.4868 0.3905 0.3127 0.2823 0.2467 0.2387 0.2387 0.2233 0.1896 0.2348 0.241 0.2415 0.3438 0.4055 0.4975 0.645 0.7157 0.7137 0.6374 0.494 0.3859 0.243 0.2818 0.1795 0.2695 0.3151 0.3163 0.5509 0.9067 1.0165 1.2181 1.4876 1.6403 1.6581 1.8368 1.7958 2.0154 5.4889 5.9354 2.4084 3.9792 10.3859 11.2219 11.5745 11.7483 11.6998 11.6783
1.0402 0.8931 0.8451 0.7405 0.6768 0.7101 0.7142 0.7262 0.725 0.7248 0.6856 0.6813 0.6787 0.7317 0.7211 0.7109 0.6411 0.6601 0.7547 0.9739 0.9085 0.8395 0.6846 0.528 0.4241 0.32 0.301 0.2974 0.2478 0.2388 0.2352 0.1954 0.1881 0.1857 0.1933 0.2901 0.3481 0.5078 0.5639 0.6059 0.5762 0.568 0.528 0.4513 0.3644 0.3116 0.2224 0.1932 0.2194 0.2932 0.5878 0.6597 0.7606 1.0591 1.4256 1.4329 1.6936 1.7699 1.8781 2.0975 2.2492 2.4476 3.7359 9.7573 11.2649 11.9741 12.1479 12.0999 11.9039 11.5862
1.0126 0.9816 0.7984 0.6933 0.6954 0.7069 0.7052 0.6867 0.6906 0.6851 0.6578 0.6224 0.6424 0.6409 0.6222 0.588 0.5781 0.6176 0.7347 0.9015 0.9636 0.8787 0.7676 0.6154 0.4915 0.399 0.3335 0.3067 0.2789 0.2388 0.2031 0.178 0.1663 0.1841 0.1786 0.2562 0.3447 0.3993 0.5153 0.5756 0.5947 0.5909 0.5737 0.6171 0.4578 0.3348 0.2787 0.2256 0.239 0.2891 0.512 0.4952 0.5698 0.9215 1.1656 1.4112 1.5426 1.77 1.9379 2.1425 2.4237 2.6471 7.4238 10.7092 12.7242 13.0735 12.6115 16.0717 11.7479 11.5582
1.0629 1.1435 1.0767 0.6867 0.6951 0.6833 0.6863 0.6718 0.621 0.6289 0.5959 0.5828 0.5614 0.5823 0.5698 0.527 0.4432 0.4439 0.5921 0.7642 0.9636 0.9315 0.7933 0.6539 0.5697 0.4041 0.3893 0.3232 0.2867 0.2392 0.181 0.161 0.1412 0.1702 0.2133 0.2971 0.3273 0.3375 0.4428 0.544 0.6339 0.582 0.5355 0.5167 0.547 0.409 0.1893 0.1125 0.1668 0.2301 0.4557 0.4232 0.5818 0.9149 1.1369 1.3613 1.4421 1.7503 1.9607 2.1675 2.2974 2.2725 4.6882 13.3907 15.3326 13.8846 16.5072 11.9394 21.9432 20.0959
1.0552 1.0588 0.9683 0.7073 0.664 0.6244 0.6098 0.6114 0.5848 0.5549 0.5373 0.5421 0.5261 0.5357 0.5234 0.5048 0.4164 0.358 0.3754 0.4958 0.823 0.903 0.8918 0.7175 0.6352 0.5842 0.4142 0.3731 0.2807 0.1831 0.1774 0.1579 0.1116 0.1615 0.1798 0.2682 0.2938 0.2583 0.4327 0.4956 0.5713 0.5739 0.4324 0.4632 0.4254 0.2846 0.2208 0.1075 0.1243 0.2449 0.4642 0.6419 0.8357 0.9337 1.1671 1.2447 1.4111 1.6841 1.936 2.024 2.1359 1.9833 11.3244 31.5787 17.3484 17.3233 16.3934 19.9743 19.6486 14.1355
1.9965 1.3866 1.891 1.9732 0.6003 0.5835 0.5668 0.5491 0.5414 0.5146 0.5138 0.5122 0.5119 0.5115 0.5113 0.471 0.3995 0.3439 0.2985 0.5095 0.6268 0.8179 0.8894 0.814 0.6947 0.6449 0.5126 0.3818 0.2873 0.208 0.1776 0.177 0.1868 0.1775 0.1625 0.1784 0.2221 0.2401 0.3315 0.4432 0.5289 0.5417 0.4526 0.4319 0.412 0.2674 0.1511 0.0846 0.0936 0.2703 0.4871 0.7444 0.9266 1.1008 1.1616 1.1913 1.2627 1.6978 1.8114 1.7304 1.6505 1.8788 2.1665 9.3586 14.4373 13.9162 14.0003 14.216 14.2511 14.2271
2.1746 2.0438 3.9356 1.5148 1.0886 0.5611 0.5255 0.5322 0.5167 0.5113 0.5114 0.5131 0.5216 0.5128 0.5022 0.4378 0.4122 0.4265 0.4561 0.5402 0.6261 0.7345 0.857 0.8432 0.7931 0.6601 0.5326 0.4059 0.2905 0.2848 0.1976 0.1876 0.223 0.169 0.089 0.1265 0.1732 0.2287 0.2924 0.3936 0.523 0.5375 0.5228 0.4455 0.4285 0.3379 0.1543 0.0792 0.0792 0.1363 0.4646 0.6489 0.8311 1.0222 1.0599 1.1284 1.211 1.3235 1.4783 1.456 1.5909 1.7456 2.0702 2.7855 11.1925 13.7473 14.3909 14.3442 14.1119 13.94
2.3282 2.3676 2.8396 1.9049 1.6563 0.5184 0.519 0.5134 0.5121 0.5112 0.5113 0.5165 0.5274 0.5187 0.5131 0.4615 0.4282 0.4245 0.4858 0.551 0.6428 0.728 0.7848 0.8568 0.8266 0.7495 0.5741 0.4694 0.3794 0.296 0.2857 0.1913 0.1946 0.0967 0.0793 0.0793 0.1442 0.2274 0.2927 0.313 0.4321 0.4993 0.5339 0.5121 0.4237 0.3029 0.2366 0.1129 0.0832 0.1819 0.278 0.598 0.7043 0.9089 0.9666 1.1067 1.2541 1.2641 1.2784 1.4185 1.6318 2.1694 2.2299 7.125 22.1802 8.2844 15.2752 13.7931 10.7646 10.278
2.3497 3.5036 2.0737 2.8532 1.1563 2.2692 0.5115 0.5178 0.5112 0.5112 0.5141 0.5136 0.5256 0.5357 0.5355 0.4497 0.4303 0.4236 0.4226 0.5652 0.6728 0.7408 0.7571 0.7434 0.8172 0.7913 0.6854 0.5513 0.487 0.3887 0.2982 0.2364 0.1711 0.1228 0.0793 0.0825 0.1201 0.2021 0.2804 0.2903 0.343 0.4628 0.5459 0.5365 0.4313 0.3395 0.2713 0.1822 0.1085 0.1015 0.3489 0.5684 0.7297 0.8858 1.0662 1.2012 1.2607 1.2779 1.2622 1.4159 1.6793 2.1273 2.4735 3.8233 5.0766 21.855 6.4257 10.2564 10.0859 9.6995
1.9692 2.0444 3.1519 3.0111 2.7829 1.9728 0.5336 0.6047 0.5212 0.5185 0.53 0.5365 0.5364 0.5181 0.4406 0.4331 0.4361 0.4189 0.4927 0.5841 0.6997 0.7796 0.7548 0.6894 0.7537 0.7958 0.7484 0.6434 0.537 0.4525 0.2909 0.2271 0.1649 0.0958 0.0792 0.0967 0.167 0.1691 0.2259 0.2905 0.29 0.3677 0.5336 0.5516 0.4681 0.4278 0.3215 0.2351 0.0911 0.1352 0.3714 0.5883 0.7517 0.8634 1.0467 1.1718 1.1891 1.3216 1.3869 1.5625 1.7265 2.0764 2.3281 2.484 2.6409 3.2999 8.2259 8.3205 8.5262 7.5454
2.0302 3.2787 3.2219 2.0957 1.8178 1.1203 0.7249 0.6883 0.66 0.551 0.5498 0.5527 0.5337 0.4847 0.4581 0.4522 0.4476 0.4826 0.5798 0.6216 0.6886 0.7885 0.7938 0.7687 0.7971 0.8281 0.8193 0.7243 0.6254 0.5944 0.4252 0.1857 0.164 0.0866 0.0792 0.0898 0.1118 0.1698 0.1719 0.2489 0.3058 0.3409 0.4114 0.5517 0.5469 0.5256 0.365 0.2499 0.1375 0.1327 0.3155 0.6219 0.7614 0.8027 0.9422 1.0356 1.0654 1.1062 1.3227 1.5892 1.9062 1.9418 2.1041 2.4073 2.7488 3.1111 3.4894 3.4309 7.1443 8.2022
3.323 2.0227 2.0363 1.8978 1.5781 0.7717 0.793 0.7943 0.7404 0.6659 0.6364 0.5868 0.5686 0.5058 0.5454 0.509 0.4903 0.5593 0.6308 0.7349 0.837 0.8784 0.8407 0.7766 0.7652 0.8455 0.9068 0.8161 0.7402 0.5566 0.4314 0.3213 0.1119 0.0793 0.0793 0.0793 0.0793 0.118 0.1686 0.1776 0.2375 0.3415 0.4121 0.4471 0.5574 0.5859 0.5715 0.3327 0.1771 0.1322 0.307 0.6768 0.6547 0.6491 0.8392 0.8992 0.9705 1.0624 1.2431 1.6092 1.859 1.9327 2.0576 2.2578 2.7623 3.1614 3.411 5.2942 8.0467 8.5814
2.0159 2.0156 1.9297 1.8254 0.788 0.8019 0.8241 0.8747 0.8207 0.7951 0.7039 0.6747 0.6591 0.609 0.5728 0.5558 0.5312 0.5562 0.72 0.8095 0.8647 0.9225 0.8348 0.7621 0.6951 0.7766 0.8438 0.8436 0.8389 0.6642 0.4758 0.312 0.1945 0.0981 0.0793 0.0792 0.0792 0.0912 0.1567 0.1777 0.1866 0.269 0.3424 0.4159 0.5011 0.5925 0.7296 0.5866 0.2169 0.1752 0.2808 0.3808 0.5229 0.6251 0.8086 0.8175 0.9209 1.0879 1.2613 1.5411 1.8185 1.9159 2.0657 2.3531 2.557 3.1208 3.1274 5.3791 14.1038 12.4633
2.0175 1.9602 0.7235 0.7924 0.8008 0.8437 0.8701 0.8791 0.8921 0.8371 0.7994 0.7262 0.7216 0.6808 0.6396 0.5938 0.6529 0.7229 0.7873 0.8841 0.9476 0.9491 0.9089 0.7854 0.7287 0.7319 0.8789 0.9047 0.7732 0.735 0.5434 0.3799 0.3108 0.198 0.1057 0.0793 0.0792 0.0868 0.161 0.1775 0.1776 0.1875 0.2756 0.4137 0.4753 0.5772 0.6511 0.5447 0.447 0.2459 0.1847 0.234 0.4374 0.573 0.7228 0.8445 0.953 1.0189 1.3562 1.6016 1.7171 1.9598 2.249 2.3573 2.6561 2.5642 2.6143 9.9061 7.5783 16.8145
1.9847 0.7912 0.7943 0.7995 0.8429 0.8674 0.8747 0.8894 0.8789 0.8611 0.8245 0.7853 0.7299 0.7222 0.7006 0.7288 0.7804 0.8552 0.9228 1.053 1.0639 0.9773 0.9461 0.874 0.7833 0.8762 0.8707 0.943 0.8387 0.714 0.6457 0.5391 0.3739 0.2717 0.1595 0.0921 0.0793 0.0792 0.141 0.1766 0.1776 0.1778 0.1912 0.335 0.4375 0.4907 0.5832 0.5792 0.5006 0.4841 0.2277 0.1813 0.2584 0.5455 0.5892 0.7266 0.8502 0.988 1.1218 1.4236 1.5744 1.7468 2.0948 2.1292 2.2515 2.3108 2.4533 2.5158 8.8589 14.5014
0.7929 0.7952 0.7986 0.8436 0.8471 0.8705 0.8744 2.2911 2.3107 1.4835 1.2813 0.8433 0.844 0.7535 0.774 0.8465 0.8836 0.9329 1.0376 1.092 1.134 1.0847 0.9535 0.8593 0.8725 0.907 0.8616 0.8416 0.8251 0.7519 0.6604 0.6396 0.5108 0.3716 0.2279 0.1097 0.0793 0.0793 0.0802 0.1354 0.1771 0.1776 0.1909 0.2391 0.3612 0.4361 0.5277 0.5705 0.5139 0.4842 0.3946 0.3172 0.1279 0.2987 0.5025 0.5098 0.5954 0.7227 1.0783 1.2097 1.4352 1.5325 1.85 1.9798 1.9567 1.9621 2.1896 2.3397 2.5359 4.2463
0.7956 0.7979 0.8439 0.8461 2.5145 2.6569 2.9172 3.4026 4.5802 6.9227 3.0182 0.9124 0.9077 0.9186 0.7938 1.0491 1.0238 1.0356 1.0795 1.2156 1.1671 1.1164 0.9825 0.9009 0.8882 0.8625 0.8256 0.819 0.8293 0.8136 0.7886 0.6516 0.6168 0.4822 0.3943 0.1673 0.0983 0.0793 0.0793 0.0897 0.1369 0.1736 0.1799 0.2145 0.3251 0.3943 0.4693 0.5214 0.5298 0.5376 0.3855 0.2906 0.2385 0.1295 0.2124 0.2501 0.3885 0.5084 0.7754 1.042 1.1901 1.387 1.5324 1.6673 1.7747 1.7957 1.9501 2.1305 2.5422 2.6908
0.8429 0.844 2.5506 2.6754 2.8293 3.3441 3.6391 4.1227 4.9861 6.4615 3.4422 1.421 1.0048 1.0131 1.1177 1.0544 1.2233 1.1973 1.1785 1.2544 1.1888 1.1435 1.0276 0.9735 0.896 0.8446 0.8897 0.857 0.8862 0.826 0.8016 0.7375 0.6378 0.5595 0.4614 0.3814 0.1432 0.0841 0.0793 0.0792 0.0863 0.157 0.1776 0.1779 0.2221 0.318 0.364 0.4742 0.5363 0.5551 0.3958 0.2982 0.239 0.2323 0.1458 0.1102 0.1895 0.4178 0.4375 0.6088 0.9054 1.2706 1.3848 1.4758 1.702 1.7454 1.7949 2.0536 2.336 2.8373
2.5486 2.6429 2.7473 3.1882 3.3325 3.5328 3.7102 3.8949 4.0396 3.5951 2.4038 1.3715 1.1514 1.1004 1.1424 1.1411 1.2413 1.384 1.3772 1.2636 1.1788 1.1194 1.0173 1.0014 0.9526 0.9743 0.909 0.8986 0.8775 0.8914 0.8091 0.7408 0.6653 0.6104 0.5043 0.3863 0.25 0.1047 0.0792 0.0792 0.0793 0.0881 0.164 0.1609 0.1778 0.2156 0.3271 0.3543 0.4719 0.5113 0.5375 0.3366 0.239 0.2276 0.1273 0.0874 0.0812 0.2073 0.3171 0.4581 0.8201 1.1704 1.3485 1.5965 1.4756 1.6174 1.4774 1.6965 2.3057 2.5048
2.6925 3.1167 3.1917 3.3272 3.4086 3.4851 3.5457 3.573 3.4578 3.0642 1.6595 1.4581 1.1445 1.1842 1.2576 1.3243 1.4748 1.4714 1.4237 1.2614 1.1764 1.1415 1.0657 1.0029 0.9105 0.9095 0.8435 0.8703 0.9 0.8799 0.8116 0.7443 0.7116 0.6602 0.6125 0.4148 0.2887 0.2032 0.1053 0.0792 0.0792 0.081 0.1023 0.1216 0.1711 0.1778 0.2174 0.3516 0.4541 0.4952 0.5246 0.3685 0.2552 0.2848 0.1006 0.0941 0.1514 0.2171 0.246 0.4852 0.8092 0.9877 1.1432 1.2879 1.2582 1.2626 1.4238 1.6705 2.1104 2.4113
3.1229 3.235 3.2768 3.3283 3.3645 3.3902 3.4954 3.42 3.1523 1.6479 1.5801 1.4761 1.6229 1.508 1.5014 1.4715 1.5412 1.5063 1.426 1.3079 1.1757 1.162 1.07 1.0651 0.9404 0.8921 0.9177 0.9007 0.8979 0.9018 0.8445 0.7669 0.7416 0.6985 0.6388 0.5567 0.3139 0.2416 0.2073 0.1143 0.0792 0.0792 0.0793 0.1305 0.1774 0.1777 0.1891 0.2537 0.4308 0.4835 0.4872 0.4405 0.3742 0.3279 0.2263 0.1074 0.1535 0.1927 0.202 0.2226 0.6831 0.898 1.0313 1.0895 1.217 1.257 1.4386 1.7751 1.9207 2.1296
