normal_rasters/0772100000296999.ascii
ncols 162 
nrows 154 
xllcorner 158408.431
yllcorner 383854.386993
cellsize 0.25
nodata_value -9999 
[rows 62 to 92 of 154, columns 0 to 70 of 162]
11.0339 11.0379 11.0425 11.0479 11.0541 11.4931 11.493 11.4928 11.086 10.6013 10.5805 10.5546 9.8139 8.9694 8.1468 8.1182 7.6658 7.2749 7.2676 7.0579 7.0503 6.8207 6.7299 6.7135 6.4906 6.6577 6.7164 6.2738 4.9485 3.868 3.2719 2.9547 2.5256 1.4458 0.636 0.3218 0.2297 0.3954 0.5798 0.6502 1.0357 1.4132 1.6267 2.0947 2.1429 3.3468 4.5261 5.6686 6.2128 6.9607 7.6134 8.1153 8.4852 8.9643 9.2495 10.3589 10.4542 10.9321 11.9614 12.293 12.3965 12.5062 12.614 12.6299 12.6162 12.6255 12.3672 11.0172 10.8683 10.7412 10.8105
11.0382 11.0422 11.0468 11.052 11.4929 11.4928 11.4926 11.0857 10.5999 10.5833 10.563 9.8252 8.9735 8.1446 8.1232 7.6677 7.2741 7.2694 7.0545 6.8255 6.8152 6.67 6.7185 6.7139 6.4924 6.6758 6.6883 6.4514 6.1239 4.6475 3.3021 2.8406 2.2724 1.7943 1.4474 0.6143 0.2455 0.2181 0.3741 0.6906 0.7662 1.0762 1.3297 1.6489 2.331 2.5857 3.3286 4.2979 5.6574 6.3759 6.8192 7.6177 8.0353 8.4944 8.831 9.2863 10.4052 10.7141 10.9508 12.0336 12.3139 12.4362 12.5974 12.6107 12.6156 12.5782 12.5083 12.1005 11.1709 10.8648 10.8207
11.0419 11.0458 11.0503 11.4927 11.4926 11.4925 11.0854 11.0783 10.585 10.5687 9.8326 9.8025 8.9462 8.1261 7.6685 7.6539 7.2383 7.0527 6.8207 6.8131 6.7241 6.7213 6.7183 6.6225 6.6347 6.6925 6.645 6.483 6.4082 5.4233 3.8583 3.0945 2.6086 1.9743 1.8146 1.5596 0.6272 0.2648 0.283 0.4853 0.6524 0.6768 1.1492 1.4396 1.7392 2.1685 2.7123 3.8068 4.5763 5.9308 6.4882 6.8062 7.5778 7.973 8.462 8.9621 9.3498 10.5156 10.8749 11.1806 11.9699 12.2875 12.5042 12.5456 12.6584 12.6503 12.5347 12.4073 12.1049 11.255 10.8526
11.045 11.0489 11.4925 11.4924 11.4923 11.4922 11.0791 10.586 10.5726 9.8377 9.8133 8.9532 8.1277 7.6687 7.6574 7.2366 7.0518 6.8179 6.7452 6.7243 6.7226 6.7206 6.6105 6.7018 6.6906 6.6691 6.2774 6.2106 5.9568 5.6252 5.4173 3.9422 3.2878 2.5522 1.9684 1.6104 0.9083 0.5469 0.387 0.37 0.4669 0.8639 0.6518 1.0134 1.4787 1.7157 2.0902 3.0649 4.1735 4.614 6.1101 6.5708 6.7291 7.578 7.8005 8.3719 8.9063 9.3033 10.3943 10.786 11.2038 11.9454 12.2722 12.6108 12.6786 12.7235 12.6183 12.4446 12.3513 11.8431 11.4261
11.0478 11.4924 11.4923 11.4922 11.4921 11.0796 10.5866 10.5754 9.8412 9.8211 8.9581 8.1286 7.6687 7.6117 7.2356 7.0514 6.8163 6.7438 6.7245 6.7233 6.7219 6.604 6.6965 6.6897 6.6781 6.2358 6.1948 6.0666 5.8531 5.8556 6.1572 5.3347 3.8933 3.3648 2.5718 1.9099 1.4955 1.0985 0.5894 0.3523 0.3697 0.5203 0.7902 1.1731 0.9655 1.607 1.8854 2.2948 3.7045 3.906 4.4831 5.9161 6.4599 6.7067 7.5844 7.888 8.3796 8.9251 9.4253 10.2602 10.645 11.2011 11.9297 12.4187 12.7181 12.7416 12.7157 12.5105 12.5163 12.0952 12.1586
11.4923 11.4922 11.4921 11.492 11.0799 10.5869 10.5775 9.8436 9.8269 8.9617 8.129 8.1205 7.611 7.235 7.0511 6.7463 6.7431 6.7246 6.7237 6.5978 6.6 6.6938 6.6892 6.6821 6.2185 6.1943 6.0895 5.8894 5.8876 5.9556 5.9596 6.1357 4.8864 3.6138 3.1414 2.3652 1.7486 1.3776 1.1134 0.4719 0.1862 0.2991 0.5401 0.7102 1.0936 1.2871 1.6445 1.8816 2.5708 3.4615 3.7113 4.4835 6.1399 6.4798 6.7065 7.5713 7.9784 8.323 8.8408 9.5058 10.2681 10.7304 11.4557 11.9769 12.4802 12.733 12.7187 12.5616 12.5572 12.6578 12.2917
11.4921 11.4921 11.492 11.0801 10.587 10.579 9.8453 9.8311 8.9642 8.1292 8.0718 7.6105 7.2347 6.8727 6.7453 6.7252 6.7247 6.724 6.5958 6.5973 6.6922 6.6889 6.4558 6.4422 6.1943 6.0969 5.8946 5.9113 5.9513 5.9059 6.1673 6.3872 5.7131 4.5415 3.7096 3.154 2.4327 1.6207 1.2504 0.985 0.4878 0.3063 0.3995 0.6514 0.8101 1.0359 1.4893 1.616 1.9104 2.3317 3.6655 3.7182 4.5849 6.1263 6.5832 6.7528 7.5072 7.9801 8.3345 8.8345 9.5965 10.186 10.9271 11.6577 12.0336 12.3701 12.6184 12.8195 12.7435 12.8838 12.9955
11.492 11.4919 11.0803 10.587 10.5801 10.5721 9.8343 9.8206 8.9524 8.0709 7.6102 7.2345 6.8718 6.7446 6.7252 6.7247 6.7242 6.5943 6.693 6.6912 6.6887 6.4532 6.4435 6.1942 6.1001 6.1516 5.9201 5.9453 6.0474 6.0951 6.1833 6.1957 6.6604 5.3752 4.2653 3.5163 2.8306 2.2895 1.7426 1.6215 1.0237 0.5045 0.4599 0.5249 0.6479 0.9404 1.3962 1.5045 1.6864 2.0314 2.3874 3.6575 3.8966 4.2955 6.1021 6.3479 6.9166 7.5489 8.0142 8.4595 9.221 9.8016 10.0645 11.0814 11.6629 11.8567 12.2363 12.6009 12.8861 12.9712 13.2049
11.4919 11.0803 10.587 10.5809 10.574 9.8368 9.8249 8.0813 8.0702 7.61 7.2344 6.9805 6.744 6.7251 6.7248 6.7243 6.5931 6.692 6.6906 6.6886 6.4515 6.4443 6.194 6.1017 6.1609 5.9228 5.9394 6.1899 6.0724 6.1199 6.0568 5.9351 5.9765 5.1875 4.2935 4.0546 3.4632 2.7725 2.1175 1.9381 1.9144 1.099 0.436 0.5302 0.6213 0.7711 1.0182 1.289 1.5511 1.81 2.2568 2.3415 3.6423 3.9008 4.7259 5.9137 6.2739 7.1383 7.5228 8.0982 8.3807 9.2515 9.9295 10.1544 11.1814 11.6422 11.7141 12.2349 12.5938 12.9613 13.1683
11.0803 11.0775 10.5815 10.5754 9.8387 9.8284 8.0795 8.0697 7.6099 7.2344 6.7835 6.7437 6.7251 6.7248 6.7244 6.6335 6.6913 6.6901 6.6886 6.4502 6.4447 6.3173 6.1026 6.166 5.9232 5.9348 6.1874 6.057 6.0855 5.9892 5.749 5.761 5.6161 5.0445 4.6876 4.9268 3.9 3.3274 2.6645 1.9538 1.9997 1.7398 1.0123 0.6581 0.6695 0.7291 0.8024 0.8967 1.2926 1.3609 1.6989 1.8796 2.4662 3.7449 4.0694 4.8551 5.9469 6.4724 7.2548 7.5322 8.2425 8.3857 9.2815 9.9163 10.1314 10.9389 11.5754 11.7186 12.2165 12.6877 13.2327
11.0778 10.5819 10.5766 9.8401 9.8311 8.078 8.0693 7.6098 7.2344 6.783 6.7253 6.7251 6.7248 6.6323 6.633 6.6908 6.6898 6.4528 6.4493 6.4449 6.3173 6.1531 6.1689 6.1719 6.2233 6.1845 6.0456 6.0643 5.9522 5.7785 5.6728 5.5984 5.2084 4.9805 4.6783 4.6619 4.3386 3.5701 3.2757 2.6066 1.998 2.024 1.4058 1.0049 0.7045 0.6625 0.8218 0.8408 0.8606 1.2257 1.4289 1.6723 2.1691 2.8086 3.712 4.365 5.1003 5.9865 6.6868 7.2519 7.5266 8.2749 8.5086 9.2102 9.7782 10.1827 11.0432 11.4948 11.7762 12.3349 12.8296
10.5822 10.5775 9.8413 9.8333 8.8704 8.069 7.6098 7.1466 6.7826 6.7252 6.725 6.7248 6.632 6.6911 6.6904 6.6896 6.4515 6.4486 6.445 6.3173 6.1541 6.1707 6.1732 6.2241 6.1818 6.0369 6.0501 5.9288 5.734 5.7264 5.5836 5.1898 5.0282 4.9234 4.5659 4.4979 4.622 3.8671 3.3846 3.3369 2.6204 2.2269 1.7947 1.3851 1.0486 0.7747 0.8148 0.8087 0.7469 1.0784 1.4583 1.4832 1.6472 2.0514 3.0951 3.6115 4.7844 5.3261 5.9667 6.4251 7.4738 7.5403 7.9753 8.4446 9.1846 9.6489 10.1182 10.8303 11.3252 11.7736 12.2999
10.5782 9.8422 9.8351 8.8703 8.0689 7.6097 7.1462 6.7824 6.7252 6.725 6.7248 6.6318 6.6908 6.6901 6.6894 6.4504 6.448 6.4451 6.3173 6.1547 6.1718 6.2152 6.2243 6.1794 6.0302 6.0399 5.9126 6.0133 5.7004 5.6389 5.1685 5.0417 4.9705 4.4841 4.3828 4.3922 4.2869 3.8087 3.5484 3.3838 3.4477 2.7306 2.1542 1.842 1.374 1.0295 0.8736 0.845 0.7925 1.0724 1.3375 1.4018 1.4124 1.652 2.3365 3.2166 3.8701 5.1246 4.6166 5.0063 6.5469 7.3901 7.3792 7.6487 8.3166 9.0015 9.4068 9.9261 10.8289 11.1924 11.7971
9.8429 9.8365 8.8702 8.0687 7.5223 7.1459 6.7822 6.7252 6.725 6.6311 6.6316 6.6904 6.6899 6.6892 6.4496 6.4476 6.4451 6.3173 6.382 6.1725 6.2167 6.2241 6.1774 6.1867 6.0322 6.0031 5.9989 5.6832 5.6222 5.5418 5.0421 4.9961 4.8274 4.3143 4.3278 4.2208 3.9504 3.7437 3.5939 3.5937 3.5815 3.2422 2.7957 2.2511 1.7676 1.2338 0.9958 0.8168 0.8567 1.0032 1.4111 1.4132 1.3997 1.4462 1.5855 2.6135 3.3863 3.8974 4.6739 5.2351 5.5177 6.5316 6.9193 7.2773 7.5302 8.3357 8.5683 9.0411 10.0249 10.7378 11.1451
9.8377 8.9398 8.0686 7.5217 7.1457 6.782 6.7251 6.725 6.631 6.6314 6.6902 6.6897 6.6891 6.449 6.4472 6.4451 6.4067 6.3827 6.173 6.2176 6.2239 6.1757 6.1831 6.0263 5.9928 5.989 5.6317 5.611 5.5428 5.0383 5.0076 4.969 4.4214 4.2849 4.1854 4.1365 3.8005 3.7034 3.6095 4.0479 4.1577 4.3492 3.4024 2.9044 2.3708 1.7613 1.2205 0.9947 0.9707 0.9984 1.2296 1.405 1.4214 1.4321 1.488 1.6257 2.5996 3.6902 3.9432 4.7574 5.6121 5.7932 6.2989 6.5999 7.1924 7.4133 8.1585 8.5606 9.0236 10.1218 10.5879
8.9404 8.0686 7.5212 7.1455 6.907 6.7251 6.725 6.6309 6.6312 6.69 6.6896 6.4498 6.4484 6.4469 6.4097 6.407 6.3832 6.1733 6.2183 6.2235 6.1742 6.1802 6.0215 5.9852 5.9819 5.9319 5.603 5.5425 5.5092 5.012 4.9849 4.8222 4.2568 4.1608 4.1326 3.7968 3.748 4.4727 4.2932 4.681 4.8394 5.0192 4.7019 3.5069 2.806 2.3882 1.9405 1.3614 1.3124 1.3796 1.2061 1.2918 1.3128 1.3224 1.4032 1.5102 1.6897 2.6743 3.5326 3.2411 4.7687 5.368 5.4675 6.1264 6.5788 6.9779 7.2234 8.2051 8.6584 8.9776 10.1463
8.0685 7.5208 7.477 6.7252 6.7251 6.725 6.6308 6.6902 6.6898 6.6894 6.4492 6.448 6.4466 6.4095 6.4072 6.3837 6.4175 6.2187 6.2232 6.2285 6.1779 6.0555 5.9794 5.9398 5.925 5.5971 5.5418 5.5164 5.0131 4.9934 4.8392 4.2371 4.142 4.1244 4.1292 4.318 4.5582 4.3768 4.7625 5.2867 5.6406 6.3344 5.4323 4.5433 3.4989 2.868 2.3296 2.002 1.7956 1.7828 1.5213 1.2173 1.2011 1.2347 1.2975 1.3044 1.5094 1.7498 2.349 3.2148 2.9514 4.3763 5.0017 5.1095 5.8989 6.5097 6.9335 7.0188 8.0581 8.3094 8.7936
7.9355 7.4772 6.7251 6.7251 6.6304 6.6307 6.69 6.6897 6.6893 6.4486 6.4476 6.4464 6.4094 6.4074 6.384 6.4181 6.2189 6.2228 6.2273 6.176 6.0509 5.9749 5.9326 5.92 5.5925 5.5788 5.5209 5.4967 4.9978 4.8493 4.8208 4.2187 4.1157 4.6693 4.3494 4.5876 4.6459 5.2199 5.2413 5.5696 5.7257 5.9095 5.8813 5.486 4.5906 2.7712 1.9329 2.0587 1.9877 1.9358 1.7188 0.9945 0.9898 0.8966 0.9771 1.3516 1.1672 1.3629 2.1244 1.8431 2.7943 3.0563 4.1655 4.8201 4.903 5.4976 6.1088 6.6139 6.8265 7.777 8.1073
7.4773 6.7251 6.725 6.6303 6.6306 6.6898 6.6896 6.6892 6.4482 6.4473 6.4462 6.4093 6.4075 6.3842 6.4186 6.4201 6.2224 6.2263 6.1744 6.0473 5.9712 5.9272 5.9163 5.903 5.5777 5.5238 5.5046 4.9999 4.855 4.8328 4.2087 4.635 4.6863 4.9068 4.5953 5.1504 5.2136 5.2848 5.4819 5.5503 5.7621 5.7723 5.6874 5.4745 5.4396 4.1334 2.5195 2.0559 1.9108 1.9035 1.8726 1.1027 0.7214 0.7541 0.6375 0.7478 0.9157 0.9355 1.2436 1.5197 1.9693 2.7178 3.2289 4.1723 4.4914 4.7012 5.1486 5.6853 6.2648 6.6243 7.6452
6.7251 6.725 6.6302 6.6305 6.6897 6.6895 6.6892 6.4478 6.447 6.446 6.4092 6.4076 6.3844 6.419 6.4203 6.2221 6.2255 6.173 6.0443 5.9307 5.9229 5.9135 5.9022 5.5767 5.5256 5.5101 5.0007 4.8581 4.8405 4.7453 4.6444 4.6954 4.9132 5.1123 5.1505 5.2033 5.4041 5.4352 5.6794 5.6981 5.7122 5.5833 5.517 5.254 5.0497 4.5266 3.9326 2.3657 2.0462 1.8697 1.9647 1.3725 0.8681 0.5265 0.4328 0.4543 0.6943 0.4117 0.8046 1.1793 1.6276 1.9917 2.4533 3.1888 3.8358 4.0742 4.595 5.0372 5.6694 6.0388 6.7824
6.725 6.6302 6.6898 6.6896 6.6894 6.4482 6.4475 6.4467 6.4104 6.4092 6.4077 6.3846 6.4193 6.4205 6.2218 6.2248 6.1718 6.1342 5.9265 5.9196 5.9114 5.9016 5.5758 5.5268 5.514 5.4462 4.8597 4.8455 5.2681 4.6499 4.6999 4.9159 5.1176 5.1478 5.3527 5.578 5.6 5.652 5.6643 5.5637 5.5429 5.5025 5.1269 5.0218 4.6903 4.587 4.2409 3.7745 2.3444 1.8181 2.0464 1.6469 1.0068 0.7704 0.7829 0.535 0.3278 0.6922 0.9387 1.0285 1.331 2.0534 2.1745 2.3746 3.0742 3.566 4.0906 4.589 4.887 5.5717 6.008
6.6301 6.6897 6.6895 6.6893 6.4479 6.4472 6.4465 6.4103 6.4091 6.4078 6.3847 6.4195 6.4206 6.2214 6.2241 6.1329 6.1322 5.923 5.9169 5.9097 5.9012 5.8913 5.5275 5.5168 5.4516 4.9933 4.8486 5.2806 4.6529 4.7018 5.2095 5.3647 5.3189 5.3416 5.5709 5.6262 5.6345 5.6432 5.5295 5.5167 5.4983 5.079 5.0232 4.6879 4.6338 4.4837 4.2937 4.2675 3.9775 3.0509 2.1759 1.8972 1.4844 1.1974 1.1765 0.9196 0.7276 0.5379 0.904 1.1572 1.4794 1.7718 2.1289 1.9068 2.4583 3.1225 3.5416 3.9848 4.5556 4.7613 5.416
6.6896 6.6894 6.6892 6.4476 6.447 6.4463 6.4101 6.409 6.4323 6.3848 6.4197 6.4207 6.2212 6.2235 6.1313 6.1306 5.9202 5.9147 5.9083 5.9009 5.8924 5.5279 5.5189 5.5085 5.4419 5.3743 5.2897 5.2867 5.1993 5.2135 5.3645 5.315 5.333 5.5649 5.6161 5.6222 5.6287 5.5069 5.4983 5.4864 5.0525 5.0206 4.6701 4.6671 4.5472 4.5537 4.5196 4.7 5.026 4.2428 3.0084 2.365 2.1236 1.8556 1.6415 1.5104 0.9911 0.9242 1.0125 1.3243 1.5099 1.9483 2.3687 2.4984 2.4248 2.7626 3.2838 3.6976 4.0995 4.5828 4.6212
6.6894 6.6892 6.4473 6.4468 6.4461 6.4099 6.409 6.4324 6.4271 6.4199 6.4207 6.2209 6.223 6.1299 6.1292 5.9179 5.913 5.9073 5.9007 5.8932 5.5281 5.5204 5.5116 5.447 5.3801 5.2964 5.2942 5.2037 5.2159 5.364 5.3116 5.3262 5.5956 5.6083 5.6131 5.618 5.4911 5.4956 5.4775 5.4514 5.0158 5.0355 4.678 4.5773 4.5469 4.552 4.7143 4.8246 4.8125 4.7475 4.0527 3.1304 2.6047 2.4288 2.2078 1.7938 1.614 1.2393 1.1166 1.3743 1.6895 2.1545 2.5393 2.8701 2.7601 2.8416 2.8874 3.3307 3.4872 3.8741 4.156
6.4475 6.4471 6.4466 6.4106 6.4098 6.4089 6.4325 6.4273 6.42 6.4208 6.2206 6.2225 6.1287 6.1281 5.916 5.9115 5.9064 5.9006 5.894 5.8865 5.5215 5.5139 5.8955 5.3846 5.3014 5.2997 5.2068 5.3521 5.3634 5.3768 5.5741 5.5883 5.6022 5.606 5.4819 5.6207 5.484 5.4706 5.452 5.0109 5.0409 4.6814 4.6526 4.5549 4.5582 4.7264 4.7767 5.0063 5.1449 5.1727 4.5688 4.0063 3.641 2.991 2.7935 2.4249 2.1967 1.9578 1.4514 1.5772 1.8197 2.4835 3.0588 3.1525 3.2342 2.8825 3.081 2.9324 3.1288 3.0745 3.144
6.4468 6.4464 6.4104 6.4097 6.4089 6.4326 6.4275 6.4201 6.4208 6.4216 6.2221 6.1277 6.1271 5.9143 5.9103 5.9056 5.9004 5.8946 5.888 5.5223 5.5157 5.9007 5.388 5.3052 5.7725 5.7728 5.353 5.3627 5.6277 5.5708 5.5826 5.5972 5.6003 5.6156 5.6128 5.4754 5.4651 5.4512 5.0065 5.0428 4.6822 4.6631 4.5571 4.5593 4.7323 4.755 5.0077 5.0692 5.127 5.2803 5.5402 4.8419 4.475 4.2137 3.6017 3.0932 2.7175 2.6024 2.3869 1.9709 2.2067 2.7343 3.2505 3.6425 3.6935 3.7397 3.225 3.1369 2.752 2.5908 2.6576
6.4462 6.4103 6.4096 6.4088 6.4326 6.4276 6.4202 6.4208 6.4216 6.2217 6.1268 5.9162 5.9129 5.9092 5.905 5.9003 5.8951 5.8893 5.5229 5.5171 5.9051 5.8999 5.308 5.7774 5.7777 5.3537 5.362 5.626 5.5681 5.578 5.5931 5.5957 5.6091 5.6066 5.4688 5.4606 5.4713 5.4532 5.0433 4.682 4.9385 4.5576 4.5592 4.7338 4.7615 5.0053 5.0417 5.0841 5.2571 5.375 5.3567 6.1468 5.4505 4.887 4.4607 3.9468 3.3153 3.1834 2.7621 2.3084 2.6773 3.2078 3.6077 4.2175 4.1388 4.16 4.0598 4.1643 3.0734 2.4224 2.7719
6.4101 6.4095 6.4088 6.4327 6.4277 6.4282 6.4209 6.4215 6.2214 6.126 5.9148 5.9117 5.9083 5.9045 5.9003 5.8956 5.8903 5.8846 5.5182 5.9087 5.9042 5.7815 5.7814 5.7817 5.354 5.6147 5.6247 5.5659 5.5743 5.5835 5.6055 5.604 5.4686 5.4636 5.4569 5.4695 5.4552 5.0431 4.6815 4.9434 4.5575 4.5586 4.7336 4.7526 5.0013 5.025 5.4688 5.2457 5.3474 5.6851 5.922 6.1091 6.6355 5.6425 4.8147 4.852 4.6297 3.8906 3.636 3.807 3.6088 3.4993 3.961 4.4786 5.1101 4.5454 4.2387 4.2623 4.2553 3.4303 3.0031
6.4094 6.5997 6.4327 6.4278 6.4282 6.4209 6.4215 6.1257 6.1253 5.9135 5.9107 5.9076 5.9041 5.9002 5.896 5.8913 5.8861 5.9154 5.9117 5.9078 5.7847 5.7847 5.785 5.3543 5.6149 5.6237 5.564 5.5713 5.579 5.6012 5.5999 5.4636 5.4593 5.4539 5.4678 5.4563 5.0425 5.0639 4.9463 4.5571 4.9066 4.7329 5.003 4.9973 5.0138 5.4743 5.2325 5.7932 5.8661 5.8178 6.5825 6.7711 7.1357 7.1077 6.4149 6.1787 5.6436 5.1953 5.3414 4.8855 4.5043 4.1722 4.5928 4.8315 5.3767 5.3702 4.8206 4.4652 4.5755 4.5826 3.608
6.5997 6.4328 6.4279 6.4283 6.4209 6.4215 6.1251 6.1247 5.9124 5.9098 5.9069 5.9037 5.9002 5.8963 5.8921 5.8874 5.9175 5.9143 5.9109 5.7874 5.7875 5.7878 5.6083 5.6151 5.6228 5.6314 5.5688 5.5752 5.5977 5.5965 5.4595 5.4558 5.4513 5.4662 5.4569 5.0771 5.0657 4.9483 4.9438 4.908 4.7319 5.0023 4.9938 5.4621 5.4756 5.7783 5.8114 5.8636 6.5247 6.6332 6.8661 6.9706 7.3862 8.4023 8.1172 6.6443 6.6934 6.4559 6.1817 5.198 5.104 5.3819 5.0618 5.5004 5.7723 5.9208 5.8329 5.2124 4.9834 4.8813 4.7974
6.6417 6.428 6.4283 6.4209 6.4214 6.1245 6.1241 5.9114 5.909 5.9063 5.9034 5.9002 5.8966 5.8928 5.8886 5.9194 5.9165 5.9135 5.7897 5.7898 5.7901 5.6092 5.6153 5.6221 5.6297 5.5666 5.5864 5.5947 5.5936 5.4561 5.4529 5.4714 5.4649 5.457 5.0762 5.0668 4.9495 4.946 4.9089 4.731 5.0014 4.9907 5.4645 5.4752 6.0671 5.8178 6.6848 6.7459 6.647 6.8341 6.8579 7.2064 7.3554 7.9035 7.5104 7.1198 7.2483 7.2917 7.1759 6.7817 5.8616 5.9839 6.3463 6.1265 6.2695 6.3514 6.7467 6.5522 6.0183 5.6268 5.3465
