normal_rasters/0772100000296758.ascii
ncols 53 
nrows 52 
xllcorner 158259.30899
yllcorner 383866.192993
cellsize 0.25
nodata_value -9999 
[rows 0 to 37 of 52, columns 0 to 52 of 53]
34.323 34.3016 34.2779 34.2516 27.5976 24.2133 24.1616 19.402 19.3709 19.5209 23.0351 23.1516 28.7159 28.799 28.893 34.9761 42.8189 42.873 42.9347 44.948 44.9775 45.0102 44.9625 45.4369 45.3888 44.4249 44.3724 43.7482 43.7253 43.7009 43.1095 43.1001 43.0907 43.0818 43.0739 43.0675 42.7007 42.688 42.2883 42.2787 42.4914 42.4902 42.4895 42.4891 42.2697 42.2706 42.2713 42.2157 42.2162 42.2166 42.2169 43.1587 43.7167
34.3428 34.3212 34.2969 34.2697 34.2396 27.5769 24.1966 24.1367 19.3891 19.3527 19.5211 23.0532 28.6527 28.7393 28.839 34.8798 39.3063 42.834 42.9004 42.9765 44.9626 44.9996 44.9769 44.9869 45.4217 45.3587 44.3974 44.3285 43.7297 43.6996 43.6688 43.0992 43.0875 43.0766 43.067 43.0595 42.6958 42.681 42.2855 42.4909 42.4893 42.4883 42.4879 42.2698 42.2709 42.2718 42.2167 42.2173 42.2178 42.567 43.1588 43.8884 43.9002
34.3651 34.3434 34.3187 34.2908 34.2594 34.2245 24.2377 24.1748 19.8986 19.372 19.3292 19.5223 23.0791 28.6667 28.7717 28.8935 34.9298 39.3425 42.8559 42.9389 44.9426 44.9843 45.0316 45.0092 45.4655 45.396 44.4335 44.3521 43.7376 43.7 43.6606 43.0985 43.0836 43.0698 43.0581 43.0493 42.6886 42.2958 42.2808 42.488 42.4867 42.4862 42.2697 42.2712 42.2168 42.2179 42.2187 42.2192 42.5681 43.1592 43.8891 43.9025 43.9138
34.39 34.3684 34.3436 34.3151 34.2828 34.2463 30.8752 24.2202 24.1458 19.8803 19.3494 19.4908 18.7692 23.1164 28.6879 28.8173 28.9687 39.2598 42.7984 42.8881 42.9942 44.9622 45.0171 45.0786 45.0533 45.4485 45.3519 44.3894 43.7514 43.7036 43.6517 43.0981 43.0787 43.0606 43.0459 42.7025 42.6779 42.2907 42.2734 42.4843 42.4837 42.2694 42.2715 42.2182 42.2195 42.2204 42.5659 42.5696 43.1599 43.8906 43.9058 43.9186 44.5999
34.4178 34.3966 34.372 34.3433 34.3102 34.2723 34.2293 30.8558 24.1961 24.107 19.375 19.319 19.4882 18.792 28.5842 28.7198 28.883 34.1902 39.2971 42.8199 42.9368 43.0757 44.9941 45.0682 45.1489 45.522 45.4144 44.7859 43.7755 43.7138 43.6431 43.0986 43.0721 43.0478 43.0289 42.6918 42.3074 42.2815 42.4807 42.4798 42.2688 42.2717 42.2199 42.2216 42.2227 42.5675 42.5718 43.6999 43.893 43.9106 44.5953 44.6018 44.6073
34.4486 34.4283 34.4042 34.3757 34.3423 34.3033 34.2584 34.207 24.257 24.1625 19.8987 19.3461 19.2777 18.7338 18.8257 28.5958 28.7689 28.9797 34.2809 39.355 42.8554 43.0123 44.9581 45.0477 45.1496 45.1834 45.508 44.8514 44.371 43.7377 43.6374 43.1009 43.0631 43.0287 43.004 42.6733 42.296 42.2657 42.2616 42.2672 42.2718 42.2222 42.2245 42.5631 42.5699 43.1567 43.7011 43.897 43.9174 44.5972 44.6046 44.6106 44.6355
34.4827 34.4638 34.4407 34.413 34.3797 34.3402 34.2937 34.2396 30.865 24.2315 24.1154 19.869 19.3053 19.4326 18.7585 18.876 28.6185 28.846 29.1267 34.4228 42.7413 42.9152 43.1334 45.0099 45.1411 45.2815 45.697 45.4654 44.7845 43.7919 43.6438 43.1075 43.0498 42.9981 42.9648 42.3252 42.273 42.2544 42.2636 42.2198 42.2255 42.2288 42.5655 42.5738 43.1582 43.704 43.9035 44.5455 44.6003 44.6087 44.6343 44.6409 45.0029
34.5201 34.5031 34.4819 34.4555 34.4231 34.3838 34.3365 34.2801 34.2138 30.8331 24.1934 20.9584 19.8251 19.2469 18.6706 18.7989 24.272 28.6609 28.9709 34.2689 37.8136 42.7693 43.0192 43.941 45.1129 45.309 46.571 45.6982 44.9254 44.209 43.6936 43.3259 43.0286 42.9431 42.6579 42.2897 42.2391 42.2546 42.2207 42.2307 42.2355 42.57 42.5803 43.1621 43.8799 44.5345 44.5485 44.6051 44.6145 44.6411 45.0076 45.0028 45.0027
34.561 34.5466 34.5279 34.5038 34.4733 34.4351 34.3879 34.3302 34.2605 34.1777 24.2928 24.136 20.925 19.286 14.5639 18.6931 18.8656 24.2915 28.7404 29.182 37.7079 37.9532 42.8295 43.8257 45.1669 45.3286 46.2608 46.5379 45.7791 44.4216 44.1513 43.3641 43.0042 42.7973 42.3279 42.2128 42.2283 42.2191 42.2398 42.5575 42.5791 43.1362 43.694 43.8926 44.5368 44.5537 44.6126 44.623 45.0073 45.003 45.0028 45.0025 45.0023
34.6054 34.5943 34.5789 34.5582 34.5307 34.4951 34.4495 34.3917 34.3199 34.2317 30.8435 24.2523 20.9893 20.872 19.1971 14.5423 18.7379 18.9787 24.3353 28.8932 33.4813 37.8312 39.7587 43.6093 45.0141 45.4189 46.3773 46.6512 46.252 45.4682 44.8192 43.8093 43.309 42.5083 42.1903 42.1368 42.199 42.2601 42.5693 42.5991 43.1431 43.7083 44.3467 44.5427 44.608 44.6245 45.0068 45.0073 45.003 45.0026 45.0024 45.0022 44.7261
34.6529 34.646 34.6351 34.6189 34.596 34.5647 34.5225 34.4669 34.3948 34.3029 34.1881 30.7824 24.1841 20.9483 19.7461 14.5032 13.8608 18.8263 24.1353 24.4339 29.2016 33.8549 39.6811 39.9447 43.6476 45.2547 46.0843 46.8677 46.5572 45.4707 45.2287 44.4031 43.7881 42.6477 42.0422 41.9742 42.5002 42.6184 42.971 43.167 44.3058 44.3569 44.5559 44.9873 44.9881 45.0067 45.0073 45.0029 45.0025 45.0022 44.7318 44.5679 44.3544
34.7034 34.7016 34.6961 34.6859 34.6694 34.6444 34.6083 34.5577 34.4886 34.3959 34.2746 30.8716 27.1438 21.0578 20.8733 14.9405 14.4353 18.5836 19.0032 24.15 24.6711 32.576 37.1424 39.8839 41.9836 44.665 46.1308 47.038 46.7933 46.1063 45.3411 44.7705 43.7119 43.0356 42.3185 42.4409 42.9886 43.0531 44.0662 44.1762 44.3871 44.5844 44.9871 44.9882 45.0066 45.0074 45.0028 45.0023 45.0019 44.732 44.5676 44.3525 44.1548
35.847 35.8521 34.7616 34.7588 34.7505 34.7344 34.7075 34.666 34.6044 34.5161 34.3928 34.2258 30.7873 27.0729 21.0135 20.7286 11.0989 13.7403 18.6869 21.2306 24.2579 29.4529 35.7916 39.5752 40.6384 42.1335 45.3958 47.308 46.7814 46.4011 46.0308 45.1179 44.3637 43.8354 43.5175 43.3131 43.6455 44.1239 44.2727 44.471 44.9839 44.987 44.9886 45.0066 45.0076 45.0028 45.002 45.0015 44.5778 44.5668 44.1624 44.1512 44.1425
35.8803 35.8897 35.8982 35.9051 34.8386 34.8342 34.8203 34.7927 34.7451 34.6689 34.5522 34.3804 34.1374 27.184 21.2302 20.9076 15.8497 10.5608 13.9283 18.9694 21.3079 24.7743 32.184 37.2145 40.0853 41.6644 44.608 46.5064 47.4421 46.5668 46.3807 45.82 44.8 44.7632 43.9855 44.0101 44.2939 44.7341 44.8687 44.9807 44.9871 45.0048 45.0068 45.004 45.0027 45.0017 44.8018 44.579 44.5649 44.1591 44.1457 44.1357 44.1284
38.601 36.352 36.3643 35.9554 35.9677 35.9778 35.9839 34.9373 34.9117 34.8584 34.7623 34.6013 34.3462 30.8321 27.0619 21.2259 20.6343 10.7627 10.5946 14.5231 20.6624 21.7992 28.8379 34.486 37.1047 39.8029 42.0474 44.6971 47.5842 47.1915 46.4133 46.0225 45.748 45.4375 45.1599 44.5452 44.8318 44.9381 44.9678 44.9878 45.005 45.0072 45.0045 45.0025 45.001 44.6057 44.5797 44.5612 44.1535 44.1372 44.1258 43.8609 43.856
41.6443 38.6329 37.5432 37.5498 36.4376 36.456 36.0678 36.0834 36.0916 35.0853 35.0298 34.9069 34.671 34.2557 27.3061 23.8587 21.1274 15.0069 9.3409 10.8381 18.6564 20.1711 25.0548 33.0531 34.0056 38.0704 39.9297 42.3109 46.1501 47.2408 46.9576 46.2305 46.0561 45.9677 46.0037 45.291 44.8887 44.9772 44.9287 45.014 45.0285 45.0387 45.0023 44.9999 44.6164 44.5788 44.5537 44.1436 44.1238 43.7846 43.8556 43.8502 43.8466
41.7299 41.6576 38.6741 37.5881 37.6005 37.613 36.5463 36.5773 36.2233 36.2504 36.2608 36.2338 35.1516 34.7739 33.9971 27.0592 23.8431 19.3911 9.7996 6.6693 14.0809 18.5148 18.9237 28.3923 33.7894 36.1958 39.5439 40.7754 43.807 45.4271 46.9613 46.7031 46.2964 46.1679 46.1897 46.1959 45.2128 45.06 45.1226 44.9774 45.0184 45.0391 44.8876 44.6315 44.574 44.1809 44.1411 43.7933 43.7794 43.8472 43.8415 43.838 43.6853
43.1459 41.7616 41.6787 41.5788 37.6447 37.6658 37.6891 37.7145 37.7413 36.7818 36.8425 36.5513 36.5554 36.4093 34.9202 28.9731 25.5695 23.4018 14.4976 6.2138 4.3606 16.2375 19.3603 22.8707 28.9096 34.9906 37.5221 39.0316 40.8147 42.7336 46.1151 46.7356 46.5438 46.2161 46.2952 46.2824 45.9713 45.0982 45.1304 45.0609 45.0436 44.9104 44.6546 44.5607 44.1759 43.8183 43.7867 43.8435 43.8332 43.8279 43.679 43.6861 43.6929
44.7194 43.1822 41.8069 41.7115 41.5944 40.457 37.7499 37.7902 37.8381 37.8955 37.9643 37.1876 37.3485 37.4733 37.0406 35.5276 28.3812 23.6994 20.8914 7.3449 3.0197 4.3088 15.9241 20.441 25.5788 30.356 35.3764 37.4398 39.0878 41.8581 43.6447 46.1795 46.5975 46.4452 46.3451 46.3607 46.2375 45.6038 45.2114 45.1168 44.9342 44.7545 44.3531 43.9225 43.8176 43.7685 43.8176 43.8085 43.6672 43.6731 43.6852 43.6939 43.7003
44.7193 44.7196 44.72 43.1589 41.7624 41.6245 40.4791 39.621 39.6311 38.006 38.1161 38.2667 38.4822 38.802 38.8405 38.064 32.2923 29.3038 20.9615 18.7114 7.5036 3.409 7.392 17.8855 21.0568 27.5484 31.8147 36.245 37.1397 39.0872 42.254 45.5361 46.361 46.5688 46.4114 46.3701 46.3055 46.05 45.4074 44.9012 44.6813 44.6585 44.0048 43.7938 43.7167 43.7618 43.6399 43.6539 43.6692 43.6854 43.6966 43.8275 43.8354
44.7192 44.7196 44.7199 44.7204 43.9531 43.0866 41.6787 40.519 40.4255 39.651 39.6729 39.7067 39.7645 39.8814 40.1829 40.1446 35.1237 30.5774 26.9441 20.2768 15.6745 4.9424 4.3254 11.5243 19.2707 22.9782 29.7574 32.6629 35.568 37.9708 41.4042 44.0904 45.9202 46.4714 46.4324 46.3716 46.1401 46.0825 45.8335 44.5977 44.1593 44.0298 43.7383 43.4841 43.445 43.5972 43.6317 43.6652 43.6885 43.703 43.8359 43.8442 43.9162
44.7191 44.7195 44.7199 44.7203 44.7209 44.7216 43.1713 41.7381 41.6149 40.5004 40.4866 40.4652 39.746 39.813 39.8699 39.4311 38.6971 36.7413 31.8866 25.9916 20.4116 13.216 2.5719 7.1712 14.9808 20.8796 24.1638 31.343 32.6288 36.4331 39.2693 41.5027 44.439 45.9375 46.3406 46.3561 46.2396 46.0587 45.807 44.9666 44.7037 43.294 43.4109 43.1996 43.4086 43.612 43.6674 43.7008 43.7996 43.9164 43.924 43.9283 43.9114
44.719 44.7193 44.7198 44.7203 44.7209 44.7216 44.7226 44.7237 43.1911 43.1736 43.0842 43.0298 41.0764 41.1278 41.1982 40.1195 39.3257 37.2391 35.7029 28.6929 22.771 18.6909 6.6234 4.4439 10.024 18.6121 23.1885 26.443 31.2404 34.3485 36.5476 40.7084 42.2244 45.0258 46.1014 46.4488 46.3414 46.1158 45.8905 45.01 44.5149 44.0406 43.5346 43.5216 43.6533 43.7688 43.9162 43.9363 43.9445 43.9472 44.1181 44.118 44.1179
44.7188 44.7192 44.7196 44.7201 44.7208 44.7216 44.7227 44.7241 44.7894 44.85 44.2096 43.5142 43.6307 43.641 43.52 43.9395 41.7785 38.524 35.8274 32.8649 27.2286 20.6603 16.5586 4.7415 6.3564 12.4579 20.9002 23.021 25.233 32.5243 36.1246 37.949 42.1621 43.663 46.5133 46.6901 46.6982 46.384 45.9107 45.6554 44.6171 44.4897 44.0696 44.0102 44.0207 44.0607 44.1185 44.1189 44.1188 44.1186 44.1184 44.1182 44.118
44.7186 44.7189 44.7194 44.7199 44.7206 44.7214 44.7226 44.7244 44.7269 44.793 44.8607 44.9136 44.8406 44.8533 44.8408 44.6185 43.5074 41.7766 36.9249 35.2609 31.8359 27.5639 18.5352 15.692 7.2614 7.5662 16.2291 21.37 23.492 27.0569 34.273 37.5448 39.7462 42.8757 45.5086 46.5215 46.9851 46.8208 46.3319 45.937 45.6253 44.7765 43.8935 44.147 44.1178 44.1186 44.12 44.1199 44.1195 44.119 44.1186 44.1183 44.1181
44.7183 44.7187 44.7191 44.7197 44.7203 44.7212 44.7223 44.7242 44.7277 44.7331 44.842 44.8887 44.9372 44.9149 44.979 44.8127 44.0087 42.9177 39.8533 35.62 33.1071 30.3159 25.7681 15.6677 11.4402 8.5649 10.3523 17.25 22.6297 24.5579 28.9123 35.4635 37.2206 40.8642 44.6921 47.2419 47.141 47.0583 46.8438 46.1898 45.7152 45.3662 44.7251 44.2949 44.1361 44.1179 44.1225 44.1211 44.12 44.1193 44.1188 44.1184 44.1182
44.718 44.7184 44.7188 44.7194 44.7201 44.7209 44.7219 44.7234 44.7276 44.7376 44.7492 44.8617 44.938 44.9012 44.9228 44.7596 44.3133 42.3086 42.1463 38.7381 35.3143 30.6483 27.7006 21.9567 14.4207 7.8514 7.3876 10.3633 16.6111 24.4627 25.5014 31.1273 34.9758 39.7804 42.2063 45.603 47.4428 47.591 47.0047 46.8035 45.8498 45.5679 45.14 44.3308 44.1457 44.1761 44.1243 44.1215 44.1201 44.1193 44.1188 44.1184 44.1182
44.7177 44.718 44.7185 44.7191 44.72 44.721 44.722 44.7222 44.724 44.7424 44.7771 44.8256 44.8763 44.8796 44.7323 44.4646 44.1879 43.216 42.1031 41.2534 38.6184 33.6588 30.6462 25.5501 20.8342 12.9368 7.4902 5.517 11.0868 19.0073 25.578 26.7788 32.1851 37.3242 40.1803 43.4256 47.1975 47.5185 47.4144 46.8133 46.4349 45.9436 45.2374 44.7438 44.2742 44.2298 44.2277 44.2347 44.1197 44.1191 44.1186 44.1183 44.1181
44.7001 44.7176 44.7181 44.7188 44.7199 44.7218 44.7245 44.7255 44.716 44.7214 44.8569 44.8 44.7892 44.8457 44.6629 44.7306 44.0952 43.7235 42.9894 41.7455 40.0362 36.3823 32.1361 27.7918 21.8822 18.3996 8.745 4.5007 8.6671 10.9052 21.4037 26.7655 29.1436 33.8916 37.9936 41.1198 44.5306 47.1297 47.5243 47.1168 46.7004 46.306 45.7439 44.9853 44.4249 44.2901 44.2663 44.2602 44.2606 44.2632 44.2665 44.1181 44.1179
44.7008 44.7017 44.7029 44.7047 44.7073 44.7119 44.7287 44.746 44.7234 44.6314 44.6603 44.7387 44.7933 44.7251 44.7856 44.5395 43.4506 43.3716 43.3526 42.6842 41.2501 39.6792 34.6416 32.1716 25.6801 19.94 13.1646 9.2032 7.297 10.9654 16.4822 24.4883 27.2428 31.1803 34.6955 39.1892 42.7807 46.4364 47.0711 47.1802 47.0591 46.4451 46.1629 45.2601 44.6939 44.3995 44.2975 44.2837 44.278 44.2763 44.2765 44.2777 44.2792
44.7012 44.7022 44.7035 44.7053 44.7079 44.712 44.7194 44.732 44.6688 44.684 44.6762 44.7063 44.8001 44.8918 44.9383 44.6136 44.7614 43.8191 43.2562 43.1612 41.9887 41.4171 37.4244 34.8865 32.0297 23.4385 17.7963 11.9529 7.7592 10.3167 11.9566 21.288 26.1574 29.0456 32.6334 36.5909 40.5257 44.1605 46.2683 47.099 46.9924 46.6912 46.3068 45.8765 45.2632 44.6697 44.318 44.3019 44.293 44.2883 44.2862 44.2854 44.2855
44.7014 44.7024 44.7036 44.7052 44.7072 44.7096 44.7118 44.7096 44.7018 44.7252 44.7289 44.7157 44.8076 44.8674 44.8303 44.7669 44.7047 44.2757 43.846 43.2737 43.4172 42.2585 40.8895 36.5381 34.3001 29.4059 19.4059 16.6158 8.976 8.8126 13.0784 15.5509 22.3776 26.995 31.4399 34.7956 38.167 42.0457 44.5654 45.9059 47.1067 46.9423 46.5904 45.9634 45.3777 44.7246 44.6692 44.3148 44.3048 44.2985 44.2948 44.2927 44.2916
44.7015 44.7024 44.7035 44.7047 44.7061 44.7075 44.7085 44.709 44.7393 44.7507 44.745 44.7423 44.8054 44.8674 44.7677 44.7644 44.8 44.5292 44.1906 44.0133 44.1477 43.0118 42.3929 40.766 36.397 33.7701 27.3232 23.3552 14.184 7.3766 7.9292 14.6355 17.7979 25.4729 29.7104 31.8073 34.8767 37.7628 42.5136 44.6858 45.8452 46.7413 46.5045 46.5514 45.8953 45.337 44.7101 44.6748 44.3135 44.3067 44.3021 44.2991 44.2972
44.7015 44.7023 44.7032 44.7443 44.744 44.7439 44.7446 44.7475 44.7552 44.7699 44.7844 44.7919 44.8149 44.8534 44.8381 44.6841 44.7051 44.844 44.5627 44.1823 44.463 44.8311 42.7145 41.3294 38.7218 35.8407 30.1493 21.6562 18.0763 7.6897 4.1611 5.0611 14.6293 21.9445 25.9037 29.2774 32.8671 36.1984 39.6571 44.5014 44.7416 45.8022 46.726 46.4638 45.9348 45.3936 44.9014 44.847 44.6816 44.3131 44.3081 44.3046 44.3022
44.7467 44.7467 44.7468 44.747 44.7477 44.7491 44.7521 44.7584 44.7715 44.7975 44.8312 44.8297 44.847 44.8688 44.7716 44.6782 44.748 44.754 44.6613 44.8176 44.7449 44.713 43.5292 42.4922 40.54 39.8605 36.0643 27.6319 23.3287 15.7698 6.4611 3.5249 9.9762 18.365 24.5522 26.0788 29.3795 33.2137 36.3095 39.7043 44.6127 44.7479 45.5667 46.4771 46.4435 45.8963 45.3649 44.8899 44.8507 44.6882 44.3129 44.3092 44.3064
44.7481 44.7484 44.7489 44.7498 44.7512 44.7537 44.7582 44.7661 44.7798 44.8012 44.8166 44.8171 44.8497 44.8196 44.7729 44.7175 44.7795 44.6768 44.6647 44.6987 44.7336 44.3985 43.6577 42.5787 42.3376 39.5432 37.6622 31.8942 29.9649 20.0023 15.6075 7.1946 8.5138 14.1848 19.9062 25.3139 25.9269 30.1568 30.6354 36.3479 44.541 44.6565 44.7404 46.7142 46.4567 45.9185 45.3968 44.9228 44.8845 44.8551 44.833 44.313 44.31
44.7495 44.75 44.7509 44.7522 44.7542 44.7573 44.7621 44.7696 44.7805 44.794 44.7927 44.8116 44.821 44.8179 44.7761 44.7711 44.6543 44.6543 44.6524 44.6548 44.6183 44.273 42.9581 42.6112 42.0842 41.4294 39.8035 35.9263 29.3134 25.8442 21.3608 13.9094 8.1095 9.8985 14.5992 24.9675 25.4853 29.2529 30.3095 30.6121 38.396 44.598 44.6737 45.4897 46.465 46.4446 45.4192 45.3766 44.9113 44.8822 44.8594 44.8418 44.313
44.7507 44.7515 44.7526 44.7542 44.7564 44.7596 44.7641 44.7703 44.778 44.7864 44.7926 44.8263 44.8173 44.8155 44.8294 44.7632 44.6429 44.6427 44.6412 44.6388 44.5738 44.2195 42.441 42.204 41.64 41.1884 40.3704 39.3425 35.4479 29.2753 24.7072 15.2754 13.2852 11.9218 13.8127 19.3452 25.2299 25.5232 30.1161 30.389 30.5935 39.4312 44.6271 44.6797 45.4891 46.4528 45.9089 45.3967 44.9323 44.9044 44.8817 44.8636 44.8492
