normal_rasters/0772100000302910.ascii
ncols 54 
nrows 64 
xllcorner 159141.905029
yllcorner 384387.98999
cellsize 0.25
nodata_value -9999 
[rows 0 to 36 of 64, columns 0 to 53 of 54]
46.0982 46.071 45.3326 45.3196 45.3052 44.8771 44.8798 44.8834 44.8575 44.9554 44.9612 44.9685 44.953 44.9664 44.9803 44.9447 44.8613 44.8378 44.8114 44.783 45.4047 46.1056 46.2117 46.3394 47.1624 47.2947 48.0212 48.0874 48.6219 48.6055 48.589 48.5735 48.5596 48.5478 48.5379 48.5298 48.5234 48.5182 48.5141 47.3751 47.3642 47.3551 47.3475 47.3413 46.4911 46.4832 46.4764 46.4707 46.4658 46.4617 46.4582 46.4552 46.4527 43.3478
46.493 46.0879 46.0568 45.3259 45.3103 45.2931 44.8736 44.8768 44.8507 44.8572 44.954 44.962 44.947 44.9629 44.9797 44.9557 44.8762 44.8491 44.8177 44.7832 45.3517 46.0226 46.1462 46.3027 47.1499 47.3199 48.0512 48.1306 48.6313 48.6101 48.5894 48.5706 48.5546 48.5414 48.5309 48.5227 48.5163 48.5115 47.3747 47.3619 47.3514 47.343 46.4967 46.4863 46.4777 46.4705 46.4645 46.4595 46.4553 46.4519 46.449 43.3546 43.3323 43.3127
46.5081 46.4826 46.0749 45.3339 45.3173 45.2985 45.2776 44.8692 44.8427 44.8488 44.961 44.9532 44.9384 44.9574 44.9781 44.9989 44.9592 44.8655 44.828 44.7855 44.7406 45.3452 46.0534 46.2475 47.1304 47.3562 48.0957 48.1907 48.6423 48.6141 48.5877 48.5649 48.5465 48.5322 48.5215 48.5136 48.5078 47.3734 47.3582 47.3461 46.5049 46.4909 46.4795 46.4703 46.4627 46.4566 46.4516 46.4475 46.4442 43.3632 43.3364 43.313 43.2926 41.4927
46.5265 46.5002 46.0919 46.0582 45.3266 45.3063 45.2832 44.6024 44.8635 44.8386 44.8467 44.9576 44.9712 44.9491 44.9749 45.0014 45.001 44.8894 44.8445 44.7917 44.7343 45.2561 45.919 46.1603 47.0982 47.4112 48.1642 48.6919 48.6546 48.616 48.5818 48.5545 48.5342 48.5195 48.5094 47.3941 47.3704 47.3522 47.3383 46.4981 46.4825 46.4701 46.4603 46.4525 46.4464 46.4415 46.4377 43.3742 43.3414 43.3132 43.2889 41.4915 41.4705 41.4522
46.2329 46.5221 46.4904 46.0778 46.0363 45.3172 45.2919 45.2628 44.6012 44.8265 44.8333 44.8444 44.9552 44.936 44.9687 45.0036 45.0211 44.9245 44.8709 44.8049 44.7306 45.1388 45.7212 46.0159 47.0416 47.5001 48.2737 48.7233 48.6672 48.6125 48.5684 48.537 48.5159 48.5024 47.3947 47.3646 47.3425 46.5101 46.4873 46.47 46.4567 46.4467 46.439 46.4332 45.4293 43.3887 43.3479 43.3132 41.5179 41.4889 41.4642 41.443 37.2581 37.2019
46.2618 46.5488 46.5169 46.4777 46.059 46.0069 45.3046 45.2722 44.604 44.5988 44.8167 44.8259 44.9328 44.9568 44.9572 45.0044 45.0493 45.0391 44.9129 44.8307 44.735 44.9939 45.299 45.7631 46.9331 48.0857 48.4531 48.7673 48.6759 48.5962 48.5416 48.5087 48.4902 47.3925 47.3532 47.3263 46.4961 46.4701 46.4513 46.4377 46.4279 45.4337 45.4273 43.4085 43.3562 43.3126 41.5196 41.4843 41.4547 41.4298 41.4089 35.1976 28.2552 22.7103
46.2955 46.2685 46.5498 46.5104 46.09 46.0333 45.2933 45.2871 45.2444 44.6021 44.7972 44.8021 44.816 44.9262 44.9355 45.0013 45.0681 45.0861 44.9795 44.8769 44.7605 44.6136 44.7905 45.1869 46.7104 48.2687 49.0134 48.8292 48.665 48.5507 48.4923 48.4664 47.3833 47.3307 46.5138 46.4709 46.4421 46.4228 45.442 45.4311 45.423 45.4169 43.3675 43.3111 41.5199 41.4762 41.4403 41.4108 41.3866 35.1949 28.2578 22.7159 22.6434 22.581
47.0601 47.0525 46.2776 46.5519 46.5023 46.0712 45.9974 45.2788 45.2617 44.6075 44.5974 44.7729 44.779 44.8041 44.9297 44.987 45.0928 45.1623 45.1264 44.95 44.8296 44.6139 44.2782 44.524 46.1507 48.5965 49.2467 48.8943 48.5777 48.4452 47.4848 47.3555 47.2836 46.474 46.4248 45.4608 45.4389 45.4242 45.4141 45.4071 42.7947 41.5874 41.5176 41.462 41.4178 41.3825 35.268 35.1901 22.8262 22.7228 22.6351 22.5607 21.229 19.5589
46.7707 47.0664 47.0576 47.0448 46.556 46.1244 46.0444 45.3021 45.2572 45.2227 44.6044 44.5853 44.7302 44.7428 44.8599 44.9663 45.1153 45.2888 45.2737 45.055 44.9215 44.8558 44.2227 44.1219 45.9396 48.8362 49.561 48.7776 48.2442 47.5009 47.2735 46.4873 45.5223 45.4601 45.4257 45.4059 45.3943 45.3875 42.8328 41.6046 41.5099 41.4372 41.3816 41.3389 35.28 35.1816 29.6891 22.7313 21.3391 21.2756 19.5879 19.5552 19.5277 15.8204
47.0217 46.7853 46.7748 47.0654 47.0494 46.5635 46.1137 46.0055 45.29 45.2234 44.6189 44.5923 44.5509 44.6528 44.6999 44.8575 45.0764 45.496 45.5984 45.1793 44.9844 44.7321 44.2856 44.4568 46.2178 47.7319 47.9072 47.2205 47.5817 46.4312 45.5551 45.4206 45.3706 45.3516 45.3452 44.9559 44.9529 41.6261 41.4909 41.3924 41.3208 37.815 35.2946 35.1667 29.6969 21.4638 21.3643 21.2824 19.5926 19.5514 19.5172 15.8217 15.7891 15.7613
47.0238 47.0276 47.0313 46.7939 47.0779 47.0574 46.5772 46.0983 45.3436 45.273 45.1683 44.6179 44.5406 44.4498 44.5629 44.6614 44.8031 45.5641 45.8832 45.1866 45.068 44.8265 44.5274 44.6129 45.4806 47.0539 46.85 46.1948 44.9392 44.902 45.0736 44.835 44.8642 44.8836 44.8973 41.6555 40.8871 40.7544 40.2699 37.7973 37.7067 32.3479 29.7071 21.5409 21.4047 19.6674 19.6013 19.5477 19.5043 15.8229 15.7829 15.7496 15.7217 15.6984
46.885 47.0316 47.037 47.0423 47.0445 47.0986 47.0723 46.636 46.0774 45.3606 45.2511 45.0857 44.5866 44.3161 44.3665 44.5915 44.5959 45.1344 45.4619 45.3123 45.1271 44.8864 44.7209 44.6563 44.8001 45.7453 44.9212 44.2856 44.1017 44.3384 44.5607 44.683 43.9857 43.1024 40.9592 40.3392 40.2049 38.9865 37.6268 32.3813 26.8271 26.7055 21.4725 19.7087 19.6171 19.5448 19.4878 14.7035 15.7737 15.733 15.6996 15.6724 15.6502 9.9527
46.8824 46.8961 47.042 47.05 47.0583 47.0619 47.358 47.0857 46.6232 45.8185 45.4021 45.2324 45.0818 44.5385 44.4512 44.5311 44.7108 45.032 45.1672 45.231 45.0317 44.962 44.8459 44.4536 43.9498 44.4716 44.4383 44.5803 44.6357 44.3875 44.1012 43.054 42.7476 40.3135 38.7188 38.5825 36.1311 32.4352 26.9797 26.784 21.5933 19.7811 19.6465 19.544 19.4661 14.7114 14.6376 15.7086 15.6683 15.6363 9.9524 9.9442 9.9376 9.9323
46.8772 46.8918 46.9102 47.0566 47.0693 47.0839 47.0901 47.0822 47.1191 46.3378 45.8621 45.5908 45.2104 44.8198 44.576 44.5518 44.7403 44.8884 44.9699 45.0073 45.064 44.9988 44.5846 44.198 44.1882 44.5348 44.6382 44.8824 44.7077 43.9928 42.1946 40.1822 39.5943 38.352 35.9803 35.8599 30.8397 26.9455 26.7 19.9182 19.7041 19.5487 19.4362 19.3549 14.6216 15.6713 15.6218 9.955 9.9425 9.9327 9.925 9.919 11.4323 11.4586
46.8689 46.8835 46.9029 46.9287 47.0779 47.1011 47.1294 47.1418 47.1026 47.0675 46.6293 46.4047 45.1299 44.4241 44.6599 44.7026 44.934 44.9667 44.9459 44.9406 45.0851 45.043 44.4944 44.2058 44.3515 44.86 44.813 44.7295 43.289 42.263 40.2663 37.8978 37.4593 35.4158 31.2867 27.3401 26.8467 20.2081 19.8272 19.568 19.3925 19.2742 14.5906 14.4917 15.5497 9.9438 9.928 9.9161 9.9073 9.9008 11.4113 11.4449 13.0538 13.1008
46.729 46.7273 46.8885 46.9145 46.9523 47.0084 47.1622 47.2385 47.2386 47.2515 46.817 47.7625 46.1425 45.268 44.7915 44.7623 44.9625 44.9799 44.9832 44.9225 44.9761 44.967 44.7839 44.633 44.2873 44.8424 44.6345 42.0229 42.0187 40.3129 37.6956 35.245 34.8613 31.4134 27.3092 26.5935 20.1252 19.6288 19.3228 19.1363 14.527 14.3931 9.9551 9.9261 9.9056 9.8913 9.8813 9.8746 11.382 11.426 13.0446 13.103 13.1517 13.1924
46.7065 46.7223 46.7448 46.7564 46.9215 46.9763 47.0733 47.3299 47.6509 47.0538 46.634 46.8048 46.223 45.6297 45.0365 44.9323 44.9268 44.9854 44.9207 44.9404 45.0623 44.8495 44.5907 44.0261 42.4345 40.6713 40.2721 37.4546 36.4378 36.5732 34.9004 33.3241 31.5276 27.0172 20.9634 19.8194 19.1958 18.867 14.3847 14.1995 9.9372 9.8951 9.8683 9.8514 9.841 9.835 11.3391 11.3992 13.0332 13.1077 13.1683 13.2177 17.3065 17.3447
46.6795 46.6888 46.7024 46.7232 46.7566 46.7895 46.9504 46.9547 47.7453 46.8789 46.554 46.4997 46.2246 45.3614 45.2646 45.0745 44.9373 44.9456 44.8632 44.7933 44.4403 44.3703 43.3417 41.9502 40.2999 37.6445 36.5011 35.8402 33.8808 33.6584 30.7727 28.9584 25.4921 20.2816 18.9021 18.2401 14.0325 10.0189 9.8983 9.8334 9.7988 9.7812 9.7734 9.7714 11.2729 12.8944 13.0189 13.1169 13.1942 17.2818 17.3375 17.3823 17.4184 17.4475
46.6497 46.6507 46.6523 46.6549 46.6592 46.6668 46.6632 46.6612 46.6852 46.4899 46.1635 46.118 46.0722 45.7842 45.4962 45.3848 45.2583 44.905 44.1586 44.492 42.1076 41.2037 38.3041 37.2606 35.424 34.8539 33.9939 32.6259 31.7287 27.5421 24.8254 21.2353 16.8696 14.4995 10.2438 9.4269 9.7813 9.6791 9.6457 9.6407 9.6479 9.6603 11.1629 12.8227 13.0005 13.1349 13.2367 17.3194 17.3871 17.4395 17.4802 22.3939 22.4154 25.9262
46.6193 46.6118 46.6007 46.5835 46.555 46.081 46.0468 45.9391 45.7943 45.7172 46.1243 46.3817 46.4059 46.3062 46.0694 45.5593 44.7549 43.3753 41.0587 40.5542 37.62 35.6281 34.1509 34.13 32.8418 30.8629 30.4845 27.9896 24.1929 21.2902 19.1033 15.8348 15.3977 9.7775 8.5206 9.0869 9.2005 9.2998 9.3798 9.4443 11.5693 11.8561 12.9767 13.1713 16.2885 17.387 17.4697 20.7796 20.8007 22.4209 22.4457 25.9212 25.9297 25.9369
46.4152 46.4024 46.3834 46.3542 45.9815 45.9598 45.9167 45.8338 45.783 46.1807 46.4168 46.5552 46.5107 46.2463 45.1472 45.5077 43.7043 40.9418 37.6267 35.8826 34.9844 33.7038 32.0875 29.5997 29.6423 28.4653 24.6383 23.8294 19.3405 16.3004 13.9103 7.7328 6.515 3.3976 5.6771 6.4489 6.7583 6.6463 7.73 11.7357 12.0715 13.2498 16.3949 20.7378 20.7901 20.8258 20.8501 24.3013 24.3132 25.9147 25.9257 25.9348 25.9424 25.9487
45.9943 45.991 45.9858 45.9774 45.964 45.91 46.0064 46.0002 46.0562 46.3734 46.7883 45.9412 45.0878 43.7038 42.7285 39.1396 38.885 36.0371 34.8043 33.2776 30.8673 30.4028 28.4581 27.5434 24.1965 19.9402 19.6632 14.9777 12.8199 8.7515 4.9173 4.6477 3.2488 4.7739 6.4995 6.815 6.9305 11.5272 12.1457 16.3824 20.6714 20.7917 20.864 20.9075 24.2826 24.3043 24.3205 25.9061 25.9209 25.9327 25.9423 25.9501 25.9564 23.6879
46.1191 46.114 46.1072 46.0578 46.0574 46.0606 46.0739 46.1146 46.1569 46.131 45.4592 44.7042 41.641 40.5697 38.8002 37.1989 36.0026 33.8394 30.6761 30.5071 28.2536 25.3286 22.0905 22.3634 20.3819 17.3718 11.2333 8.9667 3.29 3.1007 4.2908 5.4784 6.2537 9.9679 9.6661 12.2078 14.2286 16.8019 20.7168 20.9229 21.022 21.0675 24.2764 24.3094 24.3324 25.8942 25.915 25.931 25.9434 25.9531 25.9607 23.6948 21.3142 19.6567
46.1186 46.0713 46.0724 46.0752 46.0813 46.0939 46.1196 44.9237 44.3519 45.2853 42.6979 42.1727 39.3453 37.7526 36.1015 34.9268 32.5321 30.0542 28.2011 25.4031 25.0061 21.3851 16.454 11.472 12.8554 8.2739 7.0872 7.8408 6.7421 8.6657 9.1814 11.5092 14.2013 14.8036 15.8336 17.0668 20.9086 21.3055 21.4157 24.179 24.2637 24.3186 25.8333 25.8767 25.9079 25.9306 25.9472 25.9595 25.9687 23.7059 22.7874 20.4906 18.8937 18.8733
46.0785 46.0805 46.0839 44.5856 44.5493 43.3381 43.1959 43.0568 42.1645 40.9015 38.897 36.5205 36.9418 33.7245 32.2801 29.1978 28.8555 27.4588 23.8702 21.8204 16.2611 16.1271 11.9232 8.3739 6.8535 6.7404 8.2527 10.593 10.2211 11.9066 13.7227 15.7274 17.6295 18.0606 19.8326 22.8716 23.3623 23.4203 24.2355 24.3378 25.769 25.8486 25.9005 25.9347 25.9576 25.9732 25.0215 22.8519 20.555 20.4855 18.8845 18.858 18.8376 18.822
44.5185 44.4961 44.4605 43.1977 43.1104 42.9343 42.2858 38.9442 38.5702 36.6879 36.5015 34.2571 32.6547 30.8441 29.2253 25.4152 24.4207 20.4122 20.0011 12.4276 8.8784 7.6337 3.4783 4.9541 5.9201 8.518 12.7914 12.9534 17.0324 17.5703 18.2093 20.1978 20.381 21.7959 22.6078 23.9653 24.2272 25.2918 25.5249 25.7999 25.8995 25.9549 25.9865 26.0047 25.0513 24.1811 22.0623 18.921 18.8723 18.8365 18.8102 18.7911 18.7772 14.9109
44.4285 43.0414 43.0956 43.0098 40.7835 38.7158 38.591 38.3421 36.0284 35.8376 32.9766 31.1826 24.9991 23.1189 20.1701 19.6199 13.7345 12.0019 7.7154 6.7308 7.2515 6.7944 10.0671 15.4254 12.6187 16.1965 17.0311 20.8354 20.4148 22.1746 22.8296 22.3475 23.2291 23.5683 25.5982 24.9221 25.2909 25.6378 25.9614 26.0468 26.0778 26.0868 24.302 22.234 22.0818 18.9288 18.8552 18.8043 18.7693 18.7455 14.93 14.9077 14.8899 14.8759
43.0967 43.0422 40.7426 35.7842 35.6909 35.519 33.1369 32.9506 31.5003 27.5935 23.9946 20.8025 20.4173 17.1788 16.3353 10.0924 9.6176 8.3024 5.976 7.7871 10.3543 11.9165 17.0236 17.6908 22.0308 21.4625 21.5195 23.5953 25.105 24.5861 25.2455 25.5562 26.258 27.0203 27.6361 27.4387 27.1752 27.2187 26.8707 25.8997 24.9501 24.7444 22.1261 18.9532 18.8301 18.7523 18.7037 18.674 14.9319 14.9017 14.8788 14.8613 11.9902 11.9605
35.5737 35.5178 35.4308 35.2964 35.0888 29.335 29.0 27.4464 23.1586 21.2145 18.023 18.2195 15.5953 8.9024 8.0655 4.2752 8.4635 9.0854 8.2079 13.3706 18.4954 20.8999 22.3386 25.2059 25.2124 28.0655 27.7544 27.1956 27.4729 27.4799 28.2453 28.3965 28.8767 29.5364 28.5629 28.2459 28.0529 27.8608 25.4626 24.8528 24.5719 19.0325 18.792 18.6591 18.5878 14.9931 14.933 14.8902 14.8596 14.8377 11.9885 11.9501 9.363 9.342
35.3105 35.2096 31.8004 29.1609 28.9472 23.7258 23.3454 22.73 16.6481 12.4944 12.9097 12.6331 10.2926 2.1451 8.0591 9.1088 14.7364 15.027 19.7416 21.7133 24.5092 26.6236 26.5473 28.6108 30.2851 29.8044 30.3242 30.4951 31.0057 30.4975 31.1029 31.8532 30.744 29.6966 29.5107 27.562 27.7818 25.4742 24.3489 21.6568 18.7467 17.1964 17.1077 15.0294 14.9301 14.8656 14.8235 14.7961 11.9826 9.4055 9.3704 9.343 9.0345 9.0081
31.7362 29.1055 28.9611 23.6561 23.4342 23.1103 22.64 11.4148 11.5032 11.5058 11.2067 10.4735 7.7312 6.6936 11.8901 16.3857 19.8165 23.1113 25.6039 27.7806 28.1548 31.3482 32.0197 32.1477 32.2476 32.8382 32.9087 32.7339 33.706 33.4517 32.7766 31.8352 30.8702 29.0428 29.0951 27.0112 25.5383 21.7708 20.0355 17.3735 16.999 16.8974 14.9088 14.8049 14.7471 14.7155 9.4956 9.4271 9.3769 9.3398 9.027 8.9934 9.4092 9.3927
23.7378 23.6311 23.4865 23.2901 20.9169 14.4403 14.4678 14.4924 14.5082 17.8941 15.1494 13.6359 16.19 19.9258 17.2964 23.1164 26.1429 27.7234 31.5022 31.9172 32.5642 32.8468 33.8522 34.1994 34.223 34.3163 35.4164 36.1777 34.7532 33.6358 32.8007 29.689 28.8735 26.8606 26.5044 24.4522 20.2734 19.9933 17.1474 16.2954 14.7642 14.6134 14.5521 12.2268 9.5683 9.4543 9.3778 9.3258 9.0079 8.7217 9.373 9.355 9.3426 8.0144
23.5214 21.1849 21.0581 17.9151 17.9254 17.9432 17.9743 18.0296 18.1325 15.5042 13.8962 17.8297 20.7379 21.4056 26.7207 29.2584 30.0167 31.4745 33.7379 33.7758 34.4632 33.9065 35.4965 35.9074 36.1079 37.0177 36.4 36.5968 34.7638 33.1757 30.6433 29.3047 27.2827 25.7678 23.8782 18.4148 16.212 15.71 13.5327 12.9638 12.7601 10.7335 9.695 9.4805 9.355 9.2805 9.2356 8.6583 7.9741 7.9762 7.9797 7.9836 8.2005 10.4219
21.1356 17.9593 17.9717 17.9898 18.0163 18.0558 18.1163 18.2117 18.3665 18.1217 18.7893 26.3969 26.0825 26.8042 30.4561 33.2371 33.6316 34.3702 34.8489 35.8575 36.3701 36.4281 37.0622 38.6803 38.5707 38.2232 36.5016 35.901 33.8346 31.8707 29.9843 26.894 25.3132 23.6943 21.0136 17.7214 15.0856 12.4731 11.3686 10.755 10.4271 9.4217 9.2228 9.1304 7.5214 7.4783 7.0188 7.0511 6.8422 6.8612 8.1744 10.377 10.4524 10.5121
17.9942 18.0097 18.0305 18.0588 18.0981 18.1533 18.2324 20.265 23.9113 27.9261 27.9442 28.1657 28.9341 32.3478 34.9922 35.6587 35.0737 36.5105 36.4319 36.6757 38.6454 39.7726 40.9375 39.2743 38.6152 37.9646 36.233 34.2966 33.3737 30.6512 29.4347 26.5668 24.5058 21.5879 18.6199 16.4736 13.0285 10.1139 8.0111 8.2037 8.1409 7.4733 6.2628 6.2263 6.2119 6.6772 6.823 6.8563 8.1392 8.2002 10.4161 10.5008 10.5655 12.6092
18.0349 18.056 18.0833 18.1193 18.1671 21.9404 24.052 28.4465 28.5056 28.646 28.948 29.5704 33.3676 36.0031 36.6287 36.7612 36.9736 38.2537 38.888 40.8439 41.5893 42.5159 41.5123 40.2761 38.7023 36.8518 35.6368 33.247 31.7733 30.613 27.8937 26.2144 23.7587 21.398 17.149 15.7169 12.6473 9.7388 7.0207 6.739 6.1564 6.1061 5.9272 6.5651 6.7721 6.7453 8.0736 8.1758 8.2464 10.4843 12.5481 12.6113 12.6579 12.6922
18.0717 18.097 18.1289 21.9911 24.1082 28.6705 28.7219 28.8119 28.966 29.227 31.3845 33.4423 37.4759 37.4569 37.6113 38.7536 39.6141 40.3923 40.9809 42.1349 42.4993 42.23 41.0734 39.7327 37.9457 35.4587 33.1919 32.0972 29.9767 29.1429 28.9144 26.5037 24.3834 21.4246 18.8259 15.8779 13.0235 10.5938 7.1953 5.6911 5.6938 5.8147 6.4981 6.7028 6.8066 8.129 8.2527 10.4577 12.5197 12.6172 12.684 12.7299 16.5467 16.5959
