normal_rasters/0772100000297598.ascii
ncols 65 
nrows 59 
xllcorner 159478.820984
yllcorner 383878.56601
cellsize 0.25
nodata_value -9999 
[rows 0 to 31 of 59, columns 0 to 64 of 65]
23.9849 23.9987 24.0136 25.4051 25.4314 27.133 27.1772 27.2232 28.3948 28.6048 28.6123 29.1548 29.1525 29.1499 32.0305 32.0996 34.8954 34.9697 37.3606 33.1617 29.9895 29.9128 25.159 24.951 17.6033 13.4109 13.0863 7.9218 7.8234 5.3931 5.2623 5.2757 5.424 5.3089 6.1847 5.9097 6.2706 6.2644 6.3833 6.3966 6.4132 6.6198 7.2768 7.3478 13.4712 13.7141 13.9854 14.1365 14.2673 14.8778 14.8603 14.8271 14.7827 14.7325 14.6816 14.6334 14.5898 14.5516 14.5188 14.4909 14.4674 14.4476 14.431 14.417 14.4051
23.9759 23.9906 24.0066 25.3922 25.4206 26.7 27.1629 27.2133 28.3917 28.6039 28.6124 29.1561 29.1536 29.1507 30.986 32.0669 34.8691 34.9522 37.3527 37.3832 30.0455 29.9621 29.8673 25.0444 17.7294 17.4346 13.1741 7.9447 7.8316 7.7142 5.2465 5.2611 5.3304 5.2929 6.1839 5.9059 6.2713 6.2638 6.3719 6.3862 6.405 6.611 7.2442 7.3274 13.3593 13.6551 14.0098 14.2062 14.9526 14.9558 14.9325 14.8862 14.825 14.7582 14.6933 14.6346 14.5838 14.5411 14.5057 14.4766 14.4527 14.4331 14.4169 14.4036 14.3926
23.9656 23.9812 23.9983 24.017 25.4078 25.441 27.1456 27.201 27.2585 28.4039 28.6123 28.6218 29.1549 29.1518 29.1141 31.0131 32.0265 34.93 37.3433 37.3784 33.1775 30.0228 29.918 25.1619 24.8763 17.5582 13.291 7.977 7.8458 7.7081 5.3563 5.2427 5.3086 5.4441 6.1828 6.1923 6.2726 6.2636 6.1105 6.3726 6.3935 6.5982 6.5968 7.2982 12.8532 13.5541 13.978 14.2922 15.0505 15.0602 15.0277 14.9594 14.8717 14.781 14.698 14.6273 14.5695 14.523 14.4862 14.4569 14.4336 14.415 14.4001 14.388 14.3781
23.9537 23.9701 23.9885 24.0088 25.3925 25.4287 26.6456 27.1858 27.2496 28.4007 28.612 28.6228 29.1565 29.1531 29.1151 30.978 32.0768 34.9018 37.332 37.3728 37.9688 30.0979 29.9822 29.8487 24.9892 17.7196 17.2992 12.9292 7.869 7.7057 5.3462 5.2193 5.2441 5.419 5.5099 6.1938 6.275 6.2639 6.2524 6.1099 6.3774 6.5794 6.5882 7.2567 12.5333 13.3807 13.9362 14.3976 15.1825 15.2074 15.1584 15.0505 14.9193 14.7943 14.6894 14.6066 14.5433 14.4953 14.459 14.4312 14.4099 14.3933 14.3803 14.3701 14.3619
23.9398 23.9572 23.9768 23.9988 25.3741 25.4137 26.629 27.1669 27.2379 28.3965 28.8636 28.6237 29.1585 29.1548 29.1506 30.9352 31.0153 34.8655 37.318 37.3663 37.9916 30.1915 30.0642 29.9133 25.138 24.7254 17.4494 13.0523 7.9056 7.7096 5.3353 5.1891 5.2168 5.3231 5.4952 6.3699 6.5598 6.2654 6.2507 6.1102 6.3547 6.3714 6.5731 6.6386 7.3661 13.0791 13.8219 14.5218 15.3667 15.4304 15.3478 15.1606 14.9559 14.7847 14.657 14.566 14.5017 14.456 14.4231 14.3991 14.3814 14.368 14.3579 14.3501 14.3441
23.9237 23.9419 23.9629 23.9866 24.0131 25.3953 25.4429 26.6659 27.2227 28.391 28.4148 28.6245 29.1609 29.1569 29.1522 29.1133 30.9688 32.0013 34.9648 37.3583 37.4121 33.3088 30.17 29.9995 29.7991 24.8586 17.6575 13.8439 7.9628 7.7243 5.324 5.2733 5.1797 5.2874 5.4727 6.3707 6.5738 6.2688 6.2497 6.1108 6.1083 6.338 6.5462 6.6387 7.3221 12.5462 13.5511 14.642 15.6275 15.81 15.6404 15.2738 14.9492 14.7276 14.5871 14.4985 14.4415 14.4039 14.3785 14.3609 14.3485 14.3396 14.3331 14.3284 14.3249
23.1047 23.9239 23.9461 23.9718 24.0009 25.3727 25.4254 26.6475 27.2028 28.3837 28.4108 28.8756 29.1638 29.1596 29.1543 29.1148 30.9104 31.0227 34.9273 37.3482 37.4142 37.9402 30.3075 30.1159 29.8819 25.0469 17.9476 17.1931 8.0518 7.7574 7.4441 5.2459 5.1278 5.2353 5.3827 6.3718 6.598 6.5343 6.2505 6.1116 6.1074 6.1051 6.408 6.6314 6.8631 11.6034 12.9453 14.6526 15.9355 16.6126 16.1019 15.2955 14.8247 14.5881 14.4664 14.4002 14.3624 14.3399 14.3261 14.3175 14.3121 14.3087 14.3066 14.3054 14.3968
23.0914 23.9026 23.926 23.9536 23.9855 24.0215 25.4033 25.468 26.7016 28.3742 28.405 28.8699 28.645 29.1629 29.1572 29.1169 29.2881 30.9586 34.8748 37.3343 37.4178 37.9814 33.3843 30.2747 30.0015 29.6728 23.3619 17.4542 11.8354 7.8226 7.4185 5.2119 5.0532 5.2337 5.3498 5.6315 6.4292 6.557 6.2557 6.2576 6.1052 6.1012 6.3452 6.6013 6.9241 7.5933 11.6817 14.2438 15.3521 19.6327 16.4027 14.886 14.4754 14.3429 14.2941 14.2753 14.2688 14.2675 14.2687 14.2709 14.3626 14.3555 14.351 14.3483 16.0019
23.0758 23.0906 23.9017 23.9312 23.9661 24.0064 25.375 25.4483 26.6827 28.3615 28.3967 28.4352 28.8972 29.1673 29.161 29.1198 29.2881 31.7945 33.7743 37.3139 37.4231 38.0436 37.8436 30.494 30.177 29.7739 23.615 18.93 12.0289 7.9443 7.4099 5.1698 5.0548 5.1365 5.3548 5.5923 6.4694 6.6041 6.467 6.2158 6.1009 6.0861 6.1349 6.432 7.0024 7.5063 7.8632 13.238 13.3694 14.7124 13.2374 13.7223 13.9223 14.0303 14.096 14.1394 14.2556 14.2574 14.2612 14.2664 14.2722 15.9066 15.9189 15.9302 15.9406
23.0575 23.0722 23.0909 23.9035 23.9415 23.9865 24.038 25.422 26.6571 28.3445 28.3851 28.4302 28.8929 29.1728 29.1661 29.1569 29.2889 31.6979 33.6509 37.281 37.4299 37.548 37.8968 30.7992 30.4384 29.9431 24.007 19.2591 12.3655 11.3749 7.4421 5.1189 4.9336 4.9803 5.2909 6.4403 6.5514 6.8312 6.4965 6.2256 6.2007 6.0057 6.1935 6.181 6.8379 7.4389 7.6397 8.4035 13.3811 11.5414 11.6052 12.838 13.4621 13.7887 13.916 13.9959 14.0524 14.0954 14.1296 15.7488 15.7854 15.8157 12.8439 12.896 12.9363
23.0361 23.0502 23.0689 23.869 23.9099 23.9601 24.0193 25.3867 25.494 26.7503 28.3686 28.4221 28.9572 29.4928 29.1731 29.1627 29.291 29.2718 31.7912 36.1528 37.4352 37.6056 37.9907 37.6361 30.8326 30.2311 29.4158 23.3289 18.1194 11.6383 7.5649 5.0703 4.7176 4.5231 5.1801 6.3768 6.7979 6.9713 6.7631 6.2743 6.2509 6.2494 6.1797 6.295 6.4836 7.4965 8.0654 8.8539 8.5254 9.2281 9.7061 9.4238 13.0783 13.3873 13.6 13.7496 15.3535 11.9131 11.9906 12.4878 12.9096 12.9712 14.8223 14.8517 14.8735
23.0112 23.0239 23.0419 23.0665 23.8693 23.9249 23.993 25.3389 25.4647 26.7266 28.3451 28.4089 28.9481 29.4885 29.1825 29.1714 29.2952 29.2703 31.6465 35.9445 36.4638 37.6935 38.1545 37.6982 33.2916 30.7279 29.6438 23.8891 18.4482 12.2028 8.7168 5.1058 4.2242 4.2341 5.0275 5.8192 7.2492 7.262 6.914 6.5336 6.5046 7.0897 6.5608 6.8182 7.1221 8.1419 8.4289 8.4325 7.3759 8.7312 9.7279 9.778 9.7195 10.2584 11.8644 12.0243 12.1231 13.9042 14.7764 14.8457 15.4757 15.5018 16.6288 16.658 16.6797
22.9826 22.9929 23.009 23.0328 23.0664 23.8774 23.9555 24.0504 25.4223 26.6912 28.3111 28.3881 28.934 29.0101 29.4953 29.1844 29.3035 29.2704 29.2335 31.8472 36.2955 37.8245 38.4385 37.8566 35.7411 33.2423 30.2055 27.4887 19.1568 14.316 8.9114 5.711 3.1732 3.0492 4.9896 6.5527 7.6608 7.4555 7.0446 7.5179 7.4507 7.3988 8.0377 8.1093 7.8519 8.4119 8.6722 8.8728 9.5007 9.9625 10.3273 11.8126 12.4074 13.5918 14.4512 14.5936 15.3853 15.4728 15.5262 15.5585 17.4345 17.4594 17.4775 17.4907 17.5003
22.9502 22.9567 22.9693 22.9905 23.0234 23.8127 23.9014 24.0155 25.3608 25.5652 26.8731 28.3551 28.466 29.0095 29.4898 29.204 29.4596 29.2744 29.2198 31.6016 35.9708 37.1142 38.4311 38.2177 36.6755 33.7906 30.7973 27.7485 22.2971 16.2945 10.166 6.8339 5.0279 4.2338 5.7753 7.2508 8.2377 7.4629 7.4096 8.0424 8.3905 8.649 8.6308 8.903 9.8586 9.9851 10.1406 10.1783 11.0325 11.6356 12.235 12.7258 13.7778 14.664 14.7943 15.5625 15.6352 15.6706 17.4233 17.4629 17.4898 17.508 17.5202 17.5282 18.325
22.9143 22.9153 22.9222 22.9379 22.967 23.0151 23.8222 23.9595 24.1327 25.5248 27.1693 28.3024 28.4458 29.005 29.4804 29.5088 29.4825 29.2881 29.2018 31.1789 34.0483 37.1228 39.0892 39.4862 37.3841 34.9368 33.8717 28.6267 24.0245 18.562 12.1191 8.3336 6.0924 6.2156 6.24 8.3714 9.3485 9.4326 9.0227 8.958 8.9861 9.2104 9.9428 10.6955 10.5793 11.2159 12.6694 13.5877 12.5059 13.2254 14.1593 15.0434 15.4626 16.2879 16.4197 16.4865 17.3958 17.4677 17.5118 17.5383 18.3016 18.3182 18.3299 18.3384 18.8865
22.2359 22.8694 22.8677 22.874 22.8942 22.9367 23.0134 23.8674 24.093 25.4606 27.1033 28.0596 28.4079 28.9937 29.5095 29.5071 29.5251 29.3267 29.1807 29.0237 33.0369 37.0461 39.6525 40.4641 38.8729 36.3016 33.2129 31.0136 26.316 21.0219 12.9465 10.4647 8.4738 7.9186 8.402 8.7464 9.936 10.7795 10.3895 10.2457 11.193 10.5967 10.9091 12.1277 13.6602 13.9152 14.3564 14.5068 15.6733 14.8461 14.773 15.7127 16.3663 16.5374 17.3031 17.4698 18.2015 18.2662 18.3047 18.3283 18.3431 18.3527 18.892 18.9174 20.0042
22.2298 22.2177 22.204 22.7994 22.8032 22.8299 22.8987 23.713 24.0092 24.3952 25.8211 27.9676 28.1889 28.9749 29.4724 29.5012 29.6805 29.5134 29.1821 28.8043 31.0878 36.9289 42.3195 42.1255 40.3481 37.8042 34.6247 31.7705 28.3284 22.883 19.7474 13.1004 10.9103 11.0907 10.1684 10.6988 11.8628 12.3012 11.608 12.2074 14.0548 14.3569 12.7802 13.6022 14.8922 15.4073 15.3106 16.1521 16.9864 17.1784 16.4266 16.9498 16.7029 17.7877 18.1275 18.2706 18.3355 18.366 18.3804 18.3871 18.9123 18.9429 20.0125 20.058 20.0931
22.2253 22.2103 22.1923 22.1711 22.6956 22.6908 22.7291 22.8604 23.8315 24.414 25.7777 27.783 28.1238 28.973 29.3903 29.5504 29.659 29.618 29.3772 28.4406 29.203 35.248 42.749 42.4973 41.2277 39.5204 38.161 33.3127 30.9928 25.2413 22.9489 20.5784 14.6725 12.1949 12.0458 12.6805 13.0785 14.3197 16.1621 14.4145 14.8027 15.2704 16.0233 15.007 15.322 15.8195 16.3919 17.2532 17.4144 17.8623 18.2048 18.2169 18.7394 18.5499 18.5454 18.5269 18.5026 18.4813 19.7749 19.8344 20.0433 20.0859 21.2296 21.2527 21.2696
22.2232 22.2059 22.1838 22.1553 22.1188 22.0846 22.4931 22.5643 22.8919 24.4435 25.9859 26.9712 27.9342 28.919 29.2407 29.4334 29.8006 29.8247 29.638 29.3038 29.1185 31.6153 41.0592 42.9462 42.3411 40.1833 39.1372 37.4767 32.118 25.4041 23.508 23.1243 20.2049 15.0681 13.5273 15.8875 16.8751 18.1499 16.7918 17.1775 16.4353 15.5678 16.7964 17.2803 16.8527 16.616 16.778 17.1484 18.0867 18.5997 18.9654 19.1642 19.3985 19.5645 19.3807 19.2758 19.882 19.9381 21.1055 21.1565 21.2462 21.2758 21.2955 21.3087 21.3175
22.2246 22.2062 22.1816 22.1476 22.0987 22.0259 21.9291 22.0958 22.4096 24.077 26.2476 26.8283 27.6885 29.1275 29.2554 29.6201 30.0273 30.1219 30.0583 29.917 29.6397 30.36 38.672 42.6246 43.1456 41.1605 39.6796 38.2575 37.4065 30.6483 22.859 22.0243 19.9278 20.3064 18.624 18.447 17.7174 18.5455 18.7475 17.9724 18.106 17.4977 17.7585 17.7528 18.1833 17.7458 17.8832 18.1918 18.2867 18.7204 19.5096 19.8498 20.3377 20.2696 20.631 20.7436 21.1445 21.2127 21.8452 21.8676 21.8807 21.8885 21.893 21.8957 22.0433
18.3388 18.454 22.1882 22.1538 22.1014 22.0135 21.844 21.4593 21.6856 22.9751 25.3481 27.1297 28.1135 29.0336 29.616 29.9589 30.4171 30.9575 30.7056 30.1974 30.246 30.7495 35.4639 42.0725 44.3709 40.5049 36.6263 36.5595 34.6816 32.9059 24.6678 22.2398 21.0564 20.417 20.0446 19.8895 19.7023 19.7482 19.6553 19.6424 18.8697 18.9695 18.9117 18.6936 18.9901 18.9289 19.1424 19.1478 19.2701 19.3084 19.8726 20.5922 20.8592 21.1476 21.2652 21.6284 21.8791 21.9058 21.9174 21.9216 21.9224 22.31 22.3126 22.4116 22.4128
18.129 18.2073 18.3176 18.5329 18.7898 22.0693 21.9569 21.8168 22.0179 22.9848 24.1988 27.0934 28.6918 29.1125 29.8611 30.6829 31.3268 31.3105 31.2592 30.9356 30.8734 33.0994 34.7004 37.9987 39.6548 42.0712 32.1993 32.7155 31.3998 27.4154 24.9143 24.9544 22.1761 21.1103 20.7438 20.8517 20.8101 20.7834 20.3828 20.1154 20.3659 20.0163 19.8511 19.9126 19.9571 20.031 20.057 20.3209 20.5056 20.528 20.6262 20.9168 21.3788 21.8126 21.9184 22.281 22.289 22.2744 22.2733 22.2723 22.4076 22.4101 22.4119 22.3488 22.4046
17.9783 18.0153 18.0655 18.1365 18.2421 18.4097 18.7005 19.2854 20.2125 22.9895 24.6425 25.7371 28.4928 29.4258 30.0295 31.0878 31.7096 31.7729 31.4843 31.209 30.9067 32.7508 35.5642 36.0849 34.0041 37.0291 32.687 36.0765 29.1691 27.6114 27.417 23.4148 22.6386 22.1255 21.7511 21.3913 21.2463 21.3761 21.4625 21.0625 20.8158 20.8407 20.925 20.6596 20.8077 21.0832 20.9295 20.9412 21.1322 21.7955 21.6255 21.7595 21.8802 22.1175 22.3685 22.336 22.2955 22.2846 22.4019 22.4067 22.4102 22.4032 22.402 22.4013 22.4009
17.817 17.8069 17.7867 17.7467 17.6651 17.4889 17.0856 16.3963 18.6768 18.4075 24.1563 26.3621 28.0862 29.8115 30.9964 31.9639 32.1019 32.0542 32.1082 31.5575 31.8109 33.9817 38.0113 36.5402 36.5937 39.9591 32.1944 28.2644 38.9522 26.3524 24.45 23.5179 22.8721 22.4992 22.1995 21.962 21.7893 21.6729 21.7249 22.0086 21.5454 21.5696 21.3865 21.4539 21.3113 21.3692 21.549 21.5122 21.6406 21.8383 21.975 22.0585 22.4081 22.5743 22.5663 22.3665 22.3744 22.3924 22.397 22.3971 22.3967 22.3965 22.3965 22.3967 22.397
17.3739 17.3281 17.2545 17.1318 17.1978 16.8953 16.2776 14.9397 11.0109 16.9567 23.5892 26.0266 28.4124 30.3317 31.3819 32.2992 32.7492 32.8609 32.468 34.3691 38.7469 36.4382 37.7072 35.1438 32.2065 31.6341 28.6874 28.0859 26.9311 26.9356 24.2727 23.5697 23.2644 22.9629 22.5786 22.504 22.5886 22.4378 22.0541 22.2839 22.3297 22.0339 22.1524 21.7441 21.7912 21.7799 21.7517 21.7766 21.8568 21.9302 21.9928 22.0359 22.2681 22.4228 22.2883 22.2324 22.3561 22.378 22.3846 22.3868 22.3882 22.3895 22.3908 22.392 22.0378
17.2797 17.2151 17.1203 16.9946 16.8661 16.8417 16.7 16.8947 18.7055 20.1663 24.0173 25.857 28.8032 30.0306 31.8868 32.8405 32.9582 32.9231 32.7593 36.1203 42.0861 40.1778 35.474 31.8273 30.3214 28.619 27.5862 26.6417 25.7211 25.1486 24.5034 23.8747 23.5972 23.3956 23.0861 22.92 22.8703 22.9117 22.7025 22.5808 22.5881 22.5178 22.3254 22.0654 21.985 21.9862 21.8487 21.8108 21.9305 21.9749 22.0206 22.0861 22.021 22.2755 22.3385 22.3352 22.321 22.3029 22.2938 22.2896 22.2876 22.0161 21.7608 21.6645 21.6413
17.2227 17.1968 17.166 17.2162 17.2734 17.4175 17.7708 18.595 20.0481 21.3972 22.8302 25.7205 28.0457 29.3954 31.4512 32.8895 33.1873 33.083 32.6034 34.5984 36.1447 34.191 32.7604 29.4743 27.846 27.6759 26.5601 26.0285 25.3986 24.7456 24.5464 23.9132 23.5728 23.3886 23.2831 23.0626 22.9487 22.9816 22.7776 22.6558 22.6231 22.6263 22.3122 22.1494 22.0321 21.9792 21.906 21.9324 22.0151 21.9739 22.0093 22.0226 22.0435 22.126 22.3514 22.5378 22.3338 22.2975 22.1623 22.0368 21.7722 21.737 21.6356 21.3537 21.3372
17.2725 17.3924 17.4494 17.5454 17.7101 17.997 18.4927 21.7509 21.6332 21.4886 22.5714 24.229 27.8557 29.8144 31.402 31.8112 32.7657 32.6365 32.4323 33.4872 33.3849 31.3526 29.5633 27.43 26.6125 25.5376 25.5574 25.2315 24.8659 24.4168 23.9589 23.8145 23.5434 23.2178 22.9719 22.6952 22.6923 22.6 22.4839 22.5171 22.3436 22.3337 22.2037 22.1083 22.0447 21.9265 21.9217 21.9483 21.9368 21.8594 21.9026 21.9005 21.9673 21.9881 22.1592 22.0851 22.1277 21.9651 21.6804 21.613 21.3718 21.336 21.315 21.3027 21.2954
17.5049 17.5697 17.6653 17.8082 18.0239 18.5492 21.9712 21.9688 22.0234 22.3018 23.1931 23.4917 26.1314 29.9757 30.9424 31.3645 31.3966 31.986 32.1317 31.8984 30.6542 29.1886 29.8382 27.833 25.1415 24.7132 23.8974 24.1178 24.0257 23.8005 23.4972 23.2523 23.0421 22.8349 22.2259 22.3394 22.059 21.8727 22.1407 22.0809 22.1059 21.9901 22.0464 21.9732 21.9141 21.8166 21.8157 21.8666 21.7856 21.7337 21.6974 21.7603 21.9002 21.93 21.7574 21.8865 21.7593 21.3815 21.1376 21.0866 21.2524 21.2462 20.8062 20.7953 20.7883
17.6318 17.7168 17.834 18.091 22.0748 22.0772 22.0951 22.1473 22.2734 23.0463 24.049 24.785 25.8962 27.879 29.82 30.4079 30.6954 31.0394 31.4315 31.4854 30.9234 27.2176 25.3219 25.9014 24.7416 23.5772 22.4188 22.252 22.6564 22.6262 22.7363 22.4347 22.3864 22.2732 21.9042 21.6342 21.6415 21.6598 21.4387 21.7689 21.6829 21.7394 21.7112 21.8721 21.6338 21.6469 21.6656 21.6662 21.5795 21.5518 21.6149 21.532 21.5661 21.7614 21.4756 21.3298 21.1605 20.989 20.9759 20.9796 20.7677 20.7604 20.7571 20.7561 20.7565
17.7361 17.9179 22.1219 22.124 22.1321 22.1507 22.1883 21.1247 21.0759 22.462 22.6229 23.1737 24.001 24.9849 27.421 27.6753 28.938 29.7054 30.448 30.5355 30.4283 28.381 24.5735 23.3205 22.243 20.8684 21.9279 21.0101 20.922 21.6925 21.4865 21.8269 21.7546 21.6113 21.399 21.2862 21.0188 20.9742 21.2418 21.1389 21.3572 21.2432 21.4246 21.3963 21.4337 21.2605 21.4274 21.4498 21.3644 21.3318 21.3457 21.2595 21.296 21.1886 21.2096 20.864 20.7952 20.6691 20.4926 20.4595 20.442 20.4323 20.4267 20.4234 20.4213
20.5325 20.5233 20.5082 20.4834 20.4422 20.8843 20.778 20.5804 20.7672 20.9274 19.4318 17.2635 19.7046 21.5463 23.2663 26.0698 26.4258 27.189 27.6351 29.085 28.8606 28.783 27.1119 26.8123 22.1435 21.1856 19.9525 20.5877 20.3154 20.1242 20.5532 20.6538 21.2611 21.0224 20.8325 20.7041 20.6931 20.5598 20.7608 21.0058 20.9998 20.9301 20.8593 21.1219 21.0677 20.9394 20.9305 21.0361 21.0616 21.1007 20.9742 20.9189 20.8619 20.7839 20.7542 20.5872 20.5102 20.4367 20.4276 20.4166 20.4123 20.4111 20.411 20.4114 20.412
