normal_rasters/0772100000297599.ascii
ncols 74 
nrows 57 
xllcorner 159474.484009
yllcorner 383886.199005
cellsize 0.25
nodata_value -9999 
[rows 0 to 30 of 57, columns 0 to 68 of 74]
0.3174 0.3179 0.3776 0.3781 0.3786 0.3791 0.4191 0.4734 0.4738 0.4459 0.477 0.4374 0.4365 0.4356 0.4346 0.4335 0.54 0.5416 4.1551 7.9066 8.0275 15.6246 15.7444 19.5345 19.5354 19.5894 19.5897 19.5901 19.636 19.6833 19.7218 19.7596 19.7857 19.7857 19.7956 19.7957 19.7958 19.796 19.8682 19.9074 19.9098 19.9378 19.9747 19.9747 19.9747 19.9747 19.9747 19.9747 19.9747 19.9747 19.9747 19.9841 19.9847 19.9853 19.9859 19.9864 19.9868 19.987 19.9871 19.9871 19.9871 19.9871 19.9869 19.9866 20.0214 20.0218 20.0221 20.0224 20.0227
0.3173 0.3178 0.3184 0.3779 0.3785 0.3791 0.3967 0.4196 0.4737 0.4994 0.4458 0.4767 0.4369 0.4359 0.4348 0.4337 0.4325 0.5402 4.1203 4.1987 7.9775 11.7822 15.7151 19.5343 19.5352 19.5892 19.5896 19.59 19.6354 19.6826 19.7214 19.7594 19.7857 19.7857 19.7955 19.7956 19.7958 19.7959 19.832 19.8702 19.9092 19.9375 19.9747 19.9747 19.9747 19.9747 19.9747 19.9747 19.9747 19.9747 19.9747 19.9838 19.9845 19.9852 19.986 19.9866 19.9871 19.9873 19.9874 19.9874 19.9874 19.9872 19.9868 19.9865 20.0215 20.0219 20.0223 20.0226 20.0229
0.3171 0.3177 0.3184 0.3777 0.3783 0.3789 0.3796 0.4195 0.4735 0.4993 0.4997 0.477 0.4375 0.4363 0.4352 0.4339 0.4326 0.5386 4.0792 4.1643 7.9168 8.0735 15.678 19.5339 19.535 19.5361 19.5894 19.5898 19.6347 19.6817 19.6841 19.7229 19.7602 19.7857 19.7954 19.7955 19.7957 19.7959 19.8314 19.869 19.9084 19.9116 19.9403 19.9747 19.9747 19.9747 19.9747 19.9747 19.9747 19.9747 19.9747 19.9834 19.9842 19.9851 19.9861 19.9868 19.9874 19.9877 19.9879 19.9878 19.9877 19.9872 19.9868 20.0211 20.0217 20.0222 20.0226 20.0229 20.0232
0.317 0.3176 0.3183 0.319 0.3781 0.3788 0.3795 0.4194 0.4733 0.4738 0.4995 0.4774 0.491 0.4368 0.4356 0.4342 0.4328 0.5367 0.5389 4.1229 7.8429 8.0156 15.6306 15.9488 19.5347 19.5359 19.5892 19.5897 19.5902 19.6358 19.6832 19.7225 19.76 19.7857 19.7857 19.7954 19.7956 19.7958 19.8307 19.8424 19.9072 19.911 19.9403 19.9747 19.9747 19.9747 19.9747 19.9747 19.9747 19.9747 19.9747 19.9828 19.9837 19.9849 19.9862 19.9872 19.988 19.9884 19.9884 19.9883 19.9878 19.9871 20.0206 20.0213 20.0219 20.0225 20.0229 20.0233 20.0235
0.3168 0.3174 0.3182 0.319 0.3779 0.3786 0.3794 0.3802 0.4201 0.4736 0.4993 0.4999 0.4603 0.4375 0.4361 0.4346 0.433 0.4312 0.5368 4.0727 4.1857 7.9431 11.9174 15.7678 19.5343 19.5357 19.5889 19.5894 19.5901 19.6349 19.682 19.7219 19.7597 19.7857 19.7857 19.7953 19.7955 19.7958 19.8296 19.8418 19.8797 19.9102 19.9403 19.9747 19.9747 19.9747 19.9747 19.9747 19.9747 19.9747 19.9747 19.9747 19.983 19.9845 19.9862 19.9877 19.9889 19.9893 19.9892 19.9887 19.9877 19.9869 20.0208 20.0216 20.0224 20.0229 20.0234 20.0237 20.0239
0.3165 0.3172 0.318 0.3189 0.3198 0.3784 0.3793 0.3802 0.42 0.4733 0.4991 0.4997 0.4607 0.4909 0.4367 0.4351 0.4333 0.4313 0.5343 4.0116 4.1362 7.8519 8.0874 15.7179 15.9958 19.5353 19.5371 19.5892 19.5899 19.5906 19.6808 19.7211 19.7246 19.761 19.7857 19.7951 19.7953 19.7957 19.796 19.8408 19.8778 19.9089 19.915 19.9518 19.9747 19.9747 19.9747 19.9747 19.9747 19.9747 19.9747 19.9747 19.982 19.9838 19.9861 19.9886 19.9905 19.9908 19.9901 19.9888 19.9875 20.0199 20.0212 20.0222 20.0229 20.0235 20.0239 20.0242 20.0244
0.3162 0.317 0.3178 0.3187 0.3197 0.3782 0.3791 0.3801 0.4199 0.4419 0.4988 0.4994 0.4611 0.4914 0.4376 0.4358 0.4337 0.4315 0.5314 0.5344 4.0741 7.7367 8.0014 11.9946 15.966 19.5349 19.5368 19.5888 19.5896 19.5905 19.6354 19.683 19.7241 19.7607 19.7857 19.7948 19.7951 19.7955 19.796 19.8301 19.8525 19.907 19.9146 19.9518 19.9747 19.9747 19.9747 19.9747 19.9747 19.9747 19.9747 19.9747 19.9747 19.9823 19.9855 19.9903 19.9935 19.993 19.9908 19.9884 20.0185 20.0204 20.0219 20.023 20.0238 20.0243 20.0246 20.0249 20.2549
0.3158 0.3166 0.3175 0.3185 0.3196 0.3208 0.3789 0.38 0.4197 0.4419 0.4733 0.4991 0.4999 0.4919 0.4908 0.4366 0.4343 0.4318 0.4018 0.531 3.9959 7.5904 7.8883 11.9061 15.9228 19.5342 19.5365 19.5883 19.5892 19.5903 19.6338 19.6816 19.7232 19.7602 19.7857 19.7857 19.7948 19.7953 19.7959 19.8282 19.8513 19.8798 19.9137 19.9515 19.9747 19.9747 19.9747 19.9747 19.9747 19.9747 19.9747 19.9747 19.9747 19.9794 19.9837 19.9947 20.0003 19.9955 19.9902 20.0159 20.0189 20.0214 20.0231 20.0242 20.0249 20.0253 20.2459 20.2559 20.2639
0.3153 0.3162 0.3172 0.3183 0.3195 0.3208 0.3786 0.3799 0.3812 0.442 0.4419 0.4988 0.4996 0.4617 0.4914 0.4377 0.4352 0.4323 0.4291 0.3992 3.8965 4.0938 7.7389 11.7842 15.8603 16.0387 19.5359 19.5389 19.5887 19.59 19.5915 19.6795 19.7218 19.7284 19.7857 19.7857 19.7944 19.795 19.7957 19.8046 19.8493 19.8553 19.9121 19.9507 19.9564 19.9747 19.9747 19.9747 19.9747 19.9747 19.9747 19.9747 19.9747 19.9747 19.9792 20.0066 20.0137 19.9947 19.9872 20.0157 20.0205 20.0235 20.0251 20.026 20.2302 20.2462 20.2585 20.2678 20.5028
0.3148 0.3157 0.3167 0.3179 0.3192 0.3207 0.3782 0.3797 0.3812 0.4207 0.442 0.4672 0.4993 0.4625 0.4922 0.4906 0.4363 0.433 0.4293 0.3993 0.4857 3.9907 4.1626 7.9878 12.0436 15.9807 19.535 19.5387 19.588 19.5895 19.5913 19.6764 19.6841 19.7277 19.7625 19.7857 19.7938 19.7945 19.7955 19.804 19.8458 19.8546 19.8883 19.9488 19.957 19.9747 19.9747 19.9747 19.9747 19.9747 19.9747 19.9747 19.9747 19.9747 19.978 19.9867 19.9969 19.9831 20.0063 20.0181 20.0246 20.0272 20.1215 20.2281 20.2489 20.2641 20.4976 20.8492 20.8655
0.3141 0.315 0.3161 0.3174 0.3189 0.3205 0.3222 0.3794 0.3811 0.4206 0.4421 0.442 0.4988 0.5 0.4932 0.4915 0.4379 0.4341 0.4298 0.3996 0.3949 3.853 4.0609 7.7929 11.889 15.8875 16.1814 19.538 19.5869 19.5887 19.5911 19.6329 19.6812 19.7261 19.762 19.7857 19.7857 19.7938 19.7951 19.803 19.8129 19.853 19.8884 19.9453 19.9567 19.9747 19.9747 19.9747 19.9747 19.9747 19.9747 19.9747 19.9747 19.9747 19.9747 19.9769 19.978 19.9797 20.0212 20.0437 20.0529 20.1206 20.2293 20.2571 20.4903 20.8337 20.8593 20.8772 20.89
0.3133 0.3143 0.3154 0.3168 0.3184 0.3201 0.3221 0.3668 0.381 0.3831 0.4422 0.4421 0.4669 0.4995 0.5149 0.4927 0.4904 0.4358 0.4306 0.4371 0.3944 0.4793 3.9155 4.2644 11.6548 15.7377 16.1051 19.5368 19.5432 19.5876 19.5906 19.6295 19.6763 19.7228 19.761 19.7686 19.7857 19.7924 19.7943 19.801 19.8098 19.8493 19.8773 19.9419 19.9552 19.9747 19.9747 19.9747 19.9747 19.9747 19.9747 19.9747 19.9747 19.9747 19.9747 19.9747 20.0055 20.0196 20.02 20.0678 20.1269 20.3472 20.5896 20.6292 20.8521 20.8803 20.8984 20.9102 20.9179
0.3498 0.3133 0.3145 0.3159 0.3176 0.3196 0.3219 0.3244 0.3808 0.3833 0.4424 0.4422 0.4666 0.4988 0.4845 0.4944 0.4918 0.4383 0.4321 0.437 0.3938 0.4697 3.7064 4.1252 11.2991 15.5177 15.9579 16.508 19.543 19.5857 19.5896 19.5946 19.6493 19.689 19.7589 19.7703 19.7857 19.7857 19.7926 19.7934 19.8011 19.8437 19.8851 19.9534 19.9552 19.9747 19.9747 19.9747 19.9747 19.9703 19.9748 19.985 19.9761 20.0028 20.0436 20.0525 20.1426 20.1419 20.1913 20.2478 20.464 20.6296 20.6701 20.8969 20.9222 20.9361 21.2947 21.3023 21.3071
0.2853 0.3493 0.3134 0.3149 0.3167 0.3189 0.3215 0.3244 0.3685 0.3835 0.4426 0.4423 0.4661 0.4668 0.4837 0.5159 0.4938 0.49 0.4347 0.4374 0.3935 0.3484 0.4322 3.9005 4.5762 11.8436 15.7083 16.4354 19.5418 19.5776 19.588 19.6001 19.6424 19.6812 19.7541 19.7727 19.7857 19.7857 19.7892 19.8 19.8286 19.8344 19.8582 19.9124 19.9546 19.9793 19.9811 19.9802 19.9807 19.9826 19.9678 20.0653 20.1345 20.1318 20.1692 20.3371 20.2373 20.5144 20.6282 20.8081 20.8728 21.0717 21.1003 21.3074 21.3218 21.3287 21.3315 21.3321 21.3316
0.2748 0.2853 0.312 0.3135 0.3154 0.3178 0.3207 0.3242 0.3685 0.3837 0.3945 0.4426 0.4422 0.4662 0.4825 0.515 0.4968 0.4926 0.439 0.4391 0.426 0.3799 0.4157 3.5378 4.4019 11.3779 15.3358 16.2479 19.5079 19.5543 19.582 19.5986 19.6176 19.6553 19.7323 19.7785 19.7857 19.7857 19.7857 19.7877 19.8192 19.8348 19.8517 19.9337 19.9669 19.9864 20.0174 20.0163 20.0357 20.1034 20.1207 20.2533 20.3421 20.3394 20.416 20.6413 20.6565 20.7436 20.8987 21.1906 21.2259 21.5205 21.5592 21.576 21.5833 21.5865 21.5877 21.588 21.5879
0.2145 0.2748 0.2851 0.3117 0.3137 0.3162 0.3195 0.3235 0.3283 0.3721 0.3957 0.415 0.4423 0.4653 0.4805 0.4853 0.5182 0.4968 0.4896 0.4432 0.4247 0.3747 0.2991 0.4209 3.9881 8.1988 14.5645 15.9442 19.5027 19.5515 19.5811 19.5973 19.6127 19.6494 19.7095 19.7796 19.7857 19.7857 19.7857 19.7857 19.7892 19.8057 19.8299 19.9007 19.9679 19.998 20.0378 20.0413 20.1106 20.184 20.273 20.358 20.4422 20.6393 20.8294 20.8919 21.1586 21.1106 21.2389 21.2948 21.5183 21.5914 21.6044 21.6052 21.6032 21.6007 21.5983 21.797 21.8098
0.2154 0.2159 0.2748 0.285 0.3114 0.314 0.3176 0.3223 0.3281 0.3727 0.3779 0.4166 0.4425 0.464 0.4655 0.4834 0.5171 0.5029 0.4961 0.4525 0.4253 0.3615 0.297 0.3853 3.2122 5.04 11.3316 15.3742 17.6674 19.5502 19.5654 19.5976 19.6124 19.6549 19.7592 19.7857 19.7857 19.7857 19.7857 19.7857 19.7895 19.7926 19.8126 19.8724 19.9727 20.0749 20.1003 20.0686 20.1487 20.3167 20.4299 20.4816 20.6668 20.9031 21.1801 21.3944 21.3838 21.4342 21.5771 21.627 21.7704 21.6943 21.657 21.6362 21.7293 21.7306 22.0816 22.3801 22.3976
0.2327 0.217 0.2176 0.2748 0.2756 0.3111 0.3147 0.32 0.3272 0.3362 0.3804 0.4075 0.4163 0.4246 0.4633 0.4798 0.4898 0.5244 0.5073 0.5022 0.4318 0.3483 0.2936 0.2955 0.4065 3.9817 6.6573 17.4808 18.0423 19.4996 19.5826 19.5976 19.6051 19.6604 19.7616 19.7857 19.7857 19.7857 19.7857 19.7857 19.7857 19.8075 19.8356 19.8416 19.9366 20.1278 20.1523 20.2011 20.3287 20.4569 20.555 20.8305 20.92 21.1707 21.4338 21.5598 21.6176 21.7596 21.7949 21.8515 21.8672 21.8981 21.9202 22.15 22.2391 22.2714 22.4001 22.4175 22.4283
0.2332 0.234 0.219 0.2199 0.2207 0.3072 0.3106 0.3162 0.3247 0.3368 0.3839 0.4117 0.4191 0.4239 0.4592 0.4736 0.4871 0.5233 0.5227 0.5273 0.4611 0.3313 0.2988 0.2873 0.3551 0.4851 5.0613 10.5193 14.8988 17.699 19.5631 19.5976 19.5976 19.5996 19.7244 19.7795 19.7804 19.7638 19.7655 19.7858 19.7877 19.7983 19.8461 19.9146 20.0248 20.1626 20.248 20.2731 20.5208 20.657 20.9123 21.112 21.2544 21.4253 21.5768 21.7189 21.78 22.0333 22.0616 22.0344 21.9849 22.0587 22.1946 22.2815 22.341 22.4424 22.5709 22.5751 22.5768
0.2335 0.2346 0.2357 0.2217 0.2231 0.2243 0.305 0.3101 0.3196 0.3355 0.3886 0.4187 0.4135 0.3987 0.4192 0.4418 0.4682 0.5188 0.5424 0.5568 0.5357 0.3974 0.3145 0.3016 0.3289 1.6769 8.0667 9.5016 7.9714 19.3364 19.584 19.5866 19.5931 19.5903 19.603 19.7136 19.7746 19.7288 19.6886 19.7572 19.7848 19.7951 19.9295 20.0028 20.0966 20.2347 20.3861 20.5104 20.7392 20.9569 21.193 21.2717 21.4279 21.5512 21.7515 21.8849 21.9368 22.092 22.0502 22.1241 22.3001 22.3341 22.4719 22.6456 22.6581 22.6621 22.6625 22.6614 22.6598
0.2338 0.235 0.2364 0.2381 0.2256 0.2279 0.2301 0.3014 0.31 0.3295 0.3639 0.4112 0.4259 0.4003 0.3905 0.4262 0.4628 0.5001 0.5391 0.5552 0.5591 0.537 0.3144 0.2651 0.293 0.8239 4.5556 14.2908 14.9076 19.5261 19.5592 19.5597 19.5541 19.5527 19.5898 19.5933 19.6751 19.6524 19.6585 19.7046 19.7901 19.8352 19.9287 20.0923 20.2338 20.3336 20.5499 20.8433 21.006 21.3102 21.4089 21.4956 21.5184 21.6552 21.9113 21.8137 21.927 21.987 22.0222 22.2065 22.441 22.614 22.6672 22.685 22.6851 22.6806 22.6756 22.671 22.1941
0.2335 0.2349 0.2366 0.2388 0.2414 0.2316 0.2361 0.2407 0.2577 0.3137 0.3642 0.4354 0.4484 0.3993 0.3824 0.3991 0.4276 0.4913 0.4711 0.497 0.5319 0.5194 0.1245 0.1668 0.1765 0.28 6.6609 6.1111 14.0346 16.2786 17.8418 19.5383 19.5203 19.475 19.4851 19.5586 19.5617 19.5898 19.6528 19.7137 19.8072 19.9281 20.0299 20.2249 20.3985 20.7544 20.833 21.0461 21.2423 21.4417 21.5797 21.6307 21.6269 21.6184 21.7302 21.7548 21.7399 21.9428 22.064 22.3288 22.5652 22.7002 22.747 22.7331 22.7134 22.3608 22.2602 22.1866 22.1346
0.233 0.2344 0.2361 0.2384 0.2416 0.2462 0.2413 0.2525 0.2681 0.2568 0.341 0.4229 0.4385 0.3431 0.3331 0.3737 0.3648 0.3588 0.3993 0.4319 0.3906 0.3931 0.3195 0.1387 0.1077 0.1643 4.2695 12.5932 10.7608 8.7572 12.8133 18.4541 19.467 19.4828 19.5184 19.4453 19.5018 19.5564 19.6463 19.7073 19.8539 20.0315 20.222 20.3532 20.6617 20.9058 21.0835 21.4111 21.4417 21.648 21.8761 21.848 21.7797 21.7379 21.7349 21.728 21.6489 21.8723 22.0884 22.1864 22.6147 22.7869 22.8326 22.6489 22.4003 22.2486 21.8728 21.7943 21.5929
0.2323 0.2335 0.235 0.2371 0.2401 0.2446 0.2518 0.2563 0.2833 0.2376 0.1939 0.3343 0.3086 0.3033 0.2821 0.2308 0.2988 0.3219 0.3256 0.33 0.3258 0.3895 0.3903 0.33 0.1829 0.1016 1.2369 7.1162 16.6448 13.0372 8.054 17.601 19.4135 19.406 19.4539 19.3209 19.3829 19.4444 19.6226 19.8065 19.93 20.222 20.3495 20.7026 20.7997 21.1101 21.4307 21.5241 21.8321 21.8953 21.8865 21.9736 21.8575 21.7615 21.7922 21.6515 21.6875 21.9826 22.1357 22.1375 22.0413 22.3467 22.3975 21.8853 21.6087 21.3107 21.2011 20.6355 20.5478
0.2557 0.2559 0.2563 0.2351 0.2374 0.2408 0.2462 0.2526 0.2324 0.1264 0.0843 0.1379 0.1873 0.2104 0.2057 0.1786 0.1959 0.2174 0.2368 0.2929 0.2925 0.3337 0.4067 0.4014 0.3724 0.1586 0.1798 2.3478 16.5593 18.2955 17.796 17.3876 19.2574 19.2496 19.2417 19.2855 19.2338 19.485 19.5726 19.8777 20.1222 20.476 20.6905 20.8527 21.2192 21.4553 21.608 21.9841 22.0117 22.0611 22.0503 21.9713 21.8738 21.7253 21.5583 21.6702 21.6911 21.8937 21.5592 22.0152 21.8719 21.224 20.9479 21.0398 20.9018 20.9178 20.382 20.342 18.8975
0.2542 0.2541 0.2539 0.2536 0.2534 0.2343 0.2399 0.2629 0.2369 0.1011 0.0793 0.0802 0.1323 0.173 0.1775 0.1776 0.1775 0.1777 0.2159 0.2768 0.2924 0.2955 0.3993 0.4697 0.4011 0.4784 0.8237 3.3918 11.4208 17.4964 18.1962 19.2001 19.189 19.1694 19.2393 19.3834 19.4502 19.5613 19.7044 20.1385 20.5884 20.7813 21.1905 21.4221 21.532 21.6884 22.0721 22.1816 22.2981 22.1422 22.1009 21.9994 21.8965 21.6238 21.4485 21.0898 21.4855 21.1324 20.6258 20.8467 20.8788 20.5544 20.019 19.5893 19.4849 19.4069 17.7536 17.2067 17.0582
0.2529 0.2523 0.2516 0.2192 0.2131 0.215 0.2173 0.2104 0.1853 0.0912 0.0793 0.097 0.1605 0.1774 0.1775 0.1775 0.1775 0.1843 0.2338 0.2831 0.3099 0.3885 0.3984 0.5014 0.5337 0.9515 1.5199 4.0754 9.4191 8.4431 17.39 18.1903 18.5819 19.2148 19.3674 19.5415 19.6816 19.865 20.3444 20.4706 21.0166 21.3832 21.5407 21.7406 21.9807 22.0469 22.3081 22.5399 22.5749 22.3688 22.2269 21.9001 21.7094 21.5135 21.1074 20.6929 20.3382 20.561 20.3994 19.7905 19.6416 19.977 19.375 19.1959 18.4282 17.7583 17.532 16.3381 16.2476
0.2522 0.2518 0.2512 0.2503 0.2489 0.2463 0.2409 0.2042 0.1968 0.1626 0.1065 0.1188 0.1672 0.1854 0.1774 0.1776 0.1777 0.1862 0.2519 0.2956 0.2947 0.3575 0.4209 0.6826 0.9895 1.2293 2.0984 3.5494 9.1892 15.1808 14.9469 16.5236 18.6338 19.3566 19.4349 19.6382 19.8627 20.3086 20.7604 21.125 21.6808 21.9514 22.1297 22.2114 22.2759 22.5779 22.6532 22.8154 22.7293 22.5414 22.3461 21.9506 21.4373 21.0736 20.3727 19.9924 19.6731 19.6294 19.4299 19.2795 18.2261 18.595 19.3311 18.271 17.6106 16.402 16.1678 16.077 16.0523
0.2529 0.2527 0.2525 0.2521 0.2517 0.2512 0.2512 0.2356 0.2396 0.2375 0.1505 0.1172 0.116 0.2061 0.1986 0.1812 0.1954 0.2837 0.3253 0.3169 0.3322 0.3713 0.4414 0.9531 1.4394 2.1457 3.3099 4.344 7.8776 17.1667 17.9334 17.9413 19.3433 19.3886 19.844 20.31 20.6154 20.866 21.1755 21.9735 22.1592 22.4985 22.5739 22.8282 22.8542 22.8691 22.8637 22.8056 22.6762 22.3811 21.9309 21.651 21.2292 20.4839 19.8851 19.2433 18.8334 19.0096 18.991 18.2524 18.1363 17.6921 17.4191 17.5127 16.366 15.864 15.396 15.3777 15.3892
0.2537 0.2538 0.2539 0.2543 0.255 0.2568 0.249 0.2612 0.3034 0.2476 0.1871 0.2024 0.1887 0.2279 0.2164 0.2125 0.2893 0.3285 0.3288 0.3318 0.3558 0.4301 0.7367 1.3187 2.0467 3.2106 4.2383 5.4638 8.0916 12.3053 16.436 18.8326 19.5632 19.8009 20.1659 20.8607 21.3227 21.6374 21.9601 22.3568 23.0492 23.0753 23.1181 23.1163 23.0347 22.9843 22.8461 22.7699 22.3997 21.9917 21.5143 21.0187 20.3006 19.9652 19.1598 18.5705 18.0549 17.5081 17.9615 17.7612 17.4106 16.4033 16.4156 16.0241 15.1755 15.0098 15.1053 15.2197 14.8052
0.2545 0.2548 0.2892 0.2818 0.2839 0.31 0.3115 0.3075 0.3128 0.2934 0.2663 0.286 0.2862 0.2307 0.1896 0.2464 0.3121 0.3289 0.3305 0.3495 0.3794 0.534 0.9016 1.643 3.2192 4.0892 5.6427 7.0793 8.6869 14.0159 18.6854 18.3349 19.8908 20.4429 20.6945 21.4355 21.8131 22.4359 22.667 23.0746 23.3052 23.4044 23.6714 23.5954 23.1424 22.9267 22.5622 22.279 22.0126 21.6909 21.046 20.4076 19.697 18.8739 18.3741 17.8583 17.0661 16.6352 15.7953 16.4612 16.6606 16.3751 14.8305 14.6931 14.2142 14.2985 14.4193 14.2899 14.2883
