normal_rasters/0772100001000771.ascii
ncols 76 
nrows 73 
xllcorner 158387.149994
yllcorner 383913.968994
cellsize 0.25
nodata_value -9999 
[rows 31 to 61 of 73, columns 0 to 69 of 76]
10.5062 10.5053 10.4866 10.2122 10.0369 10.265 10.2627 10.491 10.5699 10.6171 12.7245 12.941 13.5387 16.1469 15.7146 12.8396 19.2111 23.5655 18.5982 14.4533 11.38 9.6863 8.8083 8.2572 6.842 5.8161 4.289 2.3087 1.7673 0.5024 0.2136 0.2322 0.4593 0.7385 0.9361 0.8735 0.8733 0.8128 0.784 0.7633 0.7276 0.7113 0.6331 0.6055 0.5852 0.5718 0.5302 0.507 0.4827 0.4944 0.4893 0.4893 0.5191 0.5376 0.5384 0.6005 0.6049 0.6529 0.7074 0.7472 0.8793 0.8829 1.0321 1.118 1.2327 1.0601 1.0548 1.0504 1.0583 1.0861
10.5037 10.4849 10.2111 10.0373 10.2676 10.2654 10.4931 10.5692 12.5528 13.248 13.4423 13.8581 14.4898 15.7416 14.393 13.4549 21.6456 26.6452 15.0303 11.9106 10.0014 8.959 7.5438 6.598 5.7667 4.9461 3.5882 1.3553 0.6354 0.1191 0.3539 0.57 0.7816 0.9805 0.9247 0.8354 0.8109 0.7915 0.733 0.7198 0.7003 0.6464 0.5697 0.5521 0.5493 0.5363 0.5055 0.4382 0.4631 0.5032 0.5053 0.521 0.5375 0.539 0.598 0.6046 0.6448 0.7076 0.7898 0.8788 0.8836 1.032 1.1382 1.2329 1.0618 1.0552 1.0497 1.0872 0.8607 0.8573
10.4836 10.2104 10.0375 10.3498 10.2666 10.5762 10.5684 12.6578 13.3507 13.4887 13.7547 14.6159 14.8395 14.9522 15.5029 15.1037 17.7426 17.0854 11.9581 10.7298 9.468 7.5906 6.8525 6.1419 4.9477 3.8518 2.7671 0.5372 0.3389 0.3446 0.6965 0.797 0.9243 0.9288 0.8463 0.8097 0.7859 0.7737 0.7314 0.7063 0.6593 0.618 0.5662 0.5089 0.4924 0.5089 0.4343 0.4042 0.4493 0.5553 0.5257 0.5359 0.5388 0.5418 0.6365 0.6453 0.7083 0.7892 0.8782 0.8847 1.0318 1.139 1.2331 1.0644 1.0559 1.0489 1.0854 0.8598 0.8558 0.8526
10.2098 10.0376 10.3523 10.2672 10.5789 12.6055 12.7109 13.1753 13.488 14.2582 14.5019 14.6012 15.7216 16.4113 16.2361 15.7702 15.9779 12.9017 11.4469 9.2799 7.8116 7.2329 5.9904 5.0244 4.3187 3.383 1.1544 0.4636 0.492 0.543 0.5881 0.8139 0.8567 0.8043 0.8057 0.7693 0.7282 0.7261 0.7175 0.705 0.6451 0.5709 0.5563 0.4808 0.4086 0.3804 0.3982 0.3849 0.3994 0.4827 0.5156 0.5348 0.5443 0.6308 0.6466 0.7101 0.7885 0.8775 0.8867 1.0314 1.1402 1.2335 1.0684 1.0571 1.0893 1.0832 0.8586 0.8537 0.85 1.6769
10.0377 10.3539 10.2675 10.5804 12.6534 13.0857 13.1762 14.1566 14.2335 14.3371 15.5969 15.6772 16.5498 16.4704 15.3378 15.1634 14.4403 12.3245 10.2303 9.0933 7.372 6.4417 5.8436 4.8191 3.4399 2.3621 0.9793 0.4213 0.4225 0.491 0.5484 0.7232 0.7656 0.7314 0.7314 0.7242 0.7125 0.6639 0.6512 0.6374 0.5708 0.5346 0.4971 0.3859 0.3337 0.3286 0.3334 0.3334 0.3954 0.435 0.5168 0.5534 0.6202 0.6491 0.7113 0.7876 0.7967 1.0168 1.0306 1.1513 1.2341 1.2369 1.0593 1.0884 1.0802 0.8569 0.8508 0.8464 1.6722 1.6865
10.355 10.3304 12.6311 12.6837 13.1014 13.1724 14.1613 14.2166 14.288 15.5973 15.6537 15.7254 15.9938 15.1448 14.9961 13.7943 12.3252 10.4508 9.336 8.241 6.3684 6.0502 5.3209 4.2926 3.4686 1.5319 0.245 0.347 0.3834 0.6728 0.6811 0.7235 0.7245 0.7242 0.7242 0.7036 0.6552 0.6427 0.6151 0.5645 0.5128 0.4575 0.4202 0.3598 0.2752 0.2723 0.2763 0.3219 0.3738 0.4374 0.5092 0.5859 0.6417 0.7171 0.7873 0.8025 0.9147 1.0303 1.1529 1.2351 1.239 1.0634 1.0877 1.0763 0.8543 0.8467 1.6459 1.6668 3.711 3.7756
10.3315 12.6584 12.7034 13.1103 14.1302 14.1628 14.2044 15.5674 15.5987 15.6398 15.6921 15.9957 15.9179 14.9374 13.73 12.4394 11.9459 9.0786 8.4322 6.7911 6.2087 5.3278 4.4699 3.9621 1.9815 0.3919 0.3323 0.5737 0.6432 0.7209 0.6757 0.6819 0.7208 0.7014 0.6879 0.7195 0.6452 0.5962 0.5694 0.5361 0.4317 0.3783 0.3303 0.2377 0.216 0.1955 0.284 0.3399 0.4021 0.4674 0.5677 0.6618 0.749 0.7911 0.8738 0.9172 1.0328 1.1559 1.2372 1.3266 1.0714 1.0877 0.8649 0.8502 0.8404 1.6339 1.6607 3.6959 3.775 3.8387
12.6777 13.0773 13.1152 14.1365 14.1627 14.1952 15.5755 15.5998 15.6309 15.6698 15.9946 15.9388 14.9087 13.6825 13.0153 12.2021 8.9976 8.6473 7.2226 6.2261 5.4934 5.0615 3.5595 2.0066 1.4656 0.7901 0.5897 0.6827 0.7169 0.7131 0.66 0.6539 0.6657 0.6492 0.6474 0.6317 0.5722 0.5593 0.5307 0.444 0.3941 0.3253 0.227 0.1781 0.1464 0.1768 0.2179 0.3781 0.5062 0.5906 0.6385 0.7348 0.788 0.843 0.9179 1.0396 1.1621 1.2426 1.3275 1.1293 1.0898 0.8649 0.8433 0.8303 1.6182 1.6536 3.6801 3.779 3.8562 6.145
13.0856 13.1178 14.1404 14.1619 14.1879 15.5811 15.6005 15.6247 15.6545 15.993 15.9517 14.225 13.6505 13.0387 12.3163 8.9599 8.7646 7.2693 6.3499 5.2395 4.5284 3.9508 2.1605 1.5951 0.9115 0.5144 0.6715 0.691 0.6857 0.6677 0.6508 0.6223 0.6164 0.5977 0.5891 0.5621 0.5524 0.5293 0.4593 0.4065 0.3464 0.2432 0.1868 0.1177 0.0884 0.13 0.2904 0.4269 0.5359 0.6209 0.6915 0.7683 0.811 0.9044 0.996 1.1821 1.2758 1.3318 1.3309 1.0997 0.8655 0.8306 0.8128 1.6056 3.4988 3.6654 3.7922 6.0589 6.1854 9.502
13.119 14.1428 14.1608 14.1821 15.585 15.6008 15.6202 15.6437 15.9914 15.96 14.1979 13.6283 13.045 12.9091 8.939 8.8189 7.2792 6.4226 5.0774 4.9062 3.9103 2.7546 1.8259 1.0722 0.4803 0.5292 0.6095 0.6507 0.6474 0.6396 0.6156 0.5717 0.5675 0.5576 0.535 0.5339 0.4923 0.4794 0.4486 0.3445 0.2699 0.2249 0.1113 0.0876 0.1156 0.2181 0.3404 0.5005 0.585 0.6749 0.7594 0.8444 0.9672 1.0433 1.2005 1.3435 1.3525 1.3401 1.1377 0.8709 0.8039 1.4711 1.5704 3.4244 3.6563 3.8235 6.1017 6.2539 9.4847 9.7406
14.1443 14.1595 14.1773 15.5879 15.601 15.6168 15.6357 15.9899 15.9653 15.9349 13.6121 13.0451 12.9502 8.9259 8.8457 7.2844 6.4585 5.0002 4.8857 3.1145 2.2138 1.9078 1.1981 0.893 0.7671 0.7248 0.6533 0.6474 0.6474 0.6207 0.5622 0.5619 0.5614 0.552 0.5012 0.4807 0.4789 0.3923 0.3316 0.304 0.2213 0.1214 0.0822 0.1335 0.1831 0.2471 0.399 0.5743 0.6477 0.7399 0.8731 1.03 1.1013 1.175 1.284 1.3576 1.3708 1.1797 0.9297 0.7376 1.326 1.5095 3.3234 3.6653 3.8936 5.9904 6.1703 9.4714 9.7825 10.4732
14.1582 14.1733 15.5899 15.601 15.6142 15.6297 15.9886 15.9689 15.945 13.5999 13.0427 12.9731 8.9172 8.8601 7.2881 6.4776 4.9652 4.8876 2.8548 2.1422 1.9657 1.0382 0.9709 0.8021 0.6887 0.6453 0.6477 0.6474 0.6378 0.5817 0.5616 0.5612 0.5571 0.5348 0.4894 0.4546 0.4009 0.3316 0.2843 0.215 0.1292 0.0837 0.1238 0.1992 0.2934 0.4831 0.4951 0.5895 0.7196 0.7618 1.0012 1.0914 1.157 1.2409 1.1537 1.1625 1.3667 1.1976 0.7324 0.9038 1.3752 3.1881 3.7314 5.7818 6.1354 6.3513 9.0598 9.8477 10.5845 14.08
14.1699 15.5915 15.601 15.6121 15.625 15.9876 15.9714 15.9521 13.0812 13.0395 12.9864 8.9109 8.8684 7.291 5.8624 4.9485 4.8937 2.7938 2.1146 2.0087 1.0211 0.9761 0.9034 0.7297 0.6357 0.6093 0.6058 0.6407 0.6141 0.5601 0.5598 0.5515 0.5124 0.4991 0.4774 0.3655 0.3167 0.2867 0.2104 0.1645 0.1256 0.136 0.1833 0.248 0.3807 0.5082 0.6237 0.671 0.7797 0.9019 1.0154 1.1615 1.1695 1.175 0.8279 0.5584 0.7992 0.3191 0.3064 1.2505 3.1126 3.9983 6.0074 6.4546 9.0872 9.2776 9.9513 13.4016 18.2586 19.6024
15.5927 15.6009 15.6103 15.6213 15.9866 15.9732 15.9573 13.7204 13.0361 12.9943 10.5526 8.6305 7.2934 5.8526 4.9403 3.866 2.7663 2.104 1.8223 1.0027 0.9757 0.9332 0.7225 0.693 0.6338 0.5882 0.5816 0.5426 0.5606 0.4976 0.5243 0.4914 0.4499 0.4377 0.3607 0.29 0.2448 0.2163 0.1783 0.1614 0.1242 0.1754 0.1932 0.3293 0.5152 0.5798 0.6555 0.7504 0.8305 1.0288 1.0982 1.0911 0.8273 0.6005 0.9312 0.7622 0.8397 1.5859 3.2109 4.6463 6.2684 8.6191 9.2303 9.5379 9.6764 12.6807 19.0998 18.2591 19.6051 19.6195
15.6007 15.6089 15.6183 15.9858 15.9745 15.9612 13.7136 13.0328 12.9991 10.5613 8.6295 7.2953 5.847 4.9361 3.028 2.961 1.8817 1.8246 0.994 0.9761 0.9498 0.7217 0.7081 0.6876 0.5885 0.5767 0.536 0.5015 0.4896 0.4435 0.4767 0.4425 0.3929 0.3434 0.3189 0.2618 0.1878 0.1777 0.1775 0.1774 0.1857 0.2051 0.3096 0.3989 0.5318 0.6389 0.7391 0.8129 0.9449 1.0352 0.9981 0.8961 0.7733 0.883 1.4699 1.4878 1.9137 3.71 6.2408 7.3481 11.2482 11.8261 12.0311 12.1204 12.1621 18.7369 18.286 19.6467 19.6436 18.962
15.6077 15.6158 15.9851 15.9754 15.9642 13.7081 13.0297 13.0019 12.3861 8.6289 7.2969 5.8439 4.0986 3.0131 2.9601 1.8705 1.8275 0.9896 0.9769 0.9594 0.7209 0.7132 0.7019 0.6243 0.5617 0.5376 0.5338 0.4854 0.4725 0.4338 0.4067 0.3498 0.3296 0.3218 0.2783 0.2283 0.1775 0.1799 0.1833 0.2111 0.2564 0.289 0.3858 0.4728 0.6621 0.7383 0.7938 0.8627 0.9698 0.9777 0.7788 0.755 1.1643 1.2974 1.4945 2.4899 4.4473 6.4766 9.6055 12.0854 12.3266 12.3932 12.3653 12.3505 18.0991 19.5141 19.785 19.7369 19.0386 18.7242
15.6137 15.9845 15.9761 15.9665 13.7036 13.0268 12.4373 12.3938 8.6285 5.8717 5.8422 4.0879 3.0038 2.9611 1.864 0.994 0.9871 0.9777 0.9653 0.7203 0.7154 0.7086 0.6305 0.5614 0.5544 0.5333 0.4998 0.4665 0.4311 0.4069 0.3701 0.3236 0.3058 0.2878 0.2572 0.2241 0.2141 0.1816 0.2179 0.2884 0.3397 0.4017 0.5682 0.6467 0.7241 0.791 0.8694 0.8913 1.0021 0.9608 0.8 0.8622 1.0949 1.3173 2.0574 4.8796 9.337 11.1622 13.3865 14.4299 13.7167 12.4524 12.7517 16.5199 19.3139 19.6861 20.0192 19.2203 18.725 18.4066
15.9839 15.9766 15.9683 13.6999 13.0242 12.4362 12.3994 8.6283 5.8663 5.8413 3.0268 2.998 2.9629 1.8601 0.9912 0.9857 0.9784 0.9692 0.7199 0.7166 0.712 0.6338 0.5609 0.5566 0.5368 0.4761 0.4319 0.4267 0.3905 0.3623 0.3248 0.2879 0.2871 0.2789 0.2316 0.2259 0.2387 0.2598 0.2794 0.3339 0.5188 0.5615 0.605 0.7489 0.7967 0.8264 0.8884 0.9999 1.1192 1.0122 0.8137 0.9661 1.379 2.6928 3.7619 5.8955 10.0818 12.926 15.0113 14.9712 15.1774 12.2973 14.6401 18.8863 20.6928 20.9039 19.6686 18.7876 18.281 17.9977
15.977 15.9697 13.6967 13.0218 12.4349 12.4034 9.7233 7.1647 4.7757 3.0189 2.9944 1.8758 1.8577 0.9893 0.9848 0.9791 0.9719 0.7197 0.7172 0.714 0.6356 0.6305 0.5576 0.5536 0.4757 0.4709 0.4255 0.3869 0.3614 0.3226 0.3097 0.2872 0.2872 0.2627 0.2009 0.2603 0.3189 0.3003 0.3737 0.4281 0.5445 0.658 0.7409 0.8616 0.8712 0.9193 1.0187 1.0426 1.0189 0.6775 0.5426 0.9555 1.5005 3.4463 5.99 8.5299 10.5438 12.669 14.5352 12.5871 12.9394 12.7166 17.5865 22.9061 24.0285 21.3951 19.0198 18.1237 17.6966 17.5017
15.9709 13.6941 13.0196 12.4337 12.4064 9.7278 7.164 4.7702 3.0132 2.992 1.8716 1.8564 0.988 0.9843 0.9796 0.974 0.7195 0.7176 0.7152 0.6367 0.633 0.5581 0.5554 0.5079 0.4721 0.4247 0.4003 0.3612 0.3531 0.3158 0.3016 0.2816 0.2896 0.2728 0.2652 0.3138 0.3734 0.3977 0.5108 0.5585 0.6118 0.7379 0.8236 0.8648 0.9834 1.0108 1.0692 0.847 0.6252 0.7219 0.65 1.1223 2.068 4.8656 7.5446 8.7299 10.2589 11.7546 11.3333 11.4286 11.9478 16.1108 22.6038 30.058 29.5207 20.5563 18.0388 17.2684 17.017 16.9502
15.9655 13.6864 12.4325 12.4086 9.7312 7.1636 4.7662 3.009 2.9906 1.8687 1.8556 0.9871 0.9839 0.9801 0.9755 0.7193 0.7179 0.716 0.6374 0.6346 0.5584 0.5564 0.5086 0.4726 0.4038 0.4004 0.3608 0.356 0.3174 0.3059 0.2797 0.3006 0.3151 0.3406 0.4262 0.3971 0.4622 0.5303 0.5419 0.6414 0.7486 0.9511 0.9331 0.9515 1.0656 1.074 1.0819 0.9666 0.7006 0.7365 0.5082 1.288 3.2476 5.9397 6.9011 8.734 11.1954 10.0996 10.2289 10.8258 16.7711 21.3339 31.798 37.7106 40.5095 18.4948 16.3237 16.3171 16.4444 16.3938
13.685 12.4313 12.4103 9.7339 7.1633 3.0199 3.0059 2.9898 1.8666 1.8552 0.9865 0.9837 0.9805 0.9767 0.7192 0.718 0.7166 0.6379 0.6357 0.5585 0.557 0.5089 0.5064 0.4497 0.4003 0.3605 0.3574 0.3102 0.3077 0.2789 0.3051 0.3093 0.3354 0.4053 0.4651 0.5648 0.6152 0.6414 0.6526 0.7899 0.8856 0.9999 0.9913 1.0107 1.0646 1.0703 1.0312 0.7376 0.7151 0.6588 0.5881 1.5588 3.4141 4.7303 6.6936 7.9039 9.8418 8.9102 9.7498 15.1862 23.9501 28.6227 29.7252 33.9412 31.7502 15.4524 12.2079 18.5816 16.0308 15.7756
12.4302 12.4115 9.7361 4.782 3.0161 3.0036 1.8736 1.865 1.8551 0.986 0.9836 0.9809 0.9777 0.7191 0.7182 0.717 0.6382 0.6364 0.5586 0.5574 0.5091 0.5072 0.4499 0.4002 0.3601 0.358 0.3102 0.3086 0.3135 0.3066 0.3093 0.3915 0.4062 0.4929 0.5737 0.6311 0.6978 0.8362 0.8992 0.9024 0.9828 1.0474 1.0051 1.0559 1.1052 1.0882 1.1224 0.9999 0.7636 0.9895 1.3638 2.1156 2.8132 4.5776 5.3615 9.3464 20.1888 15.2351 14.1335 22.6725 27.2639 30.6994 26.8546 28.6681 25.0855 16.6925 12.6573 8.8717 13.8886 15.0437
12.4124 9.7378 4.7784 3.0131 3.0019 1.8716 1.8639 0.9874 0.9856 0.9836 0.9812 0.9785 0.7191 0.7183 0.7173 0.7161 0.6369 0.5586 0.5577 0.5566 0.5077 0.4501 0.4 0.3599 0.3584 0.3102 0.3091 0.3146 0.3071 0.3695 0.3763 0.4051 0.5863 0.6045 0.6647 0.7321 0.7576 0.8474 0.964 1.0381 1.1139 1.1177 1.0593 1.1449 1.1591 1.1722 1.2161 1.0714 0.6629 1.3423 2.0799 2.5009 3.9072 7.1631 11.8012 11.5952 25.9241 19.5503 17.8994 21.3008 24.9039 28.1151 26.0551 27.6974 26.8771 16.4719 13.3512 11.9468 13.4755 14.772
9.7392 4.7755 3.0108 3.0007 1.87 1.8631 0.9869 0.9854 0.9836 0.9815 0.9792 0.719 0.7183 0.7175 0.7166 0.6373 0.5586 0.5579 0.557 0.508 0.4501 0.3999 0.3904 0.3585 0.3101 0.3093 0.3152 0.3165 0.3724 0.4642 0.4747 0.5971 0.6099 0.7218 0.8079 0.8077 0.8352 1.01 1.0696 1.0932 1.2108 1.1593 1.1084 1.1433 1.1605 1.1682 0.9649 0.5346 0.3757 2.164 3.587 3.0105 3.7565 20.8999 28.0459 22.8879 25.4991 20.0003 16.9275 16.2602 15.3106 22.285 24.3405 26.8836 21.0793 15.9984 14.9555 14.1587 14.4488 15.097
4.7732 3.0089 2.9997 1.8687 1.8625 0.9866 0.9852 0.9836 0.9817 0.9797 0.719 0.7184 0.7177 0.7169 0.6376 0.6365 0.558 0.5573 0.5083 0.5071 0.4484 0.3905 0.3505 0.3101 0.3095 0.3156 0.3166 0.3739 0.4693 0.4776 0.6009 0.717 0.729 0.8312 0.8415 0.9222 0.9758 1.068 1.1801 1.2436 1.2701 1.2423 1.1612 1.1374 1.1672 1.0371 0.6338 1.8715 3.5342 3.896 4.3364 3.448 3.9048 17.1473 26.4277 26.2959 23.0198 19.1572 13.8259 14.4003 14.398 18.3601 21.6106 22.7119 21.7513 14.5809 12.4804 15.4329 15.3779 15.6325
3.0074 2.999 1.8677 1.8621 0.9863 0.985 0.9836 0.982 0.9802 0.7189 0.7184 0.7178 0.7171 0.6378 0.6369 0.5581 0.5575 0.5084 0.5075 0.4487 0.3905 0.3505 0.3493 0.3096 0.3158 0.3166 0.4762 0.472 0.5743 0.7168 0.7228 0.7317 0.8411 0.8494 0.9502 0.97 1.079 1.1891 1.2543 1.3126 1.3902 1.3862 1.3163 1.1991 1.2258 0.7628 1.1401 4.4044 6.6131 7.0943 4.9197 2.5906 2.1394 13.0976 19.9179 23.0991 24.7356 25.1725 11.4084 9.9555 16.0707 17.4716 19.8841 21.2792 21.398 21.1808 14.2526 12.698 16.0957 16.1567
1.8715 1.8669 1.8618 0.986 0.9849 0.9836 0.9822 0.9806 0.7189 0.7184 0.7179 0.7173 0.638 0.6372 0.5581 0.5576 0.5086 0.5077 0.4489 0.3906 0.3505 0.3495 0.3096 0.3159 0.3166 0.4783 0.4734 0.5756 0.721 0.7258 0.8418 0.8456 0.8516 0.9619 0.9731 1.076 1.1976 1.2254 1.3128 1.4005 1.4295 1.4334 1.3411 1.2729 1.2106 2.5257 4.2703 6.1671 8.6263 9.5865 8.0225 4.8822 3.2216 12.0573 12.5882 16.1538 15.7914 31.3105 17.6772 13.3032 14.134 16.4597 18.9756 20.2995 21.107 20.4223 14.6767 14.2704 12.8845 16.6064
1.8662 1.8616 0.9858 0.9848 0.9836 0.9824 0.9809 0.7189 0.7185 0.718 0.7175 0.6381 0.6374 0.5582 0.5577 0.5086 0.5079 0.449 0.3906 0.3896 0.3496 0.3097 0.316 0.4767 0.4797 0.5725 0.5762 0.7235 0.7274 0.8448 0.8478 0.8523 0.9677 1.0647 1.0751 1.092 1.282 1.3027 1.377 1.4292 1.4674 1.4914 1.4215 1.3483 1.6002 5.7271 6.0393 6.3559 10.0478 11.2621 8.4292 6.8 5.1173 3.1446 11.2801 9.6141 3.3086 13.1318 16.6754 15.3423 15.0817 15.5023 17.6933 19.7184 20.5098 20.5267 15.7947 12.2153 12.9671 13.013
1.8614 0.9857 0.9847 0.9837 0.9825 0.9813 0.7189 0.7185 0.7181 0.7176 0.6382 0.6376 0.5582 0.5578 0.5087 0.5081 0.4492 0.3905 0.3897 0.3497 0.3097 0.3161 0.478 0.4805 0.5734 0.7225 0.725 0.7283 0.8466 0.849 0.9676 0.9708 1.0684 1.0751 1.0852 1.2837 1.2955 1.3756 1.4268 1.4764 1.4916 1.4981 1.5749 1.6109 2.3475 7.002 6.0802 6.387 8.3106 7.1135 7.7957 6.7189 6.5499 3.2473 11.1059 10.7838 11.395 12.6665 15.0046 15.2963 15.4546 15.6976 16.0673 18.3277 20.1283 14.1119 15.9249 12.2781 12.2597 13.0601
0.9856 0.9847 0.9837 0.9827 0.9815 0.7188 0.7185 0.7181 0.7177 0.6383 0.6377 0.5582 0.5579 0.5575 0.5082 0.5076 0.4484 0.3898 0.3497 0.3382 0.4102 0.4788 0.481 0.574 0.7239 0.7261 0.7288 0.8477 0.8497 0.9702 0.9727 1.0707 1.0753 1.0819 1.2847 1.2919 1.3765 1.4252 1.481 1.4876 1.4987 1.4866 1.5468 1.5933 2.1398 3.2563 4.2978 4.8501 2.5092 5.2362 6.3236 5.7692 4.6708 4.0144 9.6245 12.1357 12.1758 13.7812 14.7477 15.1701 15.5194 15.7778 16.0669 16.3688 18.6875 14.0393 12.2778 12.3683 12.3018 12.2941
