normal_rasters/0772100001000779.ascii
ncols 68 
nrows 63 
xllcorner 158313.429993
yllcorner 383930.638
cellsize 0.25
nodata_value -9999 
[rows 0 to 29 of 63, columns 0 to 67 of 68]
39.1272 40.2522 40.2612 40.2717 40.4426 40.4449 40.2295 40.2367 40.2451 40.2548 40.2356 40.2317 39.4843 39.4743 39.4607 38.8341 38.8101 38.5806 37.608 35.8635 35.8117 34.9109 34.8504 34.7916 33.1579 33.1145 33.0695 33.0257 31.8282 31.7835 31.1766 31.1108 31.0555 29.3333 23.9689 18.2948 10.4671 6.8941 6.8968 6.6491 6.6473 6.6444 6.6407 6.3897 6.3815 6.3731 6.3647 6.3565 5.9848 5.9704 5.9571 5.9451 5.9342 5.9246 5.916 5.9085 5.0885 4.4868 4.4624 4.4407 3.0225 3.0058 2.028 1.4259 1.3222 0.6686 0.6678 0.6671
38.1189 39.1309 40.2491 40.2594 40.2715 40.441 40.4437 40.2306 40.2393 40.2496 40.2618 40.2408 39.5021 39.4928 39.4789 38.8575 38.8302 38.6176 38.5266 35.889 35.8259 34.9262 34.8509 34.7784 33.1794 33.1251 33.0689 31.8831 31.8233 31.2283 31.1413 31.0686 29.3572 29.2552 23.8509 18.134 6.8941 6.8979 6.9011 6.6562 6.6541 6.6507 6.6462 6.3957 6.386 6.3761 6.3663 6.0002 5.9829 5.967 5.9526 5.9397 5.9283 5.9182 5.9095 5.0965 4.4917 4.4637 4.4391 3.0237 3.0048 2.0281 1.328 1.3216 0.6691 0.6682 0.6673 0.6666
38.3108 38.1238 39.0085 39.0161 40.2571 40.4368 40.4389 40.442 40.2318 40.2426 40.2557 40.2713 40.2475 39.5155 39.5022 38.8881 38.8572 38.817 38.5623 37.5566 35.8482 34.9479 34.8518 34.7604 33.2067 33.1367 33.0648 31.8845 31.811 31.189 31.0902 31.0113 29.2613 27.951 23.7012 13.8345 6.8976 6.9022 6.9062 6.6646 6.6622 6.6581 6.6526 6.4024 6.3907 6.3789 6.3675 5.9989 5.9795 5.962 5.9465 5.9328 5.9209 5.9106 5.9018 4.4977 4.4655 4.4373 3.0253 3.0038 2.0284 2.0143 1.3209 0.6696 0.6686 0.6677 0.6668 0.666
38.297 38.3129 38.1301 39.0092 39.0181 39.7025 40.4336 40.4359 40.4395 40.2333 40.247 40.264 40.2846 40.2563 39.5322 39.5121 38.8946 38.8463 38.6158 37.5957 35.8842 34.9799 34.8534 34.7353 33.2421 33.1487 33.0538 31.8769 31.7864 31.1271 31.017 29.2737 27.9487 27.8763 18.6556 10.0977 6.9014 6.9072 6.9123 6.6749 6.6721 6.667 6.4233 6.4098 6.3955 6.3814 6.0199 5.9959 5.9743 5.9551 5.9385 5.9241 5.9119 5.9015 4.5053 4.4678 4.4352 3.0275 3.0028 2.029 2.0129 1.3202 1.313 0.6691 0.668 0.6671 0.6662 0.6654
37.1481 38.297 38.3158 38.1382 39.0098 39.0205 39.7041 40.4292 40.4316 40.4358 40.2351 40.2531 40.276 40.2748 39.5704 39.5531 38.9477 38.89 38.8113 37.8056 35.9443 35.7843 34.8565 34.6997 33.29 33.1591 31.9929 31.8513 31.1935 31.031 30.3107 27.9483 27.8515 27.7827 18.4825 9.994 6.9056 6.913 6.9197 6.6875 6.6843 6.6779 6.4349 6.4178 6.4002 6.3832 6.0179 5.9905 5.9665 5.9457 5.9281 5.9133 5.901 4.5149 4.4708 4.4327 3.0306 3.0018 2.0299 2.0114 1.3195 1.3113 0.6697 0.6685 0.6674 0.6664 0.6655 0.6647
37.1474 37.1496 38.2971 38.3197 38.024 39.0105 39.0234 39.7065 40.4228 40.4252 40.219 40.2372 40.2618 40.2943 40.295 39.6088 39.5791 38.9585 38.8537 38.7243 36.4765 35.8243 34.8631 34.6496 33.3577 33.1617 31.9788 31.7914 31.064 30.2876 27.9522 27.8171 26.2524 24.8808 14.1922 9.8614 6.9102 6.9198 6.9287 6.7035 6.6997 6.6913 6.4483 6.4264 6.4043 6.3836 6.0128 5.9817 5.9553 5.9331 5.9149 5.9 5.32 4.4748 4.4299 3.0348 3.001 2.9721 2.0099 1.3188 1.3094 0.6704 0.669 0.6677 0.6666 0.6656 0.6647 0.6639
37.1466 37.1488 37.1514 38.2975 38.3252 38.0333 39.011 39.027 39.7102 40.4135 40.4153 40.2149 40.2397 40.2752 40.3242 40.3285 39.6675 39.0726 38.9306 38.7331 36.5961 35.9156 34.8783 34.587 33.458 32.2688 31.9037 31.6671 29.6879 27.9662 27.7674 26.231 24.8947 24.7903 13.9834 6.9687 6.9148 6.9278 6.9401 6.7244 6.7199 6.7084 6.4641 6.4352 6.407 6.0443 6.0031 5.9683 5.9397 5.9166 5.8982 5.3197 4.4801 4.4265 3.0406 3.0004 2.5365 2.0085 1.3182 1.3073 0.6712 0.6696 0.6682 0.6669 0.6657 0.6647 0.6638 0.663
37.1454 37.1477 37.1504 37.1536 38.2985 37.5039 38.205 39.0113 39.0317 39.7161 40.3989 40.399 40.207 40.2425 40.2975 40.3785 39.7954 39.7657 39.0895 38.755 37.7854 36.1363 34.9165 34.0596 33.5966 32.226 31.6781 29.7001 28.0038 26.5159 26.1977 25.5174 24.7728 21.5126 13.075 6.9672 6.9191 6.9368 6.9546 6.7527 6.7473 6.5195 6.4823 6.443 6.4068 6.0343 5.9867 5.9485 5.9185 5.8953 5.3185 4.4875 4.4226 3.6992 3.0002 2.5349 2.0072 1.3178 1.305 0.6722 0.6703 0.6687 0.6672 0.6659 0.6647 0.6637 0.6628 0.5521
37.144 37.1462 37.1489 37.1522 37.1563 38.3003 37.3992 38.2119 38.2261 39.0379 39.0725 40.3754 40.3705 40.1906 40.2445 40.3386 40.4924 40.042 39.4795 38.8273 38.2984 36.7088 35.2948 35.0444 33.5082 31.7706 29.7534 28.3978 26.5572 26.1409 25.4587 24.7436 23.5748 20.2599 12.9063 6.9628 6.9218 6.9466 6.9736 6.7928 6.7864 6.5574 6.5023 6.4476 6.0824 6.0142 5.9608 5.9203 5.8904 5.3157 4.4976 4.4179 3.6984 3.0007 2.5335 2.5094 1.3175 1.2314 0.7758 0.6713 0.6693 0.6676 0.666 0.6647 0.6635 0.5528 0.5521 0.4553
36.8811 37.1444 37.147 37.1503 37.1545 37.1598 37.4717 37.4181 38.2203 38.2394 39.0468 39.0955 39.3355 40.3163 39.5632 40.2399 40.4217 40.6769 40.8025 39.1751 38.2575 36.8498 35.3228 34.2478 31.9602 29.4732 28.1956 26.6677 25.7112 25.3332 24.0524 23.5658 23.1123 19.7813 9.766 6.9533 6.9815 6.9552 6.9986 6.8535 6.8467 6.6082 6.5213 6.4434 6.0578 5.9788 5.9217 5.8816 5.3102 5.1163 3.7522 3.6985 3.4924 2.5327 2.5029 1.8151 1.2301 0.776 0.6724 0.6701 0.668 0.6662 0.6647 0.6634 0.5529 0.552 0.4553 0.4544
36.8669 36.8802 37.1446 37.1477 37.1518 37.1573 37.1646 37.482 37.4459 37.5256 38.2578 39.0612 38.6837 39.3361 39.2824 39.518 40.1909 40.3123 41.5587 39.7509 36.1201 35.6799 34.8246 32.4448 29.0573 27.9901 26.507 25.5387 25.0446 24.2226 23.2204 23.0656 22.7055 16.4946 9.4986 6.9362 6.9672 6.9569 7.0296 6.9539 6.9494 6.675 6.5281 6.1326 6.0064 5.9211 5.8654 5.3877 4.5831 3.7708 3.7005 3.483 2.533 2.4953 1.8129 1.2289 0.7763 0.6739 0.6711 0.6686 0.6665 0.6647 0.6631 0.5529 0.5519 0.4553 0.4543 0.4033
35.9327 36.8624 36.8783 37.1445 37.1482 37.1533 37.1607 37.1714 38.0753 37.6312 37.5571 38.2858 38.3525 38.7393 38.802 39.2149 39.1221 39.2746 39.1946 37.4238 36.4655 32.6718 31.8398 30.323 29.2694 26.6028 25.3048 24.445 23.7801 23.215 22.9848 22.2733 21.9254 16.449 9.376 6.8878 6.9365 6.9367 7.0529 7.1376 7.1501 6.7419 6.4893 6.0496 5.9138 5.4156 5.3571 4.5823 3.8005 3.7062 3.0773 2.5354 2.4862 1.8114 1.2282 0.7767 0.7753 0.6724 0.6694 0.6668 0.6646 0.6628 0.5529 0.5517 0.4552 0.4541 0.4032 0.4387
35.9195 35.9375 36.8555 36.8746 37.1436 37.148 37.1547 37.1651 37.182 37.1989 37.5415 37.5994 38.3372 38.0687 38.8818 38.7027 38.881 39.7058 37.2176 35.6342 34.73 32.5663 30.2119 28.5056 25.2481 24.9665 24.9807 23.6463 23.3209 22.5218 22.1846 21.6565 21.6121 16.3926 9.3857 6.6868 6.8651 6.923 6.989 7.4052 7.4686 6.6664 6.1019 5.8826 5.3733 5.2977 4.5792 4.3325 3.719 3.0817 3.0336 1.8892 1.8588 1.2282 0.7774 0.7755 0.674 0.6703 0.6672 0.6646 0.5544 0.5529 0.4566 0.4551 0.4539 0.403 0.4385 0.4269
35.9027 35.9201 35.9424 35.971 36.868 36.9007 37.1464 37.1549 37.1706 37.2014 37.2333 37.5635 37.6461 37.956 38.6491 38.6341 37.4263 36.3478 35.3794 33.1955 31.3712 30.6045 27.26 26.4213 25.2424 24.2364 23.826 22.8373 22.7386 22.0659 21.6028 21.2829 21.2687 16.8065 12.2182 8.9349 6.7145 6.6792 6.7489 6.8116 6.7356 6.1089 5.7644 4.8967 4.7112 4.5686 4.3178 3.3565 3.0955 3.0226 1.8915 1.849 1.2793 0.7785 0.7759 0.739 0.6716 0.6677 0.6645 0.5547 0.5528 0.4568 0.455 0.3661 0.4028 0.4381 0.4268 0.5416
35.8818 35.8974 35.9184 35.9467 35.9847 36.3154 36.3417 37.1415 37.1514 37.1765 37.2336 36.683 37.5385 37.5643 39.0137 38.8463 36.0896 34.2478 33.1402 30.7776 30.5204 27.6039 25.6521 24.9968 24.4248 23.3539 22.855 22.5835 21.9426 21.4817 21.2854 21.2652 21.2059 18.9818 12.9677 9.509 6.7241 6.8814 6.4986 6.2542 5.6702 5.608 5.0274 4.6746 4.4077 3.9884 3.9672 3.2192 3.014 2.3796 1.8366 1.3122 0.7802 0.7766 0.7395 0.6733 0.6683 0.6643 0.5551 0.5527 0.4569 0.4548 0.366 0.3847 0.3495 0.4267 0.4689 0.5435
35.8568 35.8691 35.8867 35.912 35.9485 36.0012 36.3445 36.3893 37.1288 37.1324 37.1627 36.8411 37.5053 36.4249 36.3562 36.6726 35.5205 32.9742 30.3851 29.8384 28.6628 25.4655 24.6266 23.8982 23.0963 22.981 22.0889 22.106 21.5308 21.4148 21.2016 21.1852 21.1719 19.2009 17.9161 11.1593 6.5793 6.626 6.2388 5.4423 5.0401 4.9316 4.4395 4.3128 4.0063 3.9579 3.81 2.9569 2.3662 1.82 1.3041 0.7832 0.7779 0.7403 0.6758 0.6692 0.664 0.5556 0.5526 0.4571 0.4546 0.3658 0.3843 0.3495 0.4266 0.4689 0.5434 0.6034
35.828 35.8353 35.8469 35.8654 35.8949 35.9424 36.0191 36.1409 36.4829 36.8497 37.0263 36.9461 37.8555 36.2086 35.3288 35.1868 34.666 31.4556 28.6291 27.9078 25.6129 24.4249 24.0099 23.2845 23.075 22.2863 21.5853 21.4078 21.4178 21.0393 21.0651 21.1605 21.1533 21.1811 19.0781 17.7119 6.928 6.0343 5.1878 4.9633 4.7285 4.3336 4.2243 4.1138 3.9149 3.7896 3.0661 2.3688 1.7955 1.293 1.2653 0.7803 0.7415 0.7376 0.6705 0.6636 0.5562 0.5523 0.4574 0.4541 0.3654 0.3837 0.3493 0.4264 0.4689 0.6017 0.6034 0.757
34.8231 35.797 35.8 35.8072 35.8223 35.8521 35.911 36.0277 36.2525 36.7109 37.0339 36.2924 35.6343 35.2682 35.4096 31.7918 31.145 28.3963 27.4312 26.2808 24.4013 23.7842 23.2976 22.7254 22.3569 21.6291 21.435 21.1795 21.2204 21.1008 21.1094 21.1181 21.1532 21.1735 21.1881 19.5622 7.3273 5.936 4.853 4.5387 4.2341 4.1808 4.0693 3.834 3.719 3.5786 2.4843 2.1103 1.2734 1.2304 0.7853 0.7434 0.7373 0.6723 0.5644 0.5571 0.5518 0.4576 0.4534 0.3649 0.2953 0.3492 0.4089 0.4689 0.6013 0.6034 0.7566 0.7804
34.7019 34.7468 34.8093 35.7408 35.7341 35.7316 35.7416 35.7891 35.9521 36.4088 37.8214 36.6837 35.3751 33.6526 30.8521 30.6864 28.186 26.5569 25.7839 24.8384 24.1623 23.0307 22.6323 22.294 21.6847 21.5433 21.1426 21.1125 21.1133 21.1118 21.1118 21.1204 21.1255 21.122 21.1702 21.1908 19.0342 9.2123 4.4492 4.3313 4.1206 3.843 3.7425 3.7695 3.5563 3.1675 2.1928 1.2008 0.8635 0.8118 0.7766 0.7362 0.7312 0.5695 0.5585 0.5508 0.4577 0.4522 0.3639 0.2952 0.349 0.409 0.4689 0.6008 0.6033 0.7561 0.797 1.4314
32.7637 32.8178 34.6212 34.6786 34.7621 35.0946 35.5346 35.3931 35.2508 34.9613 35.2171 35.284 34.0781 31.9505 29.5974 29.2024 27.1297 26.1755 25.2467 24.1904 23.5022 22.1861 21.83 21.571 21.1827 21.1949 21.113 21.1026 21.1118 21.1118 21.0861 21.056 21.0613 20.8716 20.8846 21.0425 21.0809 21.0162 5.5593 9.4336 3.8532 3.5644 3.5609 3.4924 3.4356 3.3117 1.4712 0.889 0.8491 0.7781 0.733 0.7259 0.6517 0.5608 0.4813 0.4738 0.367 0.3622 0.295 0.3486 0.3915 0.4689 0.6 0.6032 0.7754 0.7967 1.426 1.4429
32.6125 32.6367 32.6771 32.7435 33.2828 33.3846 33.5308 34.6847 34.0653 33.7091 33.7196 33.6847 31.456 29.2135 28.0914 25.9101 25.3708 24.3094 23.5034 23.2722 22.4879 21.9274 21.6522 21.1968 21.1365 21.1192 21.1206 21.1118 20.9848 20.8651 20.8913 20.8035 20.6862 20.6985 20.7141 20.7754 20.836 19.8748 16.4035 6.6403 7.22 3.2751 2.9781 3.2052 3.161 1.5233 0.8816 0.8508 0.762 0.7251 0.7087 0.6614 0.5662 0.4833 0.4712 0.3821 0.2757 0.2947 0.2956 0.3916 0.4688 0.4716 0.6029 0.774 0.7963 0.8006 1.4397 1.4571
29.8433 29.8665 29.9005 31.0886 31.14 31.8454 32.0123 32.0708 32.3914 32.6962 31.8151 30.2092 29.3197 28.3583 26.9851 25.4233 24.8261 23.4566 22.7494 22.3846 21.525 21.4614 21.1342 21.1152 21.1313 21.1144 21.1122 20.9516 20.6474 20.5311 20.6861 20.7015 20.7321 20.6617 20.6474 20.6551 20.6408 20.5475 19.8156 14.2228 10.6744 2.1025 1.1741 1.2443 1.5076 0.8882 0.8456 0.8304 0.7239 0.6975 0.7017 0.5993 0.4858 0.4638 0.3777 0.2758 0.2941 0.2955 0.3918 0.4687 0.4724 0.6023 0.7719 0.7955 0.8011 1.4353 1.4568 1.4744
28.6397 28.6636 28.696 29.7932 29.8226 30.0479 30.0578 30.7085 30.4649 30.8943 31.79 30.3364 28.1972 27.1134 25.7313 24.5815 23.9886 22.8043 22.4745 21.8292 21.4917 21.0186 20.9734 20.8567 21.0724 21.0621 20.7908 20.6425 20.6614 20.6998 20.7807 20.738 20.7257 20.7552 20.7031 20.6815 20.6547 20.6544 20.7101 19.2471 17.8467 14.7722 2.5566 0.8722 0.8578 0.8769 0.8175 0.744 0.6898 0.6928 0.6667 0.546 0.4378 0.2977 0.2756 0.2928 0.3339 0.3921 0.4686 0.4737 0.6014 0.6429 0.7943 0.8016 1.4294 1.4564 1.972 1.9867
28.6204 28.6419 28.673 28.7194 28.7908 28.7799 29.1868 29.3252 29.069 29.1483 28.5994 27.5386 26.4846 25.3294 24.538 23.7286 22.6748 22.7476 22.1875 21.3123 21.3044 20.9481 20.9343 20.9334 21.0319 20.7639 20.5525 20.559 20.6368 20.6746 20.7386 20.7727 20.7632 20.7838 20.7661 20.7029 20.6709 20.6387 20.704 20.7956 18.992 21.0019 5.6081 3.0525 0.8709 0.8463 0.8309 0.7166 0.6875 0.7605 0.5302 0.363 0.3058 0.2743 0.2889 0.3319 0.4278 0.4332 0.5092 0.5995 0.6425 0.7922 0.8023 1.4209 1.4558 1.9678 1.9862 2.0948
28.2307 28.254 28.2876 28.3387 28.7389 28.8637 29.0199 29.5075 29.2682 28.5692 28.313 25.5155 24.6086 23.6151 23.0643 22.777 22.2625 21.9876 21.3433 21.2774 20.9009 20.8516 21.0323 20.9631 20.8682 20.4361 20.3762 20.3669 20.4883 20.5726 20.6087 20.7619 20.7654 20.748 20.7359 20.7182 20.6806 20.7293 21.2475 21.1701 20.9273 17.4678 4.6624 9.5708 0.8315 0.8216 0.7322 0.6875 0.6686 0.6767 0.4099 0.3197 0.2641 0.2742 0.3107 0.4273 0.4368 0.5091 0.5475 0.6416 0.7883 0.8029 1.4081 1.932 1.9626 1.9864 2.0989 2.1175
28.2006 28.2151 28.2353 28.2655 28.3148 28.4066 28.6147 29.1743 28.9643 27.6784 25.2782 24.7617 23.8712 23.0387 22.6961 22.2827 21.8935 21.5966 21.2106 20.9959 20.9334 20.9103 20.915 20.7325 20.4953 20.2166 20.3235 20.3469 20.3888 20.4928 20.5014 20.491 20.4971 20.6219 20.6745 20.7702 20.6975 20.7128 21.6355 27.1946 21.2396 22.0685 25.4838 8.5758 0.7627 0.7115 0.6875 0.6722 0.53 0.2707 0.2851 0.2497 0.24 0.3042 0.3937 0.4459 0.5082 0.5623 0.6391 0.7808 0.8034 1.8589 1.9137 1.9562 1.9879 2.1063 2.1286 3.1568
28.1672 28.171 28.1746 28.1767 28.1737 28.1535 28.0706 27.7781 27.41 25.6474 24.3651 23.6762 22.555 22.5651 22.3719 21.5059 21.2884 20.9193 20.8837 20.8949 21.0059 20.9083 20.8095 20.4142 20.3664 20.283 20.3131 20.3172 20.44 20.4188 20.4478 20.4502 20.4775 20.4535 20.4828 20.6205 20.6672 20.7107 19.9793 20.409 20.6577 19.8141 19.7406 6.3477 1.6009 0.6875 0.6875 0.5989 0.5151 0.3925 0.3538 0.3973 0.3134 0.4306 0.4847 0.4932 0.5601 0.6271 1.0404 0.8031 1.2818 1.8854 1.9476 2.0792 2.1194 2.1465 3.1546 3.1831
27.7218 27.7207 27.7154 27.7012 27.6683 27.1816 27.1157 26.7142 26.7481 24.4277 23.8023 23.0422 22.2784 21.8273 21.5921 21.1413 20.9655 20.9108 20.9102 20.8488 20.8004 20.2229 20.1123 20.1523 20.2167 20.2867 20.3402 20.3667 20.4244 20.4262 20.4278 20.4472 20.4606 20.3751 20.3661 20.3974 20.6623 20.6719 20.7086 17.7676 18.7513 17.3433 21.3832 18.3019 7.3835 1.0185 0.7585 0.623 0.5476 0.4903 0.4873 0.4794 0.4523 0.4815 0.5077 0.541 0.8211 0.9969 1.2027 1.6268 1.8366 1.9345 2.0892 2.5616 3.1103 3.1571 3.191 3.2158
27.647 27.6271 27.5954 27.0707 27.0217 26.5102 25.9567 25.8205 24.554 23.6683 23.3232 22.3447 21.6788 21.4452 20.9974 20.9011 20.8976 20.9002 20.9012 20.7157 20.4599 20.0915 20.0002 20.1286 20.2735 20.2965 20.3349 20.3612 20.4055 20.3873 20.408 20.4266 20.4246 20.359 20.3653 20.3824 20.5251 20.3306 18.2037 18.6001 15.3932 17.4133 21.2003 22.1978 17.9112 17.7559 2.3235 0.7341 0.5121 0.7582 0.6274 0.7653 0.6751 1.7377 0.6157 0.6936 0.7871 1.3657 1.5391 1.7389 1.9081 2.4846 2.5611 3.1114 3.1701 3.2093 3.236 3.2546
27.0562 26.5357 26.5067 26.457 26.3734 25.1126 25.0081 24.6947 23.5245 22.5226 21.6074 21.3075 21.2865 21.0703 20.8744 20.8885 20.9198 20.8382 20.629 20.1418 20.1117 20.1481 19.8565 20.0626 20.2125 20.2794 20.2857 20.3471 20.4498 20.41 20.3668 20.4117 20.4323 20.4262 19.7965 20.4404 20.4996 20.5926 19.0906 12.7645 14.1978 14.7894 17.3537 19.9098 20.5935 22.1512 15.3458 2.2375 0.7179 2.8212 2.9142 2.6791 2.2991 2.8856 2.6529 2.1146 1.9094 1.1701 1.5162 2.1609 2.4719 3.0114 3.1369 3.207 3.248 3.273 3.2886 3.2984
