normal_rasters/0772100001000779.ascii
ncols 62 
nrows 64 
xllcorner 158313.429993
yllcorner 383930.402008
cellsize 0.25
nodata_value -9999 
[rows 0 to 32 of 64, columns 0 to 61 of 62]
41.2953 42.263 42.2702 42.2785 42.7245 42.7259 42.8842 42.891 42.8992 42.9087 42.9919 42.9926 42.8071 42.7996 42.7902 42.6033 42.3923 42.3601 41.5985 40.8424 40.8202 40.3181 40.2927 40.2675 38.7825 38.7357 38.6857 38.6359 37.352 37.2954 36.7741 36.6983 36.6345 34.283 34.1875 34.1089 32.5993 30.8097 26.2302 26.0742 23.314 23.2012 21.344 20.1586 20.1471 21.179 21.2136 21.2464 21.2771 21.3056 21.3319 21.3559 21.3778 23.8507 23.8919 23.9291 23.9627 26.7805 32.3642 32.4102 32.4518 38.7978
40.5143 41.2993 42.2612 42.2695 42.7222 42.7234 42.725 42.8837 42.8921 42.9021 42.914 42.9957 42.8164 42.809 42.799 42.6124 42.5972 42.375 42.3315 40.8537 40.8268 40.3272 40.2959 40.265 38.8111 38.7526 38.6899 37.4208 37.3455 36.8326 36.7324 36.6486 36.5809 34.192 32.6405 32.5864 30.8091 26.308 26.1225 23.3523 23.217 21.3476 20.1518 20.1377 21.1435 21.1832 21.221 21.2564 21.2892 21.3195 21.3471 21.3721 23.8385 23.8851 23.927 23.9645 26.78 32.3602 32.4109 32.4564 38.7821 38.8434
40.6693 40.5187 41.4193 42.1394 42.2687 42.7206 42.7219 42.7238 42.8832 42.8935 42.9061 42.9212 43.0009 42.8208 42.8106 42.6247 42.6072 42.5854 42.3447 41.5777 40.8369 40.3396 40.3001 40.2616 38.8474 38.772 38.6913 37.4224 37.3297 36.7863 36.6724 36.5817 34.2012 32.6381 32.5702 30.809 30.7023 26.19 23.4075 23.2431 23.1017 20.1452 20.1276 19.1111 21.1461 21.1898 21.231 21.2692 21.3043 21.3363 21.3651 23.824 23.877 23.9244 23.9666 26.7796 32.3563 32.4123 32.4622 38.7636 38.8316 41.7718
40.6573 40.671 40.5245 41.4198 41.428 42.2678 42.7184 42.7199 42.7221 42.8826 42.8956 42.9118 43.0056 43.008 42.8259 42.8111 42.6217 42.5952 42.3652 41.5937 40.8525 40.3571 40.306 40.2567 38.895 38.7943 38.6869 37.4129 37.2984 36.7135 36.5868 34.2186 32.6369 32.5493 32.4841 28.7639 26.2839 23.4868 23.2844 23.1108 21.1909 20.1168 19.1003 21.1002 21.1512 21.1995 21.2443 21.2855 21.3229 21.3564 21.3863 23.8672 23.9213 23.9691 26.7793 32.3524 32.4146 32.4697 38.9038 38.8176 38.8871 41.8401
39.8652 40.657 40.6732 40.532 41.4204 41.4303 42.1477 42.7155 42.717 42.8688 42.8817 42.8986 42.9204 43.0149 42.8458 42.8315 42.6431 42.611 42.5694 41.6201 40.8781 40.8118 40.3144 40.2502 38.9599 38.8186 37.5591 37.3816 36.7885 36.6013 35.43 32.6383 32.5216 32.438 28.7762 28.6965 26.119 23.3486 23.1322 21.1963 20.1057 20.0839 19.0971 21.1028 21.1598 21.2131 21.2619 21.3061 21.3456 21.3806 23.8552 23.9174 23.9721 26.7791 32.3487 32.4182 32.4792 38.8931 38.8006 38.8783 41.8352 45.5925
39.8637 39.8658 40.6569 40.6764 40.6581 41.421 41.4331 42.1494 42.7113 42.7129 42.8637 42.8805 42.9034 42.9338 43.029 42.8599 42.8369 42.6376 42.5817 42.5146 40.922 40.8288 40.3275 40.2429 39.0528 38.8408 37.5448 37.3077 36.6373 35.4047 32.6457 32.4834 32.3726 28.7943 28.6912 26.2315 23.4475 23.1735 21.2218 20.095 20.066 19.0823 19.094 21.1092 21.173 21.2317 21.2847 21.3319 21.3734 23.8404 23.9128 23.9757 26.7793 32.3454 32.4234 32.4913 38.8807 38.7799 38.8675 41.8287 42.7904 45.7565
39.8618 39.8639 39.8665 40.6571 40.681 40.6649 41.4217 41.4368 42.152 42.7052 42.7065 42.8561 42.8788 42.9115 42.9565 43.0526 42.8804 42.6842 42.6083 42.5051 41.3319 40.8646 40.3494 40.2427 39.194 37.9111 37.4586 37.1528 34.9935 32.6662 32.4287 30.4872 28.8217 28.6842 28.5803 23.5988 23.2468 21.2492 21.0863 20.0463 19.0633 19.0775 21.0437 21.121 21.1924 21.2569 21.314 21.364 23.8217 23.9069 23.9802 24.5893 32.3427 32.431 32.5069 38.8662 38.915 38.8538 38.9433 42.7879 45.7561 48.5684
39.8596 39.8617 39.8643 39.8675 40.6576 40.0758 40.7821 41.4225 41.4418 42.1564 42.6958 42.6963 42.8438 42.8761 42.926 42.998 42.9443 42.9123 42.6707 42.4969 41.4265 40.9454 40.3849 39.7986 39.4106 37.8927 37.1872 34.9904 33.6457 31.1406 30.46 29.8221 28.6745 28.5356 24.7562 23.3719 21.3034 21.1018 20.0259 19.0386 19.0559 19.0731 21.052 21.1402 21.2199 21.2904 21.3515 21.4037 23.8995 23.9859 24.6008 32.3411 32.4416 32.5271 38.849 38.9048 38.8367 38.9383 42.7838 45.7551 48.5688 48.4611
39.857 39.859 39.8616 39.8648 39.869 40.6589 40.2069 40.7858 40.8037 41.449 42.164 42.6805 42.6785 42.8225 42.8715 42.9554 43.1342 43.0397 42.8306 42.5137 42.1687 41.1092 40.5023 40.7242 39.5688 37.4053 34.9946 33.4869 31.2001 30.4181 29.7616 28.6582 27.1272 26.5147 23.7412 21.4047 21.127 19.9361 19.9503 19.0266 19.0484 20.9586 21.0691 21.1697 21.2583 21.3346 21.399 23.8899 23.9933 24.6155 32.3412 32.4566 38.9596 38.9992 38.8929 38.8149 38.9314 42.7777 45.753 48.5694 48.4621 48.4597
39.5512 39.8557 39.8581 39.8614 39.8656 39.8711 40.0476 40.2198 40.7899 40.8139 41.4601 41.9037 42.2481 42.6445 42.3314 42.8626 43.0217 43.3054 43.2949 42.7222 41.9381 41.3035 40.2377 39.9135 38.4821 34.5228 33.1611 31.3803 30.2606 29.635 29.5432 27.1245 26.4825 25.4353 21.5873 21.197 19.9432 19.9081 18.9862 19.0137 19.0415 20.97 21.0993 21.2135 21.3111 21.3925 23.8773 24.0029 24.6346 32.3439 32.4775 38.9386 38.9851 38.8786 38.7871 38.9217 42.7688 45.7495 48.57 48.5686 48.4606 48.4581
39.5407 39.5498 39.854 39.8569 39.8611 39.8667 39.8742 40.0579 40.2389 40.7941 40.8283 41.4788 41.5129 42.2305 42.1976 42.3001 42.8421 43.1472 43.5296 43.527 41.914 40.7044 39.8189 37.4314 34.0453 32.9265 31.4777 30.0983 29.3488 28.2035 27.1123 26.4193 25.4054 22.7922 21.354 20.9141 19.8057 18.9292 18.9632 19.0004 19.0363 20.9975 21.1487 21.2772 21.3829 23.8604 24.5528 24.6599 32.3508 32.5069 38.9137 38.9689 38.8613 38.9385 38.9083 42.7561 45.7908 48.5709 48.5692 48.4616 48.4588 48.3511
38.7847 39.5366 39.5474 39.8515 39.8552 39.8607 39.8685 39.8794 40.7674 40.2501 40.2851 40.8507 41.2367 41.5562 42.1773 42.1006 42.0705 42.7034 42.8498 42.4084 41.3773 38.2227 37.0063 34.6731 33.1648 31.8368 30.3495 29.0642 27.6876 26.6645 26.3032 25.1298 24.0269 21.6635 21.0289 19.8174 19.2158 18.8868 18.9366 18.9884 20.8449 21.0511 21.2263 21.3683 21.8211 24.5618 24.6946 32.3641 32.5484 38.8837 38.9502 39.0063 38.9316 38.8898 39.8857 42.9689 48.5719 48.5699 48.4629 48.4597 48.4567 48.3507
38.773 38.7873 39.5305 39.5435 39.8477 39.8524 39.86 39.8715 39.8885 40.0862 40.2622 40.3164 40.8939 41.0256 41.8957 41.7381 41.7603 42.1968 41.6108 41.0015 39.949 37.0019 35.7671 33.4736 31.4336 29.9182 29.673 27.3137 26.8114 25.5153 25.03 23.817 23.5644 20.8901 19.5499 19.5565 18.7704 18.8306 18.9079 18.9815 20.8973 21.146 21.3452 21.8363 24.5755 24.7435 30.2324 33.7033 38.8467 38.9283 38.996 38.9234 35.931 39.8739 42.9596 48.5731 48.5708 48.5687 48.4608 48.4574 48.3514 48.3501
38.7584 38.772 38.7896 38.8123 39.5371 39.8417 39.848 39.8589 39.8771 39.9062 40.1006 40.2678 40.3577 40.6337 41.4224 41.8034 41.2738 41.0041 40.0981 39.1613 35.658 35.0185 32.6796 32.0505 31.0628 28.554 27.5637 25.9145 25.5361 24.8342 24.1778 23.1555 22.8272 19.9691 19.2512 18.9316 18.6462 18.7563 18.8838 20.6426 21.0122 21.3063 21.8609 24.5972 24.8153 30.2823 33.695 38.8 38.9027 38.9858 38.9139 35.9404 39.8555 42.9438 46.2173 48.572 48.5695 48.4622 48.4582 48.3523 48.3508 48.3494
38.7406 38.7525 38.7687 38.7908 38.8207 39.2785 39.5562 39.8401 39.8568 39.8878 39.9449 39.6202 40.2261 40.3446 41.6608 41.7252 40.5884 39.709 38.481 35.4149 35.232 33.4697 31.5998 30.1443 28.8964 26.6378 25.9887 25.4558 24.5373 23.836 23.7984 22.9462 22.0285 19.6912 18.2773 18.3754 18.429 18.6687 18.886 20.7762 21.2366 22.0878 24.6342 24.9254 32.3934 34.667 38.7396 38.8724 38.9765 38.9025 39.9034 39.8271 40.4698 46.2148 48.5735 48.5706 48.464 48.4593 48.3534 48.3516 48.35 48.3486
38.7194 38.7285 38.7417 38.7609 38.7889 38.8297 39.2841 39.318 39.8256 39.8514 39.9128 39.6001 39.9788 39.7911 39.2687 39.565 39.0127 38.379 35.5878 34.3196 33.6304 31.5642 30.3455 29.0034 26.7352 26.3878 25.1835 24.8309 23.6338 23.3244 22.8296 21.4986 20.5805 18.9514 18.1686 17.8572 18.0133 18.638 19.5153 21.1051 22.1483 24.7026 26.3133 32.3061 34.6133 38.6583 38.8365 38.9703 39.0704 39.8933 37.2721 40.4547 46.2083 48.5756 48.5719 48.5688 48.4608 48.3548 48.3526 48.3507 48.349 48.3475
38.6953 38.7001 38.7082 38.7215 38.7433 38.7788 38.8367 38.9293 39.3538 39.5547 39.8157 39.7836 40.3054 39.1461 38.729 38.0964 37.875 36.8975 34.3478 33.4854 31.4067 30.194 29.0481 26.7323 26.3534 25.7688 24.4639 23.3539 22.7482 22.7092 21.4409 20.6545 20.0077 18.6522 18.4639 17.5217 17.8952 18.9601 19.8489 22.2606 23.2294 26.395 28.5864 34.5243 38.5441 38.7946 38.9718 39.945 39.8783 37.287 40.4264 46.1953 46.2747 48.5738 48.5699 48.4627 48.3698 48.3539 48.3516 48.3496 48.3478 48.3464
37.8418 38.6682 38.6692 38.6732 38.683 38.7036 38.7454 38.8282 38.9861 39.4381 39.7256 39.3146 39.067 38.4455 38.5538 36.0373 35.4282 33.8127 32.7067 31.7163 29.7681 28.4713 27.046 25.8849 25.6833 24.1902 23.5003 22.8003 22.456 21.8119 19.8011 19.6703 18.7367 17.9371 18.3588 19.3335 19.9054 20.4205 23.3517 24.9433 27.2059 28.2331 33.4462 34.7896 38.748 38.9916 39.9362 39.8552 40.4622 40.3767 43.3727 46.275 48.5764 48.5715 48.4654 48.372 48.3556 48.3527 48.3503 48.3482 48.3464 48.345
37.739 37.7774 37.8305 38.6187 38.6109 38.6057 38.6089 38.6373 38.7338 38.9068 40.4454 39.3789 38.2289 37.1603 35.0882 34.5768 32.9186 31.9088 31.179 29.2191 28.6733 27.2336 25.9478 25.3405 24.7004 24.037 22.6317 21.838 20.911 20.0748 19.6764 18.4569 17.7016 17.5641 18.3477 18.4747 20.8823 21.6715 24.1855 26.6703 28.3821 33.1463 34.7393 38.7069 39.0544 39.9324 39.8172 37.2797 40.3631 43.3427 46.2682 48.58 48.5738 48.5685 48.3751 48.3578 48.3542 48.3511 48.3486 48.3465 48.3447 48.3433
35.9365 35.9857 37.6718 37.7216 37.7934 38.4976 38.4446 38.3673 38.0782 38.0158 38.1855 36.7218 36.0763 34.7685 33.2963 33.1963 31.8091 31.0265 30.0898 27.8441 26.9463 25.3616 24.8694 24.4417 23.845 23.1461 22.244 21.5059 20.5174 19.1301 18.4013 17.6035 17.5701 16.9841 17.5934 19.1624 20.8338 22.5198 26.9576 28.8113 32.4092 34.6598 38.7089 39.4813 39.8029 39.7277 40.2406 40.3876 43.2818 46.2478 46.3937 48.5771 48.5702 48.3793 48.3609 48.3562 48.3523 48.3491 48.3465 48.3444 48.3428 48.3415
35.8081 35.8323 35.8716 35.9347 36.0012 36.1055 37.4205 37.3803 36.7956 36.7919 36.6997 35.5746 34.3527 32.9096 32.0977 30.2282 29.4668 28.129 26.9521 26.4925 25.8825 25.065 24.4736 23.259 23.4364 21.959 20.9995 20.5026 19.4524 17.7586 17.2292 16.6505 16.3792 16.5798 17.2766 19.4297 21.3793 24.3823 27.3603 29.7067 33.7044 38.8571 39.4658 39.8277 39.6795 40.1807 40.4231 43.0333 43.5664 48.4049 48.5821 48.573 48.3855 48.3776 48.359 48.3538 48.3497 48.3465 48.3439 48.342 48.3663 48.5189
33.3331 33.3546 33.3857 34.5192 34.572 34.8058 34.9423 34.8825 35.0356 35.5113 34.6047 34.2784 32.9025 31.8658 30.9445 29.3783 28.6478 27.2921 26.2829 25.7721 24.619 24.1271 23.603 22.8283 22.2062 21.0044 20.6792 19.3037 17.5104 16.9608 15.7318 15.8739 15.3565 15.9533 17.2271 18.4509 20.3504 24.9052 27.9083 29.3618 36.5739 39.7989 42.2607 39.5998 40.023 42.9187 42.9597 43.55 48.4064 48.4136 48.5774 48.3948 48.384 48.3632 48.356 48.3505 48.3463 48.3432 48.3409 48.366 48.5191 48.5233
32.2253 32.2485 32.2796 33.2971 33.3251 33.2073 33.568 33.5821 32.5564 32.7575 32.6702 32.9241 31.2838 30.9094 29.3413 28.2158 27.5331 25.9016 25.4974 24.7985 23.9568 23.3016 22.8312 22.0181 20.8292 20.6126 18.9681 17.1684 16.0078 15.203 14.533 13.9134 14.6091 15.4099 16.1872 18.4828 21.2782 24.7954 28.683 32.5698 35.5717 37.7093 39.5097 37.0666 42.6879 43.0717 43.4097 46.233 48.4163 48.5849 48.2598 48.3943 48.3697 48.3593 48.3516 48.346 48.342 48.3392 48.3656 48.5194 48.5245 48.7557
32.2097 32.2315 32.2626 32.3082 32.3771 32.3902 32.5198 32.4972 32.0999 31.4217 31.3422 30.2262 29.523 28.7304 28.1225 27.1856 25.4795 25.4663 24.8491 23.399 23.4517 22.8452 22.1369 21.4063 20.2723 18.873 17.024 16.5265 14.8872 13.8729 13.6772 13.1895 13.3071 14.8931 16.3622 17.7929 21.9072 23.6792 26.7996 30.6283 33.5681 33.5648 38.5569 41.4893 43.3794 45.9653 46.0365 48.3186 48.5352 48.2813 48.4123 48.175 48.3647 48.3531 48.3453 48.34 48.3367 48.365 48.52 48.5263 48.7573 49.1551
31.9031 31.9264 31.9597 32.2708 32.3387 32.4639 32.6363 33.0761 32.5873 31.5309 30.6986 28.6615 27.9793 27.094 26.2658 25.862 24.8946 24.6238 23.5695 23.2997 22.7153 22.1616 21.2584 20.2596 19.5778 17.0282 16.1104 14.2992 12.5701 12.7887 12.1559 12.1371 13.0289 13.9419 16.5364 19.5959 20.4239 23.6403 26.4414 29.5719 31.1878 36.4973 43.9357 42.6709 46.931 47.9132 48.2911 48.5297 48.2643 48.3085 48.2115 48.3744 48.3554 48.3436 48.3366 48.3582 48.5102 48.521 48.529 48.7598 49.1561 49.1617
31.8749 31.89 31.9111 31.9427 31.9947 32.092 32.3135 32.9225 32.6011 31.1505 28.8988 28.0562 27.3505 26.2797 25.631 24.9713 24.2707 24.2011 23.4876 22.1697 21.7539 21.2387 19.8301 18.5657 17.5916 16.2598 15.0593 12.9241 11.9056 11.6851 11.2964 11.2206 12.4245 14.4122 16.3097 19.2488 20.7719 24.9633 26.7248 28.6533 31.1961 33.2308 40.4969 46.4178 47.919 47.8181 48.2613 48.2899 48.3784 48.2829 48.2281 48.3589 48.3397 48.3301 48.3545 48.5083 48.5231 48.7522 49.1485 49.1578 49.4792 49.484
31.8432 31.8481 31.8532 31.858 31.8599 31.8496 31.7907 31.5664 31.3441 29.2331 27.7455 27.1828 26.4143 25.8924 25.187 23.9515 23.5807 23.0535 22.5044 21.663 20.9592 19.8268 19.2068 17.9437 15.8275 14.4954 12.4634 11.5983 10.7133 9.6234 9.9784 11.1087 13.0571 14.9697 17.4858 19.1025 23.9227 25.251 27.1272 30.1811 31.0034 31.6561 41.6189 46.9768 47.1398 48.2407 47.7858 48.339 48.3941 48.3153 48.3645 48.3293 48.3166 48.3481 48.5057 48.5271 48.7551 49.1485 49.1606 49.4801 49.486 49.4903
31.3543 31.356 31.3544 31.3456 31.3205 30.8978 30.8316 30.7275 30.4147 27.7068 26.7797 26.0473 25.6522 24.6204 24.1292 23.265 22.629 22.4746 21.2947 20.3208 20.0369 18.049 17.4785 16.6322 14.7822 14.0079 11.0223 10.2417 9.6283 8.5687 9.2331 12.2395 13.5946 16.1322 19.4963 20.1292 24.1223 26.0943 28.3974 30.3506 31.4447 31.685 42.2096 46.704 46.466 47.8033 47.5461 48.408 48.4261 48.2321 48.2966 48.2843 48.3352 48.5022 48.5356 48.7612 49.149 49.1654 49.4817 49.4892 49.4498 49.4519
31.279 31.2613 31.2327 30.7738 30.7246 30.1222 29.5863 29.4516 28.0741 26.9329 26.2981 25.4097 24.704 24.0188 22.8189 22.4024 21.87 21.1637 20.1552 19.8125 18.6676 17.3571 16.5978 14.5501 13.9173 11.1645 9.8011 7.8442 7.3371 7.8547 10.6088 11.9893 14.4117 19.7662 20.4702 22.7343 26.1266 28.0893 29.9539 31.2444 32.0776 31.6098 43.6208 46.4994 46.2713 46.5743 46.9663 47.2895 48.0753 48.1052 48.0451 48.1263 48.4973 48.5049 48.7748 49.1511 49.2368 49.4849 49.4503 49.4543 49.4566 49.4578
30.7559 30.1225 30.0947 30.0457 29.9612 28.5528 28.4447 28.1042 26.6021 25.2709 23.5539 23.4045 23.8 22.8599 22.3889 21.8849 21.0443 20.1729 19.2389 17.8949 16.8555 16.5496 14.5905 12.8385 12.4626 9.0754 7.8665 6.3606 6.3514 8.1538 10.8892 13.0515 18.4874 21.2807 23.9437 26.5285 28.5676 30.1136 30.6619 30.9842 31.4232 31.587 40.2862 46.5167 46.4599 46.6437 46.696 46.7007 46.8222 47.8723 48.0925 48.3433 48.544 48.7936 49.1575 49.2406 49.447 49.4565 49.4614 49.4637 49.4645 49.4644
30.0532 30.0215 29.9733 28.3748 28.3289 28.2267 26.563 26.2498 24.8699 23.7675 23.0902 22.2442 22.391 22.4467 21.9833 20.4178 20.2699 19.4727 18.0435 16.9132 15.424 14.6103 12.2862 11.7345 8.8931 7.3853 6.0601 5.3396 6.7272 10.5235 12.9017 17.5879 20.7728 26.7468 34.3552 31.3318 30.0194 30.9422 30.9556 31.5829 30.9217 31.3758 37.2974 46.5518 46.5998 46.4877 46.6281 46.5714 46.6733 47.11 48.3221 48.5945 48.8293 49.2121 49.2486 49.4537 49.468 49.4738 49.4752 49.4747 49.4733 49.4715
29.98 28.2945 28.2681 28.2206 26.4959 26.3899 25.7274 24.0839 23.865 22.9628 22.7654 21.6996 21.3548 21.3587 20.5316 20.2526 18.9039 17.6421 16.2844 15.663 14.2126 11.8784 10.8498 9.0871 6.6286 6.0128 2.2225 3.1763 6.6403 11.8357 15.0752 21.1341 24.186 32.5245 29.6027 31.5336 34.2384 33.7034 31.8336 31.7505 31.7263 31.7139 40.8395 40.9757 44.959 45.4721 44.3274 46.4598 46.3219 45.8809 48.1008 49.0305 48.972 49.2678 49.4706 49.4935 49.4976 49.4952 49.491 49.4865 49.2387 49.224
28.2337 28.2064 28.164 26.3937 25.8413 25.6966 24.0239 23.9124 22.8549 22.788 22.0312 21.3584 21.2356 21.0322 19.6829 19.0844 17.2411 15.9742 14.9666 13.4007 12.5659 10.6407 9.4743 7.6665 5.6336 3.0367 2.4247 6.211 12.4656 14.1069 20.4321 22.053 27.1637 34.325 32.2068 46.4843 44.2185 41.1481 41.1878 38.1527 35.0999 39.8199 39.6867 39.9071 39.0987 38.6047 38.4908 40.1914 45.8495 46.561 47.2196 48.4916 49.2884 49.5321 49.5643 49.5507 49.5329 49.3056 49.2683 49.2424 49.224 48.9456
