normal_rasters/0772100001002375.ascii
ncols 66 
nrows 66 
xllcorner 158322.667999
yllcorner 383891.151001
cellsize 0.25
nodata_value -9999 
[rows 0 to 30 of 66, columns 0 to 65 of 66]
21.594 24.2634 24.2744 24.9271 28.6238 27.8105 27.8282 28.325 28.3298 28.3351 33.5841 34.0447 31.6692 31.6575 31.6442 28.3146 29.6683 29.6491 29.6274 23.1873 21.0654 20.9635 20.2321 20.2115 23.3049 23.5722 23.5519 25.5628 25.5749 23.2304 23.2864 23.3561 28.6636 22.937 22.9598 22.9769 22.9848 22.9807 22.9635 22.9347 22.8981 22.8581 22.8187 22.7824 22.1489 22.0697 21.0336 20.9085 20.8094 20.7324 18.2788 18.2339 11.7768 10.5742 9.9613 9.9282 8.5619 8.046 4.9899 4.9529 4.704 2.8433 2.8346 2.5138 2.5053 2.5366
21.3116 21.5948 24.2627 24.2748 24.9276 27.7919 27.8094 27.829 28.3267 28.3322 28.3381 33.5842 34.0463 31.6731 31.6599 31.6446 28.3189 29.6675 29.6452 29.6197 23.1927 21.0708 20.9643 20.2298 20.2045 23.427 23.5694 23.5467 25.5554 25.5708 23.2341 23.3084 28.6594 28.4318 22.9985 23.0253 23.0402 23.0377 23.0153 22.9756 22.9252 22.872 22.8218 22.1999 22.0919 21.0605 20.8976 20.7721 20.6776 18.2276 18.1765 12.7394 10.5791 9.9617 9.9228 8.5574 8.0345 5.2617 4.9491 4.913 3.3657 2.8374 2.5162 2.5067 2.4982 2.5288
19.2985 21.3122 21.5956 24.2619 24.2752 24.9281 27.7887 27.8081 27.8299 28.3286 28.3348 28.3416 33.5843 34.0482 31.6776 31.6625 31.645 28.3241 29.6664 29.64 29.6097 23.1996 21.0775 20.965 20.2261 20.1945 23.4216 23.5678 23.5405 25.5457 25.566 23.2395 23.3427 28.6548 23.0426 23.0853 23.1134 23.1153 23.0849 23.0269 22.9546 22.882 22.8181 22.1279 22.0098 20.8858 20.7219 18.241 18.1581 12.9982 12.7275 10.3189 9.9624 9.9161 8.089 8.02 5.2623 4.9442 4.9034 3.3679 2.8407 2.519 2.5081 2.4985 2.5283 2.714
19.2935 19.3014 21.3128 21.5965 24.2608 24.2755 24.9286 27.7849 27.8064 27.8307 28.3308 28.3379 28.3456 33.5844 34.0505 31.683 31.6657 31.6453 28.3304 29.6646 29.6331 29.5965 23.2086 21.0862 20.9655 20.2204 20.1796 23.4157 23.5687 23.5333 26.4472 25.5602 23.2477 23.4004 28.8392 23.1593 23.213 23.2267 23.1833 23.0919 22.9827 22.8822 22.1906 22.0153 20.8736 20.6512 18.1602 18.0604 12.9832 11.8496 10.3314 9.9635 9.9075 8.0822 6.4831 5.2626 4.9376 3.3802 3.3706 2.8446 2.8327 2.5098 2.4989 2.5276 2.5185 1.9671
23.921 19.2958 19.3046 21.3135 21.5975 24.2595 24.2758 24.929 27.7802 27.8041 27.8315 28.3333 28.3414 28.3504 33.5846 34.0531 31.6894 31.6694 28.3445 28.3382 29.6621 29.6236 29.5786 23.2207 21.0142 20.9656 19.1667 20.1571 23.3417 23.5749 23.5248 26.4222 25.5536 23.2616 28.6381 23.246 23.3525 23.3992 23.3324 23.1727 22.9984 22.8599 22.028 20.8627 20.5458 18.0379 13.1015 12.9614 11.8443 10.0491 9.9654 9.4814 7.4536 6.4804 5.7113 4.9288 3.3853 3.3739 2.8493 2.8353 2.5116 2.499 2.5266 2.5163 1.9667 2.0615
23.9166 23.9208 19.2986 24.6083 20.3451 21.5986 24.2579 24.276 24.9294 24.0781 27.8013 27.8322 28.3362 28.3456 28.3561 33.5848 34.0562 31.6974 31.6739 28.3555 28.3481 29.6582 29.6104 29.5539 23.9751 21.0274 19.7565 19.1622 20.121 23.3288 23.5931 29.3503 26.3832 25.5469 23.2884 28.798 23.5462 23.6978 23.5834 23.2571 22.9686 22.0593 21.7532 18.1079 13.1106 13.0719 11.8551 11.8358 11.2638 9.9684 9.4661 8.7448 6.4762 5.7004 4.9168 3.3919 3.378 3.3662 2.8385 2.5135 2.4991 2.5251 2.5135 1.9662 2.0612 3.4826
23.9117 23.9159 23.9207 19.3018 24.6045 20.3475 21.5997 24.2557 24.2761 24.8962 24.0806 27.7975 27.8328 28.3396 28.3506 28.363 33.5851 34.06 31.7074 31.6795 28.3696 28.3608 29.6523 29.5914 29.0537 23.9843 21.0459 19.7699 19.1515 20.0601 23.3119 23.6397 29.2744 26.3143 26.4458 28.5988 23.7615 24.307 24.0785 23.2445 22.1472 21.5544 17.8721 13.0753 12.2202 11.8458 11.2793 11.2541 9.9736 8.7957 8.7296 6.4697 5.6845 3.8992 3.4005 3.3833 3.3688 2.8424 2.5157 2.4988 2.5231 1.9675 1.9656 2.0607 2.7626 3.4924
22.427 23.9106 23.9153 23.9207 19.3056 24.6 20.3504 21.601 24.253 24.276 24.8957 24.0833 27.7925 27.8332 28.3435 28.3566 28.3715 33.5855 34.0647 31.7201 31.6865 28.3886 28.3778 29.643 29.5629 29.0482 27.5598 21.0732 19.7885 19.1276 21.9376 23.2866 23.6245 29.144 26.1642 26.4777 28.6163 25.5259 25.0211 22.6106 20.9986 13.1961 13.0063 12.1983 11.8252 11.2668 11.2357 8.9138 8.7971 8.0188 6.4596 6.0703 3.9136 3.8845 3.3903 3.3722 2.847 2.5181 2.498 2.5202 1.9669 1.9647 2.0601 2.7611 3.4919 3.5034
19.9757 22.425 23.9094 23.9147 23.9208 24.6103 24.5947 20.3538 21.6025 24.2495 24.2757 24.8947 24.0864 27.7859 27.8332 28.3482 28.364 28.3823 33.586 34.0706 31.7368 31.6956 28.4147 28.4012 29.6278 29.518 29.0453 27.569 21.117 19.8161 19.0715 21.6951 23.1911 23.9671 28.8883 25.656 26.5179 24.2676 17.5651 14.3224 13.2558 12.3005 12.1393 11.7726 11.2353 11.1998 8.9678 8.8014 7.2946 7.2213 5.1959 4.7639 3.8964 3.3998 3.3766 2.8528 2.5207 2.4965 2.4771 1.9661 1.9635 2.0593 2.7591 3.4912 3.5046 4.5367
19.9794 19.9753 22.4226 23.9081 23.9142 23.9212 24.6061 24.5882 20.3578 21.604 24.2449 24.275 24.8931 24.0899 27.7771 27.8327 28.3538 28.3733 28.3962 32.926 34.0781 31.7594 31.708 28.4527 32.7133 32.6376 29.443 29.0503 26.9673 20.2895 19.8597 18.9258 21.1398 22.9212 25.5394 26.8583 22.831 27.8031 13.7344 13.373 12.607 11.8883 11.6079 11.1558 10.1938 9.5251 8.8121 7.2564 6.3103 5.2028 4.7677 3.9145 3.4131 3.3824 2.8529 2.5234 2.4939 2.4708 1.7347 1.962 2.0583 2.7564 3.4901 3.5372 3.7294 4.5464
19.8873 19.9795 19.9749 27.8426 23.9068 23.9138 23.9219 24.601 24.5803 20.3626 21.6058 24.2389 24.2737 24.0768 24.0939 24.114 27.8312 28.3606 28.3854 28.4148 32.9186 34.0878 31.7912 31.7258 28.511 32.6707 32.554 28.9311 27.5928 27.317 20.507 19.9315 18.4893 20.0643 24.8488 39.7225 19.4217 13.9036 13.1305 12.5861 11.5894 10.944 10.6767 10.1976 9.5094 8.13 7.1882 6.2938 5.2177 4.7762 3.9433 3.4329 3.3906 2.8606 2.8297 2.4893 1.742 1.7338 1.9598 2.0568 2.0672 3.4885 3.538 3.731 4.5456 4.5576
19.8887 19.9842 19.9795 19.9743 27.8371 23.9054 23.9136 23.9229 24.5947 24.5705 20.3686 21.6077 24.2308 24.2715 24.0778 24.0984 24.1232 28.0861 28.0555 28.4015 28.4407 32.9057 33.0379 31.8382 31.7537 28.6085 32.6014 32.4014 28.8943 27.6752 27.1761 21.4936 19.8431 18.9116 16.2777 34.4123 14.1724 12.3055 12.1311 12.118 11.1506 10.4785 10.0072 9.404 7.7616 6.3733 6.2728 5.6922 4.7955 4.1951 3.464 3.4026 3.3582 2.8294 2.4814 1.7426 1.7322 1.9567 2.0547 2.0676 3.4861 3.5388 3.7328 4.5445 4.5587 4.5706
19.8902 19.8897 19.9848 19.9796 19.9735 23.8957 23.9039 23.9136 24.612 24.5869 24.5582 20.376 21.6099 24.2198 24.8675 24.0783 24.1035 24.1347 28.0723 28.0564 28.4238 28.4786 32.8835 33.0387 32.2093 28.2975 28.4301 32.4725 32.07 28.8742 27.7071 23.171 25.5799 18.5756 20.2661 15.706 12.5047 11.7365 11.4408 11.2067 10.5081 9.9873 8.6748 7.721 6.4732 6.259 5.6652 4.8407 4.6863 3.5171 3.4209 3.3559 2.8174 2.4678 1.7429 1.7296 1.5857 2.0517 2.068 3.514 3.5394 3.7348 4.5431 4.5599 4.5739 5.9034
19.8818 19.8914 19.8909 19.9856 19.9795 25.5627 23.8928 23.9025 23.9139 24.6069 24.5769 24.5424 20.3854 21.6123 24.2045 24.8558 29.1847 24.1094 24.1497 28.0493 28.0537 28.4565 28.538 32.8435 31.2494 32.2278 28.5133 28.7907 32.1708 31.1274 30.8005 27.9856 23.5833 30.68 17.9548 13.1039 11.8761 11.2413 10.4846 10.1862 9.3642 8.4955 7.7794 6.9146 6.007 5.628 5.2907 4.5866 4.1887 3.4509 3.3488 2.8044 2.0271 1.7426 1.725 1.5844 2.0472 2.2244 2.7676 3.7191 3.7371 4.541 4.5615 4.5782 5.6464 5.9253
24.2519 19.8837 19.8929 19.8923 19.9866 19.9795 25.5575 23.8896 23.9012 23.9149 24.6002 24.5639 24.5217 25.9974 21.6148 24.1827 24.8378 29.1517 24.1158 24.17 24.3852 28.0425 28.5076 28.6401 28.1622 31.2052 32.2002 29.0418 29.4183 28.3507 27.8608 37.2644 25.728 22.9109 17.8779 13.0102 11.2232 10.6318 9.7295 9.3343 8.7164 7.698 6.6708 6.2938 5.7618 5.2963 4.7975 4.2662 3.4989 3.3281 2.7748 2.0314 1.7406 1.7167 1.5822 1.592 2.2225 2.763 3.7162 3.7396 4.538 4.5634 4.5837 5.6424 5.9221 6.8055
19.5494 24.2481 19.6078 19.8947 19.8941 19.9876 19.9793 25.5513 23.8859 23.9 23.9169 24.5914 24.5467 24.494 25.996 27.3053 27.272 24.8095 29.1064 24.1223 24.1987 24.4265 28.0112 28.2922 28.8419 28.4134 30.9538 31.0568 30.9234 35.9331 26.5521 40.7295 23.4987 15.894 15.2026 13.3564 11.6373 9.8498 9.3927 8.0641 7.4581 7.0585 6.3769 5.9222 5.482 5.0821 4.5862 3.8176 3.269 2.7111 2.0379 1.7338 1.7006 1.578 1.5926 2.2192 2.2448 3.7107 3.7423 3.9345 4.5659 4.5909 5.6374 5.9179 6.8016 9.8761
19.4402 19.5509 19.53 19.6099 19.8969 19.8963 19.989 19.979 25.5441 23.8818 23.8992 23.9203 24.5795 24.523 25.6407 26.0006 27.3024 27.2627 29.0246 29.0406 29.0788 24.2422 24.4927 27.9277 28.3937 28.7546 27.7764 29.6989 27.9682 25.1427 28.075 19.6115 17.9575 15.9808 14.3804 12.9724 11.1065 10.0632 8.5766 7.8988 7.1946 6.6825 6.0243 5.4717 4.8974 4.3312 3.6097 3.0284 2.5673 2.0425 1.9369 1.6669 1.5695 1.8018 2.213 2.2504 3.7001 3.745 3.9419 4.5691 5.005 5.6308 5.6639 6.7967 9.8655 10.5553
24.3995 19.4421 19.5527 19.5284 19.6126 19.8997 19.8991 19.9906 19.9785 25.5352 23.8771 23.8992 23.9263 24.5629 24.4894 25.6387 26.017 27.3095 27.2622 28.9206 28.9373 28.9937 24.3142 24.6151 28.7135 31.7906 30.3604 33.4115 23.0904 24.5685 23.9714 17.8448 15.9729 14.8688 12.8682 12.2302 10.584 8.5595 7.9435 7.568 6.7491 6.2499 5.511 4.8005 4.6513 3.9976 3.0642 2.7373 1.9501 1.8205 1.5934 1.5492 1.7362 2.2003 2.2595 3.679 3.7467 3.9521 4.5734 5.0049 5.6218 5.6641 6.7901 6.8306 10.5588 10.6456
23.5734 24.389 19.4443 19.5548 19.5262 19.6161 19.9032 19.9027 19.9926 19.9776 25.5243 23.8719 23.9006 23.9364 24.5385 24.4396 25.6484 26.0577 30.9091 27.2854 26.5288 28.7552 28.8465 29.2935 24.908 28.7717 30.577 30.2671 22.7009 19.7699 18.7031 16.8281 14.8499 13.9992 12.5583 10.1795 8.4046 8.085 7.2757 6.7989 6.7848 5.9521 5.3166 4.4436 3.7657 3.3031 2.7042 2.105 1.5177 1.3392 1.4919 1.7178 2.1723 2.2753 3.6338 3.7452 3.9671 4.7279 5.0045 5.0295 5.665 6.781 6.8334 10.5629 10.6712 10.7542
23.8295 23.5681 19.4467 19.447 19.5576 19.5233 19.6208 19.9079 19.9075 19.9953 19.9762 25.5105 23.8663 23.9051 24.6084 24.5008 24.3619 25.6822 26.151 30.9246 26.3204 26.2574 26.4548 28.5625 28.7392 28.2924 22.9259 23.4922 20.5828 18.1253 16.9434 15.6843 14.5224 12.2098 11.3441 9.8112 8.5463 7.6862 6.8227 6.3904 6.0366 4.9671 4.5222 3.8185 3.3197 2.7516 2.0025 1.5003 1.2405 1.2973 1.6315 2.1151 2.3041 2.7003 3.8926 3.9901 4.7164 5.0033 5.0392 5.6671 6.7682 6.8381 10.5676 10.7062 11.7235 11.7695
23.854 23.8326 23.5607 19.45 19.4503 19.561 19.5193 19.6272 19.9143 19.9142 19.9988 19.9736 25.4922 23.8607 23.9154 24.5945 24.4387 24.2329 29.9969 30.8771 31.1261 29.6662 25.5236 25.6433 27.6723 26.3153 30.6312 21.5168 18.3275 16.544 15.8939 14.5866 13.4069 12.6402 9.8298 8.4896 7.8625 7.2049 6.7895 6.1839 5.4666 4.601 4.1205 3.4068 2.6666 2.2983 1.8413 1.1868 1.1522 1.4746 2.0058 2.4981 2.7563 3.8275 4.025 4.4284 5.0007 5.0552 5.6715 6.7491 6.8465 10.5726 10.7558 11.7571 11.8151 11.8533
25.1794 23.8616 23.6145 23.5502 19.454 19.4544 19.5654 19.5136 19.6361 19.9233 19.9239 20.0037 19.969 25.4671 23.8569 23.9386 24.5688 24.3272 24.8133 29.7525 31.0996 32.1346 29.2919 22.3513 20.5861 29.0732 19.3599 17.2731 16.5486 15.8399 14.4129 13.4382 12.436 10.7993 8.9934 8.1416 7.4504 7.1986 6.3758 5.6218 4.8864 4.1595 3.2692 3.1593 2.7347 2.0979 1.5623 1.2218 1.4774 1.7471 2.375 2.7682 3.38 4.2863 4.4842 4.9954 5.0831 5.8343 6.7195 6.8618 10.5754 11.2209 11.8052 11.8803 11.9256 11.9507
24.638 25.1861 23.8711 23.6144 23.5352 19.4592 19.4597 19.4591 19.5054 19.6492 19.9365 19.9387 20.011 19.9602 25.4301 23.861 23.991 24.513 24.1069 24.4924 28.9966 31.5552 33.983 24.4489 19.5049 18.184 17.32 16.6208 15.2046 13.0909 12.4884 12.2785 11.2436 9.6886 8.9093 7.9496 7.2429 6.5143 5.9934 5.0297 4.4472 3.3286 2.8535 2.6142 1.9363 1.2461 0.9103 1.3192 1.6503 2.3826 2.7574 3.2974 3.7977 4.6446 4.9966 5.1287 5.4312 6.0518 6.8915 10.9591 11.2483 11.8779 11.9788 12.0318 15.3307 15.3732
24.8741 24.6529 25.1946 23.8831 23.6128 23.5129 19.466 19.4667 19.4656 24.2324 19.6691 19.9574 19.963 20.0225 19.9412 26.0625 23.897 24.1141 24.3505 20.7028 23.9273 26.5873 40.0723 28.4707 17.729 16.1763 15.5144 14.4366 13.4356 12.7272 11.6039 10.5816 9.872 8.6061 7.9721 7.0418 6.774 5.9826 5.599 4.3098 3.8434 3.3556 2.3467 1.8721 1.8068 1.1967 1.3703 1.8152 2.2027 2.7347 3.0053 3.6273 4.3705 5.0572 5.219 5.525 6.1024 6.9997 10.7699 11.2716 11.9957 12.1377 15.2963 15.3716 15.4193 15.4495
27.2601 24.8842 24.8735 25.2055 23.8986 23.6086 23.4791 19.4754 19.4764 19.4743 24.1743 19.701 19.993 20.0076 20.0429 19.8926 25.8251 22.805 24.4535 23.2838 22.9999 19.6138 30.5604 19.9334 15.1951 14.6296 14.5617 13.483 11.7017 10.9056 10.4872 10.1761 9.1799 8.2397 7.1521 6.7902 5.8495 4.9065 4.5413 3.726 2.9478 2.2181 1.9822 1.5292 1.0342 0.966 1.7142 1.767 2.5821 3.1214 3.6576 3.9445 4.6462 5.0807 5.8585 6.3432 6.742 10.2852 11.2442 12.1994 12.5185 15.3625 15.4522 15.4996 15.5243 15.5364
28.694 25.4867 24.8956 24.882 25.22 23.9196 23.5997 23.4259 19.4891 19.4905 19.4858 24.075 19.7555 20.0611 20.1033 20.0844 19.7218 25.2894 24.3012 21.8004 18.5104 16.8553 16.1588 15.2589 13.9671 13.3206 12.4349 11.6771 10.978 10.4037 9.9997 9.0889 8.0251 7.2279 6.5354 5.8591 5.0384 4.7398 3.5283 3.086 2.3993 1.676 1.3876 0.6266 0.7952 1.3768 2.0969 2.3382 3.4134 3.7464 4.1587 4.565 4.682 5.3937 5.7621 6.6247 7.7549 10.8595 12.5127 15.2891 15.5374 15.6219 15.6467 15.6485 15.641 15.6299
24.57 28.698 25.5027 24.9085 24.8907 25.2402 23.949 23.5814 23.3379 19.5104 19.5124 19.4482 23.886 19.7726 20.2136 20.3667 20.1811 22.2602 23.9767 31.2609 16.6133 15.6294 14.3022 13.4444 13.1503 12.232 11.7208 10.9849 10.113 9.5053 8.8768 8.2229 7.3406 6.9583 6.27 5.0265 4.5017 3.7063 3.2354 2.4855 1.7344 1.3527 1.1164 0.8759 1.4532 1.9988 2.2514 2.8637 3.6568 4.1538 4.5178 4.5988 5.3791 5.8878 5.9342 7.3273 8.731 11.9001 15.7723 16.087 16.0161 15.9302 16.0664 16.0086 15.9645 15.93
24.5139 24.5779 27.8958 25.5234 24.9228 24.8988 25.27 24.0473 23.5439 23.1838 19.5469 19.5492 19.3929 19.3965 19.7024 20.2919 21.0514 19.8405 17.5458 18.1895 14.6955 14.0445 13.6118 12.9681 12.052 11.2689 10.8112 10.2856 9.3292 8.9073 8.4068 7.1028 6.785 5.88 5.2786 4.4275 3.7084 3.268 2.9608 1.5742 1.0255 0.4454 0.7443 0.9877 1.4854 2.2647 2.8034 3.4696 4.1842 4.8777 5.1459 5.3421 5.8422 5.814 6.5465 7.27 9.101 19.1723 18.5431 16.9932 16.5118 16.286 16.1552 16.0695 16.009 15.9638
28.5475 24.5194 24.5883 27.8961 25.5511 24.9377 24.9045 20.9049 24.0771 23.4626 22.8953 19.6193 19.5895 19.196 15.3569 19.1585 19.6534 19.9092 13.5473 13.9379 13.2613 13.211 12.1357 11.6908 11.3297 10.9447 9.935 9.4712 8.9897 8.309 6.9838 6.5771 5.9629 5.2243 3.8645 3.4005 3.1808 2.6307 1.4665 0.8624 0.3979 0.3972 1.1555 1.6237 1.8884 2.4462 3.5938 4.2669 4.5427 5.1401 5.8222 6.164 6.3612 6.4666 6.9677 16.296 12.5662 16.7946 17.7754 17.0214 16.5886 16.3503 16.2047 16.1079 16.0392 15.9882
28.5186 28.5346 24.5264 24.603 25.5224 24.9904 24.9511 24.9048 21.0436 24.1138 23.2685 19.0226 19.1641 19.499 18.2626 17.8636 13.8813 13.0748 11.7518 11.3023 11.2348 10.7077 11.5292 11.2169 10.8016 10.3765 9.2211 9.0624 8.2267 7.0822 6.6159 5.7465 4.6519 4.4125 3.5449 2.9278 2.7288 1.6366 1.2686 0.9403 1.0882 1.8694 2.0048 2.2517 2.4476 3.4975 4.3994 4.7107 4.9362 5.7706 6.2475 6.9556 7.1337 7.1322 13.0756 30.2916 20.5054 17.392 16.9056 16.7257 16.5085 16.3363 16.2114 16.1207 16.0532 16.0016
25.4081 25.3801 28.5161 24.5357 24.6249 25.5503 25.0191 24.9552 21.4263 21.5634 19.702 18.8002 19.4787 19.9444 17.183 14.1209 13.45 11.9548 10.5081 9.4489 9.7018 9.3748 9.1305 9.4062 9.676 9.3063 8.7268 7.9258 6.8741 6.4554 5.5081 4.712 4.3181 3.8859 2.9136 2.354 2.1521 1.0527 0.9985 0.8198 1.4231 1.9721 2.2558 2.6911 3.2934 4.3635 4.9747 5.3291 5.4899 6.0198 5.9868 7.0833 8.3605 9.2246 9.7936 16.366 19.4392 19.5164 16.9738 17.1453 16.386 16.2791 16.1869 16.1121 16.0524 16.0045
