normal_rasters/0772100000302910.ascii
ncols 54 
nrows 64 
xllcorner 159141.905029
yllcorner 384388.14502
cellsize 0.25
nodata_value -9999 
[rows 0 to 36 of 64, columns 0 to 53 of 54]
47.2527 47.541 47.5326 47.5285 47.5284 47.528 47.8464 47.886 47.9221 47.9631 48.0095 49.1399 49.134 49.127 49.1191 49.1099 48.1782 48.1821 48.1816 48.0585 48.0361 48.5327 48.6302 48.0168 47.9492 47.8767 47.8031 46.5394 46.4708 44.421 44.3352 44.2571 42.0359 41.9869 41.939 41.8936 41.8517 39.804 39.7393 39.682 39.6317 39.5876 39.5492 39.5158 39.4867 39.4613 39.4393 39.4201 39.4033 39.3886 39.3758 39.3646 35.4377 35.3912
47.2592 47.5493 47.5405 47.5318 47.532 47.5319 47.8364 47.862 47.8992 47.9424 47.9919 48.6271 49.1413 49.1342 49.1259 49.1162 48.2101 48.2169 48.2184 48.2134 48.0812 48.5525 48.6459 48.0475 47.9665 47.8783 47.7887 46.5312 46.4505 44.4202 44.3225 44.2351 42.0628 42.0033 41.9464 41.894 39.8652 39.7857 39.7161 39.6557 39.6036 39.5588 39.5204 39.4874 39.4591 39.4347 39.4138 39.3958 39.3802 39.3668 39.3551 35.4094 35.3603 35.3169
47.6658 47.2634 47.5496 47.5394 47.536 47.5363 47.5362 47.8397 47.8719 47.9166 47.969 48.0298 49.1499 49.1428 49.1343 49.1243 48.2458 48.2568 48.2615 48.2581 48.1354 48.0972 48.5347 48.0865 47.9881 47.879 47.7677 46.5155 46.4204 44.4144 44.3034 42.1642 42.0895 42.0167 41.9492 41.8889 39.8436 39.7573 39.6836 39.6211 39.5682 39.5237 39.4861 39.4543 39.4275 39.4048 39.3855 39.3691 39.3551 35.4324 35.3735 35.3218 35.2766 35.237
47.6691 47.6699 47.5602 47.5494 47.5404 47.5413 47.5417 47.5416 47.8444 47.8853 47.9399 48.0047 48.6421 49.153 49.1447 49.1347 48.2859 48.3029 48.3124 48.3118 48.2991 48.1582 48.5564 48.0997 48.0159 47.8782 46.6269 46.4877 44.5447 44.4024 42.3032 42.2091 42.1137 42.0242 41.9445 39.9178 39.808 39.7161 39.6398 39.5767 39.5246 39.4815 39.4459 39.4164 39.3919 39.3714 39.3543 39.3399 35.39 35.3277 35.2737 35.227 30.0893 30.0466
47.6726 47.6736 47.6747 47.5611 47.5484 47.5467 47.5479 47.5486 47.2953 47.8511 47.9038 47.9716 48.0534 48.6783 49.1573 49.1478 48.3305 48.356 48.3732 48.3777 48.3656 48.2342 48.583 48.156 48.0526 47.8748 46.6145 46.4405 44.5464 44.3846 42.3818 42.2544 42.131 42.0212 40.0161 39.8718 39.7541 39.6591 39.5827 39.5213 39.4719 39.432 39.3997 39.3735 39.3521 39.3346 35.4113 35.3347 35.2693 35.2134 30.0861 30.0362 29.9931 27.7713
48.0147 47.6775 47.6787 47.6802 47.5615 47.5527 47.555 47.5568 47.5578 47.8345 47.8606 47.9294 48.0153 48.1213 49.1722 49.164 49.1539 48.417 48.4464 48.4603 48.4506 48.3304 48.2437 47.7142 48.1024 47.3187 46.5783 45.9427 44.5476 42.6399 42.4707 42.2933 42.1332 40.1521 39.9544 39.7987 39.6775 39.5835 39.5107 39.454 39.4097 39.3749 39.3475 39.3258 35.4394 35.3431 35.2623 30.1486 30.0791 30.0202 29.9701 29.9274 27.6807 18.967
48.0095 48.0184 47.683 47.6846 47.577 47.561 47.5627 47.5662 47.5691 47.3313 47.8417 47.874 47.965 48.0772 48.7107 49.1832 49.1763 48.4857 48.5346 48.5673 48.5662 48.5153 48.3445 47.8743 48.0477 47.3368 46.4946 45.8914 43.0248 42.8257 42.5622 42.3105 40.3513 40.0646 39.8496 39.6907 39.5735 39.4869 39.4225 39.3744 39.3381 39.3106 39.2896 35.3534 35.2511 30.1506 30.0658 29.9952 29.9365 29.8874 22.3429 18.9596 13.211 13.166
48.0032 48.0119 48.0227 47.6892 47.6916 47.5783 47.571 47.5769 47.5825 47.3535 47.3623 47.8525 47.9028 48.0152 48.1676 48.7877 49.2029 48.5599 48.6379 48.7071 48.7411 48.6623 48.4616 48.1109 48.0241 47.3179 45.9431 44.5105 43.4278 43.0635 42.6276 42.2728 40.2166 39.9032 39.6884 39.5411 39.4393 39.3684 39.3184 39.283 39.2577 35.3658 33.3833 30.1473 30.0416 29.956 29.8865 29.83 22.3287 18.9486 13.2096 13.156 13.1103 13.0713
47.996 48.004 48.0142 48.0274 47.6963 47.8475 47.1794 47.5884 47.5982 47.3808 47.3972 47.404 47.8666 47.9355 48.088 48.7515 49.2322 48.3871 48.7513 48.871 49.0248 48.9468 48.5549 48.4854 47.3948 46.5783 45.3252 44.8849 44.1141 43.3158 42.5749 40.4296 39.9405 39.6431 39.4605 39.3468 39.275 39.2293 39.2001 33.5525 33.3859 30.1329 29.9984 29.893 29.8102 22.3944 22.3067 16.5907 13.207 13.1421 13.0877 10.7785 9.5612 9.5503
47.988 47.9949 48.004 48.0161 48.0326 47.704 47.602 47.5999 47.6154 47.6336 47.4437 47.4617 46.7737 47.8778 47.9766 48.202 48.8744 48.3982 48.6784 49.0385 49.1967 49.2221 48.5315 48.2188 46.6154 45.4407 45.1977 45.2453 45.3003 43.2242 40.6843 39.8776 39.4765 39.2721 39.1665 39.1122 39.0855 33.6186 33.3823 30.0957 29.9199 29.7882 29.6895 22.3818 22.2717 16.5868 13.2025 10.8372 10.8033 9.5767 9.5607 9.5473 7.5416 7.5249
46.8299 47.985 47.9923 48.0023 48.0167 48.038 47.8589 47.2204 47.6322 47.6631 47.5055 47.5498 46.952 46.8197 46.7268 48.0368 47.471 47.162 48.3767 49.1702 49.2723 48.4992 46.9264 45.3085 43.6574 44.7993 44.3057 45.5976 43.5524 40.3393 39.331 38.9527 38.8316 36.4092 36.3561 36.33 33.3625 30.0094 29.7727 29.6064 23.4093 22.3554 22.2142 16.5791 10.9065 10.852 10.8076 9.581 9.5606 9.5437 7.5461 7.5257 7.5085 7.4937
46.8401 46.8471 46.853 47.9871 47.9975 48.0142 48.0424 47.8549 47.2698 47.6906 47.582 47.6908 47.7261 47.0342 46.6862 46.2482 45.0498 44.6506 46.349 48.0263 48.3139 45.958 42.3824 42.2131 42.5181 44.9874 41.9988 39.7231 37.0476 36.119 35.7328 35.7898 35.8925 35.9779 31.2874 27.2365 26.9242 25.1016 23.3384 23.1812 17.6554 16.5641 10.9528 10.8764 10.8157 9.5881 9.561 9.5393 7.1525 7.5265 7.5054 7.4877 7.4729 7.4605
44.8525 46.8611 46.8701 46.8772 46.8807 47.9863 48.0044 48.0429 47.8584 47.7007 47.82 47.9118 48.1026 47.3781 46.7044 44.6497 44.0002 40.7796 41.5186 42.5924 41.6599 40.8256 40.5388 40.194 39.0986 38.0531 36.7354 34.9859 33.7078 32.4912 32.863 32.0835 31.3465 27.4092 25.2504 24.9253 24.7384 19.3708 17.642 17.4923 13.0268 10.9186 9.6481 9.6002 9.5629 9.5337 9.511 7.527 7.5006 7.4791 7.4615 7.447 4.512 4.5062
43.2824 44.9068 44.9909 46.9025 46.9109 46.9117 47.9614 47.9764 47.2856 47.8724 47.7934 48.0943 48.9915 47.7199 46.4579 44.2509 39.7649 36.405 38.2039 37.2087 37.6876 38.8936 38.6032 37.3276 36.8841 34.9766 33.4212 31.0137 31.2033 31.2977 29.4972 25.9707 22.5964 22.0972 20.9673 19.2434 19.1137 13.2084 13.0814 12.9905 9.695 9.6221 9.5674 9.5265 9.4959 7.1286 7.493 7.4663 7.445 4.5176 4.5092 4.5022 4.4965 4.9747
43.2705 43.3734 43.4994 45.0983 46.9519 46.9608 46.9513 46.9193 47.9042 47.754 47.8142 47.5582 47.911 46.3657 45.7539 43.4429 39.073 36.6046 36.464 36.1685 36.6321 36.6148 36.3511 35.2717 33.0727 31.8906 31.3339 29.0355 26.3047 24.5196 23.3326 21.7789 19.0279 17.4828 17.3561 14.9605 13.2009 13.0357 9.7867 9.6648 9.5782 9.5167 9.4733 7.1274 7.0817 7.4464 4.5283 4.5153 4.5048 4.4964 4.4897 4.9663 4.9773 5.4388
43.2388 43.3497 43.4934 43.679 45.2657 47.0368 47.0407 46.989 46.8999 46.3112 47.6369 47.3195 45.797 45.6938 44.2945 40.1079 37.9638 36.9072 36.3349 36.3779 35.4885 33.7054 31.4752 31.4366 30.0038 27.8936 26.0175 25.8342 23.2755 21.9384 20.4736 18.7628 17.2966 17.1462 14.9561 13.1559 12.9376 9.7579 9.6041 9.5029 9.4367 7.1213 7.0592 7.4139 4.5286 4.5113 4.498 4.4878 4.4799 4.9544 4.9688 5.4346 5.4574 5.4766
41.5387 41.7021 43.4438 43.655 43.9533 44.3643 47.2163 47.1718 46.9234 46.845 46.94 47.4075 48.374 45.7886 40.9297 38.8628 37.7661 36.0653 35.2764 34.2876 31.8401 29.8287 29.7837 28.1591 27.5661 25.5317 24.2459 21.563 21.1992 19.7009 18.7629 16.6063 15.442 13.5832 13.0098 9.9946 9.6723 9.4818 9.3706 7.1026 7.0146 4.5606 4.5279 4.5041 4.4868 4.4741 4.4648 4.937 4.9567 5.4289 5.4578 5.4816 5.5013 7.6086
41.4079 41.5498 41.7521 42.0538 43.8686 44.4115 45.3129 47.0769 47.0433 46.4562 47.1078 45.0863 43.2664 39.8128 38.1793 36.2568 35.357 33.8819 31.6756 29.8259 29.6111 27.1272 26.3352 24.5513 23.5808 21.7204 21.0418 18.8408 17.013 16.6457 16.1208 15.4136 13.2989 12.564 9.8667 9.4436 9.2302 7.0485 6.9182 4.5763 4.5246 4.4901 4.4668 4.4512 4.4407 4.9103 4.9384 5.4212 5.4587 5.489 5.5133 7.6172 7.6358 7.6511
41.2408 41.3409 41.4859 41.7091 42.0813 42.7732 45.1506 47.8651 46.6902 44.0041 43.3893 40.0248 37.9045 37.4771 35.9122 34.1489 32.818 31.4251 29.5175 27.7321 26.001 24.9854 24.6508 21.9607 20.2517 19.1931 18.1459 17.6679 15.1807 14.5276 13.6895 12.3559 10.4611 9.2969 8.8789 8.7072 4.765 4.6044 4.5125 4.4589 4.4274 4.4091 4.3988 4.8663 5.3446 5.41 5.4609 5.5005 7.603 7.6309 7.6531 7.6708 7.6849 10.1002
41.0483 41.0912 41.1497 41.2334 41.3612 41.5707 41.9261 42.2371 41.8648 40.0547 37.5167 36.3395 34.0928 33.3824 31.9392 30.7432 28.2755 26.9651 25.3661 25.3514 23.4256 21.9409 19.9167 19.5056 17.9813 17.0058 16.2382 13.8172 13.4796 11.8409 10.4124 8.8699 8.0944 7.1493 5.2437 4.6513 4.4602 4.3746 4.3369 4.3222 4.3189 4.7877 5.2952 5.393 5.4656 5.5195 7.6188 7.6536 7.6801 7.7003 10.0954 10.1124 12.6634 12.6731
40.8475 40.829 40.7939 40.7254 40.5841 40.2678 39.4961 36.7868 36.3291 35.0662 33.7121 31.8662 30.0786 29.8615 28.614 26.2118 25.4483 24.7769 22.9784 23.0968 20.9913 19.4876 17.782 16.9053 15.7628 15.042 13.399 11.6728 9.5712 9.8301 8.272 6.9784 6.7778 4.2815 3.8114 4.0543 4.0745 2.9073 2.914 4.5678 4.7324 5.3643 5.4757 6.9051 7.6489 7.6927 8.7249 8.7387 10.1106 11.0864 12.6557 12.6681 12.6785 12.6873
40.6566 40.5852 37.9674 37.8745 37.6902 37.3349 36.6972 34.7125 33.3409 31.108 29.8782 28.7091 28.2882 25.9151 23.9432 23.8075 21.9857 20.8448 20.5173 18.0638 17.4043 15.6066 15.3039 13.8138 12.4796 12.0268 9.8683 7.4645 6.5176 6.163 5.3938 4.2915 2.5971 2.3139 2.1339 2.3327 2.4255 2.4791 4.6161 4.8261 6.8522 6.9512 8.6941 8.7314 8.7559 8.7719 11.0737 11.0878 12.6456 12.6619 12.6753 12.6863 12.6954 12.7029
37.8418 37.7777 37.6755 35.1146 31.2186 31.2938 31.3051 31.0241 29.8419 27.2477 26.4974 23.1911 22.5489 21.9057 20.818 19.0201 19.3273 18.3516 16.4304 16.7335 14.3849 13.4914 12.5216 11.9471 9.05 7.2095 7.2678 5.5694 4.3251 3.2455 1.3895 1.939 0.9747 1.4222 2.3669 2.4924 3.6952 4.7864 6.5379 8.633 8.7289 8.783 8.8135 11.0435 11.0704 11.0903 12.6316 12.6541 12.6718 12.686 12.6973 12.7064 14.537 14.5625
35.0453 34.9329 30.8342 30.8179 30.7606 30.6097 30.2397 29.3567 25.5208 23.9938 22.6548 21.4765 19.7024 19.5585 18.5424 17.2627 16.1783 15.6628 14.0668 12.626 12.2108 8.4459 8.2491 5.4405 6.442 4.147 2.007 2.2065 1.8738 1.5484 2.1436 2.6337 3.0483 3.4173 4.0385 4.5376 7.3508 8.639 8.8239 8.9027 8.9338 11.0211 11.0646 11.0949 12.6112 12.6439 12.6686 12.6874 12.7019 12.713 14.54 16.3409 16.6741 18.4692
30.6832 30.6582 30.6117 30.5271 30.3739 30.0942 24.2732 22.3486 22.3077 21.2455 19.6175 18.7302 18.0209 16.0229 14.9761 14.2834 13.3113 11.9629 10.0216 9.1707 6.7017 4.6252 2.992 1.8668 2.1316 1.4494 1.5364 4.3256 2.9035 4.3241 4.5939 5.5786 6.1781 6.0129 6.6275 8.3439 9.9186 10.0227 10.0484 10.9732 11.053 11.1042 12.5789 12.6307 12.6672 12.6931 12.7118 12.7254 14.5468 16.351 18.4566 19.3475 19.3549 19.3608
30.5556 28.0504 27.9361 27.7524 24.1366 23.855 21.8692 20.6228 20.2817 18.6634 17.7639 15.727 15.7789 14.3699 13.6063 12.2266 11.6064 8.9028 6.9268 6.8132 3.0563 2.7999 2.498 2.4522 4.1504 4.5978 5.2313 5.3746 5.8235 6.2638 6.8507 7.5391 7.5051 7.9332 8.3029 10.0283 10.2109 10.5546 11.0222 11.1242 12.5214 12.6144 12.6729 12.7102 12.7343 14.2922 16.3164 18.0919 18.4579 19.3502 19.3601 19.3675 19.3731 19.3773
27.857 27.7379 27.5654 23.9438 23.7049 20.3695 18.4257 18.2862 17.9795 16.4641 15.9372 14.4269 12.7232 12.1328 10.7729 8.3971 6.134 4.7922 3.812 0.8385 1.4029 3.1279 3.3798 5.5085 5.6895 6.8563 7.8049 7.7684 8.0991 8.7141 8.3392 8.5289 8.8767 9.2199 10.0801 10.6159 11.2231 11.6231 12.4031 12.6059 12.709 12.7621 12.7898 14.3332 16.0763 18.0857 19.3353 19.3541 19.3676 19.3774 19.3843 19.3892 20.5082 20.5115
25.9575 23.9982 23.858 20.3322 18.2953 18.2378 18.1279 16.1834 16.1395 14.1817 13.7783 11.4253 10.3737 8.1591 5.303 5.1166 2.0026 1.6987 2.1643 3.0378 6.2717 6.7503 8.2126 8.7609 9.5958 8.6546 8.9 9.8712 9.5964 9.8918 9.7212 9.8928 10.6155 10.7486 11.9498 11.3824 11.9077 12.76 12.9166 12.9537 12.9518 17.342 17.4142 18.074 19.3303 19.3598 19.3796 19.3927 19.4013 20.5036 20.5089 20.5131 20.5163 21.1201
23.942 16.7511 16.721 16.6682 16.579 16.4313 14.8007 12.9734 11.842 11.1912 8.7749 7.4937 7.7944 5.4267 3.6689 1.6422 2.4112 3.4209 4.9916 7.248 7.7259 8.6979 10.6275 10.1988 11.3489 11.4233 11.0782 11.2792 11.106 11.2311 11.4993 11.675 11.9439 12.9001 12.5063 14.103 14.6277 15.1389 15.178 17.203 17.3758 17.4671 18.1465 19.369 19.4002 19.4186 19.4292 20.5028 20.5102 20.5157 20.5198 21.1197 21.1267 21.1322
16.6031 16.5577 16.4905 16.3913 12.9685 12.8381 11.8015 9.6844 9.2219 7.5281 6.0213 5.9866 4.1626 2.0575 2.1214 4.0688 6.8779 7.6516 7.5959 9.4643 11.4857 11.8165 12.117 12.9442 12.5949 12.9614 12.9213 12.5004 12.2152 12.2464 12.9371 13.3334 12.9585 14.0307 14.3907 15.1099 15.8882 16.0177 17.2606 17.508 18.6597 19.385 19.4407 19.4677 20.4861 20.502 20.5129 20.5205 20.5257 21.1196 21.1288 21.6897 21.695 21.554
16.452 14.8249 12.9017 12.8145 9.8392 9.6953 9.4712 9.1273 4.835 4.8892 4.8632 4.4415 3.2818 3.8413 7.1235 7.7159 8.5494 10.0853 11.2533 12.5568 13.3068 14.3207 14.7251 14.1952 15.3113 14.4887 13.7768 14.3994 14.7476 14.3821 14.2923 14.2819 15.0838 15.163 16.2628 17.2146 17.2207 18.2213 18.5544 19.9851 20.0665 20.1029 20.117 20.5019 20.5192 20.5299 20.5365 21.1202 21.6785 21.6876 21.6946 21.555 21.5588 21.2523
13.968 12.8162 9.7964 9.7059 9.5774 9.3951 6.0667 6.0661 6.0593 6.0388 5.9976 5.4273 6.7518 8.9255 8.5827 11.2566 11.7305 13.1006 14.0204 14.7511 16.0181 16.0657 16.2321 16.8535 15.7984 15.7873 15.2538 15.3169 15.7076 16.0145 15.7747 15.7629 16.9605 17.4853 17.455 18.1152 18.8357 19.3952 19.8779 20.1032 20.1628 20.5075 20.5369 20.5518 20.5589 21.653 21.6721 21.6856 21.6953 21.5573 21.5621 21.6695 21.2558 21.2542
9.777 9.7151 9.6325 9.1842 9.0812 6.1333 6.156 8.0214 8.0988 8.2695 7.1641 8.1239 10.5263 12.3869 12.3091 13.616 15.3061 15.7414 16.3389 16.4679 17.2564 17.9198 17.6345 17.3404 17.282 17.1276 16.9127 17.2133 17.3978 17.415 18.0552 18.5169 17.9991 18.6372 18.6526 19.1234 19.7286 19.6392 20.3533 20.5812 20.6063 20.6152 21.114 21.6297 21.6636 21.6852 21.6993 21.7086 21.6729 21.6771 21.2632 21.5887 21.5843 21.0323
9.3083 9.259 9.1974 8.0633 8.0848 8.1195 8.1761 8.2707 8.4331 8.1289 10.0047 10.4906 11.9881 12.6897 15.3641 17.0228 17.0576 17.3624 18.1174 19.2525 18.7172 19.0659 18.8328 18.9802 18.6626 18.6502 18.8302 18.4389 19.0027 19.0869 19.043 19.6096 20.1884 19.8548 20.2898 20.4657 20.3904 20.804 20.9805 21.0004 21.3761 21.4517 21.6559 21.6932 21.7136 21.7249 21.9154 21.9159 21.6028 21.5936 21.6257 21.0378 20.3929 20.3738
8.0941 8.1078 8.1273 8.1549 8.1947 8.2528 8.3389 8.4692 10.0709 12.8411 15.6796 15.5592 15.6168 16.3131 19.1831 19.5219 19.7683 19.9373 19.7329 20.3792 20.7436 20.4679 20.102 20.0946 20.5099 19.8168 19.9423 20.372 20.3459 20.8189 21.0045 21.4654 21.2137 21.0712 20.8801 21.2326 21.0847 21.4467 21.6203 21.5644 21.5663 21.7485 21.7679 21.9417 21.9376 21.7977 21.771 21.6378 21.6241 20.8321 20.8085 20.3813 20.3603 20.3441
8.1475 8.1691 8.198 8.2368 8.2898 8.3629 8.4647 12.975 16.307 16.3294 16.427 16.7049 17.4027 19.5875 21.5062 21.8353 21.3939 21.8112 22.207 21.1677 21.5426 22.3703 22.9293 22.4728 21.4131 22.4031 22.9691 22.1118 22.196 22.2814 22.3569 22.8676 22.3435 22.2258 22.2426 22.0623 22.0853 21.9759 22.034 22.2159 22.1657 22.2164 22.1921 22.1772 21.8746 21.645 21.6211 20.8576 20.8202 20.3927 20.3623 20.3399 19.4845 19.4735
8.1965 8.2242 8.26 8.3065 11.392 13.0252 16.5461 16.5821 16.6539 16.7911 17.0498 17.5332 20.0749 22.8153 22.6937 23.0297 23.2598 24.024 23.4382 24.2317 24.559 24.6675 24.6439 24.3656 24.7265 23.9866 24.3355 24.224 23.7203 24.0463 24.4794 23.5256 23.3609 23.2016 22.9028 22.6749 22.6233 22.5982 22.4347 22.4035 22.2954 22.1358 22.0707 21.6603 21.6099 21.5832 20.8408 20.7963 20.364 19.5057 19.4843 19.469 19.458 19.0876
