normal_rasters/0772100000297414.ascii
ncols 116 
nrows 104 
xllcorner 159425.432983
yllcorner 383936.121002
cellsize 0.25
nodata_value -9999 
[rows 62 to 92 of 104, columns 0 to 70 of 116]
1.6005 1.6013 1.6026 1.7006 1.7005 1.7012 1.7035 1.7101 1.7281 1.79 1.6968 1.7535 1.4293 1.3372 1.174 1.0747 0.9764 0.8221 0.6979 0.6844 0.6421 0.6248 0.625 0.6256 0.6255 0.6284 0.6402 0.711 0.749 0.759 0.759 0.8015 0.7913 0.8971 0.896 0.8975 0.9045 0.9494 0.9609 0.9639 0.9656 1.0154 1.0382 0.9599 0.9065 0.9863 0.9509 0.8764 0.845 0.8468 0.8236 0.8149 0.7991 0.794 0.7936 0.7925 0.7874 0.7142 0.6953 0.7276 0.7543 0.7381 0.721 0.7389 0.7388 0.7059 0.6439 0.6266 0.586 0.5756 0.5505
1.5928 1.5919 1.5909 1.5897 1.5885 1.5872 1.5862 1.586 1.5879 1.5911 1.3562 1.6244 1.3076 1.179 1.0595 1.0032 0.9453 0.8734 0.6884 0.6801 0.6286 0.6257 0.6259 0.6307 0.6427 0.7331 0.7563 0.7588 0.7586 0.7741 0.7946 0.8642 0.871 0.9014 0.9021 0.902 0.9284 0.9445 0.9256 0.9274 0.9405 0.9074 0.8753 0.8975 0.9082 0.8758 0.8422 0.8351 0.8027 0.7727 0.7858 0.7889 0.794 0.7929 0.7805 0.7844 0.6999 0.6473 0.6473 0.6664 0.709 0.6373 0.6311 0.7005 0.594 0.5835 0.5686 0.5424 0.5129 0.5762 0.7234
1.2829 1.2827 1.2825 1.2822 1.2817 1.2809 1.2795 1.2769 1.2719 1.2668 1.2628 1.1996 1.1887 1.1752 1.0558 0.9752 0.9036 0.8684 0.7108 0.6669 0.6406 0.6259 0.6332 0.6548 0.7501 0.7542 0.7577 0.7585 0.7974 0.8417 0.8626 0.9009 0.9014 0.9016 0.8772 0.8697 0.8737 0.9206 0.8454 0.8428 0.8591 0.8442 0.8564 0.8777 0.8771 0.8515 0.8336 0.7813 0.74 0.7023 0.7388 0.7024 0.7134 0.7556 0.7148 0.6922 0.6498 0.6467 0.6462 0.6381 0.5991 0.6255 0.6094 0.596 0.5238 0.5114 0.5009 0.4103 0.5064 0.6401 0.7195
1.2802 1.2795 1.2785 1.2771 1.1703 1.1719 1.1744 1.1781 1.1833 1.1826 1.1638 1.0671 1.0496 1.0464 1.1467 0.9678 0.9255 0.6972 0.6817 0.6637 0.6418 0.6259 0.6345 0.6562 0.7378 0.758 0.7583 0.7589 0.8015 0.8639 0.8957 0.901 0.9014 0.8713 0.7988 0.7957 0.7985 0.8019 0.8389 0.835 0.8254 0.7852 0.8344 0.8707 0.7651 0.755 0.7551 0.7386 0.7418 0.7406 0.7046 0.6823 0.6874 0.6774 0.6751 0.6697 0.6442 0.6463 0.6247 0.5574 0.5718 0.5387 0.5579 0.5346 0.5092 0.4892 0.4565 0.4288 0.5097 0.64 0.7238
1.1635 1.1632 1.1627 1.1621 1.1611 1.1176 1.1181 1.1181 1.1168 1.1139 1.0905 1.0415 0.9493 0.9899 0.9443 0.9143 0.8245 0.6633 0.6512 0.6624 0.6345 0.63 0.6385 0.7084 0.7571 0.753 0.759 0.759 0.7619 0.8964 0.825 0.8433 0.8366 0.8092 0.7925 0.7926 0.7925 0.7952 0.7943 0.755 0.753 0.7439 0.7919 0.7739 0.7359 0.7336 0.689 0.6964 0.6801 0.7091 0.6416 0.6483 0.6592 0.6861 0.5938 0.5846 0.5394 0.5453 0.5408 0.5193 0.5235 0.4954 0.4594 0.4607 0.4 0.4009 0.424 0.364 0.5377 0.6549 0.7189
1.0848 1.0847 1.0844 1.0838 1.0827 1.0805 1.0763 1.032 1.022 0.9927 0.9167 0.9228 0.8526 0.8612 0.8448 0.8166 0.6902 0.5544 0.6297 0.6462 0.6458 0.6441 0.6486 0.6991 0.7209 0.708 0.7521 0.7608 0.7807 0.7994 0.7889 0.7593 0.7835 0.7918 0.7924 0.7924 0.7924 0.7802 0.8107 0.7641 0.7433 0.7433 0.7457 0.7359 0.6993 0.6539 0.6492 0.6476 0.6442 0.6195 0.621 0.5937 0.5859 0.5973 0.5836 0.5388 0.4897 0.5096 0.4759 0.4522 0.4212 0.4039 0.3976 0.3319 0.3628 0.3357 0.3658 0.4405 0.59 0.6477 0.7973
1.0811 1.0802 1.0789 1.0769 1.0738 1.0301 1.0256 1.0172 0.9076 0.8666 0.9 0.858 0.8259 0.7517 0.7729 0.6202 0.6663 0.6382 0.6353 0.6463 0.648 0.6661 0.6778 0.6846 0.6893 0.6847 0.7087 0.7394 0.7785 0.7624 0.7218 0.6989 0.7473 0.7713 0.7466 0.7407 0.7924 0.7607 0.7329 0.7219 0.7255 0.7115 0.7108 0.6695 0.6411 0.6475 0.6396 0.6277 0.6227 0.5835 0.5722 0.5833 0.5692 0.4999 0.5325 0.481 0.4331 0.4408 0.4073 0.3991 0.3972 0.3341 0.2914 0.2877 0.2885 0.3054 0.34 0.4801 0.6161 0.7152 0.7935
1.221 1.1489 1.1473 1.0655 1.0105 1.0027 0.9891 0.9648 0.7147 0.7038 0.6726 0.6722 0.777 0.6235 0.6312 0.584 0.6014 0.6466 0.6843 0.6727 0.6503 0.6559 0.6681 0.676 0.6714 0.6839 0.6493 0.6571 0.7006 0.6693 0.673 0.65 0.6508 0.686 0.6802 0.68 0.7 0.6342 0.6767 0.6355 0.5923 0.6658 0.619 0.4939 0.5187 0.6177 0.5569 0.5942 0.5951 0.5566 0.5515 0.5501 0.4816 0.4824 0.4865 0.4309 0.4011 0.3918 0.4059 0.3679 0.3459 0.2893 0.2757 0.2211 0.2314 0.2491 0.306 0.3913 0.6502 0.6656 0.7946
1.0807 1.0818 1.2512 1.251 1.2501 1.2478 1.2425 1.2292 1.1927 1.0803 0.7634 0.4969 0.6475 0.6321 0.5838 0.5839 0.5949 0.6893 0.7548 0.7493 0.752 0.7177 0.7131 0.6781 0.6478 0.6465 0.6333 0.6772 0.68 0.6522 0.6028 0.5538 0.5426 0.5521 0.6045 0.6 0.5835 0.5936 0.5931 0.5768 0.5159 0.4615 0.473 0.4716 0.482 0.484 0.4724 0.4632 0.5314 0.528 0.5004 0.4837 0.4159 0.4366 0.4248 0.3657 0.3315 0.3328 0.3409 0.2859 0.2187 0.2652 0.1906 0.1835 0.2227 0.2324 0.289 0.5182 0.555 0.6697 0.8128
1.2666 1.2702 1.2748 1.2808 1.2891 1.3009 1.3182 1.7169 1.5678 1.411 1.3535 1.1996 0.9034 0.9686 0.6869 0.7269 0.8148 0.7695 0.7577 0.7664 0.7668 0.7728 0.7687 0.7184 0.6578 0.6472 0.6487 0.7146 0.6983 0.6794 0.5854 0.5468 0.5376 0.5376 0.5472 0.5779 0.5774 0.4652 0.476 0.5025 0.4204 0.3998 0.4111 0.4195 0.4199 0.4012 0.4142 0.4029 0.4414 0.4084 0.4157 0.4782 0.4186 0.3841 0.3388 0.3218 0.305 0.2527 0.2191 0.1968 0.1708 0.148 0.1668 0.1775 0.1782 0.1729 0.2716 0.5215 0.5487 0.6559 0.9221
2.3428 2.343 2.343 2.3425 2.3412 2.3382 2.3321 2.3197 1.9164 1.9995 2.2265 2.1139 1.9106 1.6907 1.7047 1.8019 1.8055 1.4192 1.5228 1.1817 0.8483 0.8521 0.8699 0.7939 0.7466 0.6663 0.7706 0.9684 0.7665 0.6916 0.647 0.6313 0.6361 0.5376 0.5454 0.5946 0.5197 0.4244 0.3846 0.4088 0.4004 0.4014 0.3965 0.3453 0.3578 0.3765 0.3647 0.34 0.3346 0.3599 0.3513 0.3603 0.3909 0.3331 0.2654 0.2285 0.2355 0.2201 0.1386 0.1267 0.1116 0.0871 0.0882 0.1792 0.1958 0.1154 0.1134 0.2987 0.5538 0.6677 0.7181
3.3983 3.3918 3.3831 3.371 3.3537 3.328 3.2886 2.7639 2.7502 2.715 2.6715 2.6036 2.3437 2.5484 2.4525 2.0708 2.1587 2.0593 1.7084 1.6422 1.7113 1.2791 1.0489 1.0917 1.1515 1.2024 1.086 1.008 0.8791 0.9857 0.9082 0.7356 0.8692 0.8049 0.7629 0.7815 0.8976 0.587 0.5942 0.5203 0.4815 0.4749 0.4608 0.354 0.3081 0.2903 0.3066 0.3224 0.3051 0.3016 0.3209 0.3149 0.2969 0.2148 0.2048 0.181 0.1964 0.1798 0.092 0.0793 0.0822 0.0894 0.0939 0.2325 0.2387 0.1392 0.1403 0.183 0.3964 0.6593 0.7109
4.2484 4.2408 4.2312 4.2188 4.2021 4.1789 4.1451 4.0932 4.0084 3.4797 3.429 3.3692 3.0834 3.3552 3.244 3.0448 2.9587 2.5539 2.8191 2.4224 2.3674 2.1715 1.7717 1.3169 1.5468 1.7272 1.4732 1.3906 1.4899 1.332 1.4884 1.4708 1.187 1.2159 1.2247 1.157 1.1095 1.1685 0.8073 0.7478 0.5153 0.4975 0.4922 0.378 0.2888 0.2872 0.2869 0.2868 0.2883 0.2873 0.291 0.289 0.2729 0.1898 0.1778 0.1775 0.1775 0.1429 0.1022 0.0887 0.0897 0.1766 0.2369 0.2786 0.2182 0.1942 0.2016 0.2065 0.4144 0.5795 0.8543
4.2894 4.2904 4.2925 4.296 4.3021 4.3124 4.3301 5.2844 5.1669 4.7007 4.4084 4.5626 4.8563 4.1746 4.5012 5.1803 4.2763 3.7688 3.75 3.7891 3.1088 2.8964 2.8766 3.0402 2.5021 2.0115 2.4498 2.3209 1.9304 1.9769 1.8758 1.9082 1.8915 1.5984 1.53 1.4372 1.5508 1.5086 1.2167 1.1035 1.0256 0.6441 0.5238 0.4008 0.3396 0.299 0.2892 0.284 0.2762 0.2961 0.291 0.2828 0.2059 0.1972 0.1806 0.1776 0.1777 0.1766 0.1788 0.2092 0.1719 0.2571 0.3337 0.4055 0.4761 0.2503 0.2378 0.2793 0.3242 0.5314 0.7945
5.4896 5.4915 5.4941 5.4978 5.5034 5.5122 5.5271 5.5545 5.6106 5.7396 6.0779 6.2211 6.29 6.7811 5.5124 5.6971 6.018 6.4812 5.4997 5.4102 5.2735 4.4862 4.1699 3.9471 3.699 3.219 3.0593 2.8662 3.3216 3.0372 2.8081 2.1798 2.2901 2.2622 2.0374 1.9299 1.6128 1.5816 1.5818 1.4439 1.2769 1.1789 0.6587 0.539 0.3304 0.3383 0.2869 0.2108 0.2396 0.2904 0.3001 0.2558 0.2343 0.2437 0.2637 0.1776 0.1778 0.2176 0.2725 0.2879 0.3267 0.2879 0.4232 0.5806 0.6103 0.468 0.3131 0.2761 0.3026 0.4798 0.7018
5.5267 5.5363 5.5492 5.5673 5.5933 5.6326 5.695 5.8002 6.5072 6.9114 7.2316 7.5084 7.8438 8.1087 9.2218 7.4083 8.0134 7.9885 7.7664 7.946 7.6204 6.6335 6.6597 5.59 5.4745 5.4774 4.7587 4.2093 4.4437 4.0295 3.8891 3.5013 3.2913 2.997 2.5492 2.25 1.8266 1.8406 1.914 1.7068 1.4096 1.3976 1.2305 0.6648 0.4656 0.4094 0.3801 0.2178 0.228 0.2453 0.3189 0.2784 0.2902 0.3164 0.3297 0.2589 0.2543 0.2955 0.2941 0.3604 0.3987 0.3821 0.4281 0.5724 0.5803 0.5446 0.3918 0.3168 0.29 0.4199 0.68
5.5615 7.8548 10.3384 10.3077 10.2686 10.2176 10.1487 9.8529 8.6044 8.5866 9.4153 9.5057 9.6644 10.8668 11.156 10.3094 9.7734 10.0762 9.8225 9.4847 8.6286 8.8437 8.4365 8.2716 6.5208 6.2055 6.0176 5.441 5.0358 4.5778 4.8835 4.6166 4.0413 3.3898 3.2627 2.7604 2.6396 2.2836 2.0053 2.0567 1.918 1.5091 1.3609 1.3831 0.8726 0.52 0.477 0.2929 0.1863 0.1992 0.2688 0.3598 0.4114 0.3941 0.3625 0.3992 0.3828 0.3583 0.3937 0.4991 0.4087 0.3876 0.4422 0.5335 0.5553 0.5368 0.454 0.3981 0.3632 0.2916 0.6732
10.5106 10.5162 10.526 10.5425 10.5703 10.6176 12.308 12.4924 12.6628 13.1154 14.5244 15.2781 14.8957 12.4752 12.1602 13.0889 12.8742 11.9909 11.4859 10.9339 10.8679 10.6223 10.0224 8.9855 9.4708 8.1927 7.0206 6.3163 5.95 5.8112 5.3019 4.902 5.2356 4.4965 3.65 3.1399 2.9866 3.0378 2.474 2.2559 2.0707 1.9623 1.7729 1.4732 1.2251 0.709 0.5765 0.4136 0.1858 0.1714 0.1995 0.4274 0.4307 0.4299 0.4291 0.4721 0.4373 0.3924 0.3934 0.4393 0.4169 0.3951 0.432 0.534 0.5625 0.5313 0.5166 0.412 0.372 0.2877 0.6716
12.319 12.3403 12.3712 12.4162 12.4836 14.8703 14.8878 14.9358 15.0502 15.2966 16.0666 16.2633 15.8276 15.8583 15.3747 14.0566 14.3655 14.0801 13.8747 13.4668 12.1929 11.7345 12.3762 11.5256 9.8112 9.5253 9.29 8.0791 6.8983 6.7462 6.3086 5.8252 5.9605 5.4453 4.9196 4.0373 3.5776 3.1755 3.1636 2.4899 2.5515 2.2264 2.1237 1.976 1.6269 1.2786 0.6435 0.5731 0.2466 0.1074 0.2509 0.4355 0.4432 0.4306 0.4355 0.4445 0.4273 0.4098 0.4134 0.41 0.4087 0.4344 0.4353 0.5249 0.5542 0.5276 0.5183 0.4182 0.4054 0.3727 0.5889
14.9763 14.9872 15.0034 15.028 15.0656 15.1238 15.2154 17.0858 16.901 16.8887 16.885 17.4557 17.7808 17.1246 16.6073 15.9416 15.229 15.0425 14.8508 14.5738 14.2275 13.1381 13.3755 12.4392 12.7436 11.5965 10.2999 9.4325 8.2171 7.1039 7.0262 6.6328 6.1213 6.1057 5.666 4.9795 4.7972 3.7018 3.6212 3.4563 2.845 2.5723 2.4125 2.316 2.0285 1.4228 0.6725 0.5584 0.2211 0.1002 0.2297 0.4294 0.4263 0.4452 0.436 0.4406 0.4372 0.4483 0.4125 0.4157 0.4165 0.4373 0.4374 0.5206 0.5335 0.5249 0.5185 0.4673 0.4107 0.3761 0.4423
16.5961 19.329 19.318 19.3036 19.2841 17.8137 17.8177 18.5081 17.8109 17.934 18.4581 18.9861 19.0299 18.2147 17.3291 16.9111 16.3562 16.0246 15.6743 15.4718 15.3692 14.8431 13.5185 13.6301 13.3113 12.6448 12.4003 10.5993 10.0197 9.0599 8.2811 7.5436 7.6174 6.8656 6.4165 5.8314 5.5267 5.0714 4.3549 3.7942 3.3657 3.1296 2.7061 2.5747 2.2933 1.6985 1.4952 0.6598 0.2798 0.1534 0.2201 0.3033 0.4086 0.4501 0.4548 0.4382 0.4343 0.4476 0.4307 0.4306 0.4121 0.3943 0.4384 0.5053 0.5284 0.55 0.5182 0.5136 0.4137 0.4072 0.3757
19.4371 19.4478 19.462 19.4812 19.5078 20.1234 20.1439 20.1733 20.2137 20.4602 20.2852 19.8584 19.1244 19.2787 18.8455 17.8146 17.3979 17.0215 16.83 16.2577 15.9833 15.8055 15.8726 14.5916 14.0506 13.8176 12.9913 12.6588 10.7904 10.0685 9.403 8.8294 8.0462 7.7591 7.3528 7.0039 5.9359 5.5795 5.2408 4.2821 3.8589 3.3911 2.9876 2.7821 1.9599 1.7088 1.4967 1.0829 0.4566 0.2049 0.2432 0.2594 0.3344 0.3993 0.4621 0.4565 0.4327 0.4469 0.4491 0.4297 0.4092 0.4095 0.4388 0.5045 0.5253 0.5316 0.5177 0.5142 0.4799 0.4099 0.3774
19.5344 19.5633 21.0473 21.067 21.0951 21.1361 21.6086 21.6317 21.6714 21.7466 21.8936 22.0912 21.6333 20.447 19.7644 19.778 18.81 18.0778 17.6356 17.7009 16.835 16.5436 16.2405 16.3006 15.744 15.3623 14.596 13.7315 13.5493 11.7763 10.1738 9.5993 9.3603 8.7073 8.2676 7.8692 7.931 6.2231 5.3835 5.0467 4.4231 3.9555 3.2389 2.8422 2.1665 1.8355 1.4394 1.1887 0.9835 0.2226 0.2594 0.2424 0.261 0.3911 0.4629 0.4575 0.4507 0.4522 0.448 0.429 0.4474 0.4077 0.4389 0.5043 0.5092 0.5285 0.5172 0.5144 0.4814 0.4117 0.4078
26.3211 26.2748 26.2146 26.1345 26.0257 25.8745 22.763 22.7699 22.7871 22.4903 23.0414 22.9895 22.5472 21.8601 20.8469 20.277 19.8525 19.3353 18.5597 18.0567 18.1831 17.4648 17.0426 16.9464 16.9674 16.286 15.9814 15.6861 14.4252 13.9292 12.1543 10.606 10.2234 9.6176 9.1582 8.5832 8.2575 8.0655 6.2526 5.4423 5.6273 5.8007 5.0575 3.1377 2.3259 1.9671 1.6175 1.2104 1.0819 0.7263 0.269 0.2354 0.2491 0.3222 0.4632 0.4579 0.4515 0.4516 0.4473 0.4485 0.4474 0.4457 0.4579 0.5042 0.5081 0.5264 0.5002 0.5144 0.4823 0.4782 0.4095
26.5552 26.5507 26.5435 27.6361 27.5758 27.4865 27.3488 27.1271 26.7557 26.1246 23.3589 23.4915 23.8654 23.0701 22.1679 21.598 20.9877 20.4681 20.0408 19.1918 18.8179 18.9756 18.3467 17.9546 17.7693 17.7911 17.3692 17.1544 15.8275 15.0093 14.3436 12.5739 11.4037 10.3626 10.7741 9.8076 8.931 8.7059 8.3849 7.1003 6.8357 7.474 6.8473 6.1262 3.7479 2.029 1.622 1.2111 1.1269 0.783 0.274 0.2721 0.2425 0.2502 0.3854 0.4638 0.4578 0.4512 0.4526 0.4477 0.4474 0.4459 0.4577 0.5043 0.5074 0.5468 0.5281 0.5143 0.4828 0.4794 0.4107
28.2254 28.2346 28.2463 28.2614 28.2816 28.3094 28.3495 28.0878 28.1709 29.0531 28.8595 27.7317 25.5701 24.7776 23.3132 22.8746 22.3234 21.5687 20.8495 21.0519 20.6836 19.6286 19.691 19.416 19.2478 18.974 18.2763 18.627 18.4898 16.7029 15.0734 13.8466 13.2096 12.1175 11.7469 11.8597 11.2998 9.8639 9.689 8.7657 7.0364 7.7697 7.8385 7.2383 6.8739 4.5957 1.7055 1.2066 1.1483 1.0969 0.5615 0.2746 0.2387 0.245 0.3168 0.4638 0.4579 0.4515 0.4521 0.453 0.4473 0.4461 0.445 0.5044 0.507 0.5095 0.5481 0.4977 0.5127 0.4801 0.4774
28.393 28.4355 31.0216 31.0849 31.4778 31.5727 32.015 32.2281 32.6017 33.3679 34.458 36.9451 30.956 26.4043 25.4305 24.1782 23.7182 24.4132 26.7695 22.801 22.2335 27.2301 21.2737 20.4123 21.8057 26.0308 22.0511 19.2885 18.9197 20.7847 20.7368 18.2254 14.8655 14.9913 15.4372 12.8766 11.7868 12.3366 10.4539 9.7474 7.9388 7.9534 8.0368 8.0774 8.0995 6.585 4.3687 1.2013 1.1589 1.1198 0.7932 0.2761 0.2752 0.2416 0.3125 0.3981 0.458 0.4578 0.4518 0.4525 0.4469 0.4462 0.4452 0.5045 0.5067 0.5088 0.5472 0.4971 0.5127 0.4807 0.4783
31.141 31.8288 31.89 31.9721 32.0853 32.2464 32.484 33.8375 35.9711 36.311 37.1017 39.8513 33.335 31.5808 26.7131 26.5325 24.5838 25.7834 26.8977 30.535 28.5762 27.0632 22.4529 28.1055 26.0068 21.8543 22.895 23.562 20.966 21.8003 22.4417 22.1661 20.3767 18.8203 20.5713 15.0021 16.2001 18.8621 11.9987 10.5006 9.2719 8.8322 8.6912 8.1584 8.1523 8.1512 6.5139 2.7622 1.1643 1.1338 1.1075 0.5716 0.2761 0.2393 0.3095 0.3138 0.458 0.4578 0.4731 0.4522 0.4467 0.4462 0.4454 0.5046 0.5065 0.5083 0.5465 0.548 0.5127 0.4811 0.479
32.6323 32.6887 32.7612 32.8562 35.4988 35.54 35.5938 35.6657 35.7632 35.8877 35.9652 35.5051 32.3711 29.1617 27.6193 27.9772 27.0592 25.6323 28.0744 35.3887 27.4048 25.4108 33.5031 25.935 27.6789 27.5506 32.4719 27.8134 23.1456 22.3644 23.6745 26.7591 24.3872 24.4929 19.6986 23.4045 16.1819 16.6184 13.6187 10.8248 10.2562 9.3191 9.1797 8.8395 8.8506 8.1897 8.1808 5.6401 2.7553 1.1426 1.1209 0.5826 0.2768 0.3432 0.2408 0.3112 0.3971 0.4578 0.4732 0.4519 0.4524 0.4462 0.4455 0.4448 0.5064 0.508 0.5095 0.5473 0.4957 0.4813 0.4794
32.7071 35.3952 35.4109 35.429 35.4498 35.4733 35.4985 35.5215 35.5292 35.4806 35.2574 33.6345 32.593 31.6856 30.0248 28.5836 27.5958 26.3995 28.7493 32.2348 40.0213 28.6197 34.9178 36.8462 26.8076 32.4319 32.4827 34.8184 25.9588 29.1816 27.2196 26.3062 29.8263 35.2547 26.77 23.1008 17.5715 16.2141 15.4876 11.7513 10.4569 10.2363 9.3714 9.2935 9.2609 8.8984 8.9026 8.1971 5.7548 2.4352 1.1302 0.5906 0.2772 0.3434 0.344 0.3092 0.3951 0.4579 0.4732 0.4734 0.4521 0.4462 0.4456 0.445 0.5063 0.5077 0.509 0.5468 0.5478 0.4815 0.4798
35.3606 35.3697 35.3794 35.3892 35.3983 35.4049 35.4052 35.3908 35.3444 36.1605 35.0179 35.2257 35.4606 39.4575 36.4962 31.5302 32.0039 34.5402 34.6135 35.2756 38.7497 42.4485 44.6536 41.3015 37.6052 40.3984 44.1002 39.7126 38.3934 41.9712 33.742 33.3741 36.1012 32.9617 30.1307 24.2705 18.9467 19.02 15.7923 13.0421 10.5204 10.3688 10.2722 9.3944 9.3447 9.3178 8.9253 8.9257 7.3854 5.7501 2.4122 1.1232 0.5842 0.2769 0.3441 0.3077 0.3103 0.3963 0.4577 0.4734 0.4518 0.446 0.4456 0.4451 0.5063 0.5075 0.5087 0.5463 0.5473 0.4948 0.4801
