normal_rasters/0772100001002375.ascii
ncols 66 
nrows 66 
xllcorner 158322.667999
yllcorner 383891.151001
cellsize 0.25
nodata_value -9999 
[rows 31 to 61 of 66, columns 0 to 65 of 66]
25.4481 25.4237 25.3872 28.4879 24.5483 24.6611 25.5898 25.039 24.9256 21.9166 21.1776 19.6882 18.4843 19.7465 20.0318 13.3045 12.4832 11.4302 10.1561 9.0036 8.6792 8.1257 8.3232 8.2111 8.5635 7.9949 7.1993 7.0251 6.2076 5.9086 4.7663 4.3862 4.0993 2.9651 2.2377 1.8776 1.5717 1.1171 1.3592 1.7099 1.7644 2.6346 3.3073 3.5152 3.9226 4.304 5.5126 6.154 6.6219 6.8612 7.1545 8.2472 9.2893 9.6491 9.8501 14.6041 18.3716 19.4069 19.3031 16.8572 16.9551 16.9898 16.1462 16.0893 16.0402 15.9987
25.4959 25.4787 25.4489 25.3996 25.3204 24.5663 24.7309 25.6516 24.9881 24.7844 23.2638 22.7974 16.4571 16.1023 12.2639 11.8601 10.8054 10.5242 9.9579 9.3026 8.3264 8.003 7.3968 7.1988 6.9876 7.3702 6.9498 6.1605 5.3664 5.0897 4.2223 3.9787 3.1605 2.4236 1.8811 1.6136 1.2772 1.0986 1.5931 1.8757 2.4818 3.4139 3.7357 4.0154 4.6709 5.2015 6.5781 6.5376 7.1067 7.9049 8.8164 12.752 14.1992 10.3651 10.0348 10.2862 15.5074 18.7469 19.4367 21.8446 16.7928 16.8533 16.881 16.0592 16.0209 15.9866
25.551 25.5451 25.5285 25.4928 25.4232 25.2945 24.5931 24.9108 22.4601 24.417 22.7322 37.5619 15.77 12.7285 11.4683 11.1071 10.4518 10.0427 9.6378 8.8934 8.2449 7.7672 7.1402 6.8721 6.6281 6.1818 6.0971 5.5129 5.003 4.1963 3.7395 2.9356 2.3249 1.8899 1.2067 1.1653 1.2728 1.3926 1.9185 2.4975 2.7813 3.7144 4.3779 4.594 4.9436 5.4109 6.217 6.5932 7.6234 8.2762 14.5975 35.2646 18.137 17.3272 11.747 10.2191 15.0407 15.7021 18.8824 19.316 21.8667 16.751 16.7916 16.8134 16.8226 15.9705
25.6111 25.6205 25.6245 25.6158 25.5782 25.4756 25.2315 24.6254 24.0132 24.0166 20.582 16.0378 13.342 11.8038 11.364 10.3152 9.8594 9.3893 9.1257 8.7852 8.1877 7.3688 6.8512 6.3421 6.0321 5.8338 5.7015 4.7327 4.2032 3.5386 2.8841 2.1925 1.927 1.1299 0.9896 1.3665 1.6695 2.0433 2.2208 3.3587 3.5898 4.4481 4.7825 5.1007 5.8598 6.3745 6.1899 6.6225 9.1816 11.2019 18.1351 19.6685 20.5284 18.6944 17.9495 11.9375 11.1403 15.4493 18.7743 19.1854 19.2598 21.8843 16.7217 16.7507 16.7679 16.7768
25.6722 25.6997 25.7302 25.7613 25.7847 25.7712 25.6199 24.9992 22.9857 33.2505 21.0549 14.7865 12.6487 11.7109 11.0243 10.0852 9.7022 9.3967 8.8764 8.4507 7.5292 7.0591 6.4852 6.0874 5.1951 4.9243 4.1691 4.0569 3.8025 3.0486 2.2111 1.727 1.4925 1.222 1.2859 1.5706 1.7455 2.9572 3.0194 3.6539 4.2635 4.7414 5.5133 5.8034 6.4034 6.8093 7.1132 8.2086 13.3575 15.2211 17.2775 19.4707 20.4615 20.3666 18.3417 17.9658 17.2779 11.2021 16.3183 18.9015 19.1799 19.231 21.8981 16.7001 16.7217 16.7355
29.8746 29.8074 29.7159 29.5852 26.0096 26.1484 26.3097 26.0625 23.3978 21.4991 18.7249 14.8829 13.5761 11.4639 10.7391 10.289 9.403 8.8794 8.4415 8.3145 7.5751 6.5407 6.0457 5.4574 5.1174 4.5586 3.7066 3.6795 2.6813 2.1959 1.7214 1.5809 1.3832 1.1707 1.2024 1.6926 2.5055 3.1481 3.6266 4.0001 4.5245 4.9427 5.9978 6.098 6.8004 7.4111 8.3612 9.0379 25.6199 17.4901 18.0287 15.2302 19.8343 20.4476 20.381 20.3416 17.7804 17.4204 12.7516 16.4138 18.9725 19.1778 19.2152 21.9091 16.6834 16.7001
29.9736 29.9337 29.8824 29.8142 29.7206 29.5904 29.4401 29.958 31.4418 33.9824 17.6372 16.0455 14.0296 12.9042 10.9228 10.2965 9.3155 8.7073 7.9183 7.4991 7.4032 6.5077 6.0677 5.7307 4.6467 3.7264 3.7347 3.0372 2.4836 2.0019 1.2912 1.2599 1.1683 1.6285 1.9162 2.8097 2.9462 3.4143 3.7098 4.263 4.9531 5.5755 6.2249 6.9558 7.8298 8.4847 10.9406 26.4532 21.5443 20.5186 18.4926 18.1943 14.7559 19.9308 20.4367 20.3976 20.3739 17.7489 17.5 12.7903 16.4718 19.0156 19.1775 21.8176 21.9179 16.6701
30.0829 30.0753 30.0728 30.083 30.1263 30.2631 30.7045 35.7323 40.4261 21.9993 29.2834 16.3999 14.9176 13.4674 12.345 10.6177 9.6943 8.7836 7.9001 7.2951 6.8346 5.8591 5.4272 4.7121 3.9772 3.6795 3.3763 2.7534 2.3901 1.208 0.7122 0.8446 1.3843 2.1058 2.2994 3.3335 3.404 3.768 4.1181 4.8246 5.0843 5.5814 6.3081 7.4874 8.2896 13.6322 11.6434 25.8095 23.5385 21.5994 22.5158 22.2696 18.1563 18.9374 20.4694 20.4339 20.4091 20.3932 17.7301 17.5488 12.8128 16.5099 19.0433 19.1782 16.6218 21.9252
30.1931 30.2166 30.2592 30.338 30.4892 30.7962 35.3604 37.3327 36.8652 36.8073 34.4949 24.2573 15.3332 13.7333 12.6956 11.0826 9.7639 9.0673 8.42 7.1694 6.2814 5.7784 5.2045 4.8182 4.1605 3.7476 3.1737 2.756 1.8744 1.3592 0.8864 0.7698 1.4741 2.5549 3.3043 3.63 3.9153 4.1114 4.4288 4.8224 5.6522 5.9668 7.1631 7.7769 12.4787 20.0721 23.9955 23.0619 24.1494 21.722 21.2715 22.785 22.5888 19.4367 18.938 20.4573 20.434 20.4172 20.4058 17.7185 18.4063 12.8267 16.5362 19.7449 19.1794 16.6219
30.2954 30.3435 30.4187 30.5395 34.7892 35.1567 36.8425 36.7579 36.1507 31.7656 34.8893 35.9686 27.1998 15.8919 12.8299 11.8363 10.0874 9.1399 7.9242 7.5137 6.3178 5.6508 5.0521 4.4661 3.9773 3.6055 3.037 2.4695 2.0359 1.5673 1.2367 1.9027 2.144 2.477 3.5365 3.8766 4.3962 4.6253 4.8031 5.5114 5.9319 6.4184 7.8228 15.3057 18.7848 20.6709 22.6989 23.1827 23.4862 23.7567 21.1784 21.002 22.8838 22.7397 19.4107 19.3869 20.4513 20.4351 20.4231 20.4145 17.711 18.4207 12.8355 19.6611 19.7557 21.7862
30.3836 30.4475 34.6613 34.8081 35.0352 36.6945 36.778 36.8121 30.9527 29.811 30.296 24.8241 27.2145 22.046 14.7369 11.2252 10.5416 9.1352 7.9277 7.4175 6.8946 5.5504 5.0887 4.7433 4.1059 3.9901 3.3244 2.4675 2.2769 1.9505 1.9833 2.3284 2.2737 3.0375 4.3708 4.5983 4.6577 5.1558 5.3186 5.6537 6.6248 8.0534 11.2058 25.8286 19.8833 23.2673 21.2635 21.6229 25.7795 23.3834 27.3551 20.9545 20.8654 22.9256 22.8188 19.3931 19.376 20.4483 20.4365 20.4275 20.4209 17.8529 18.4323 12.8413 19.686 19.7641
34.6177 34.694 34.8025 34.9559 36.6153 36.7382 36.4726 31.265 29.6604 26.3151 28.3071 26.0041 29.6269 17.3704 23.6394 11.9324 10.5099 9.6777 8.4802 7.707 7.0587 6.3896 5.4902 4.9983 4.4373 3.9323 3.3593 2.5369 2.4037 2.3647 2.5316 2.878 2.7899 2.6417 3.8474 5.0521 5.4893 5.705 5.9037 6.6635 7.5142 9.6128 18.3109 20.6846 20.9345 20.0972 25.1622 21.2007 21.24 25.9098 23.7037 27.3943 26.4034 20.7873 22.9451 22.8638 19.3806 19.3678 20.4468 20.4379 20.4309 20.4256 17.8483 18.442 12.8452 19.7055
34.7073 34.7902 38.2273 40.5904 36.7029 36.3838 31.2262 30.1983 26.0128 29.2543 27.4815 27.7186 28.1985 32.172 18.1037 13.9972 10.7358 9.6187 9.4162 8.0998 7.22 6.6289 6.0345 5.2571 4.3279 3.9833 3.3576 2.9721 2.7704 2.6761 3.1851 3.3096 2.9911 3.3782 4.1437 4.8032 6.0952 5.6981 6.6672 7.2022 11.2654 16.3498 17.4116 19.1136 19.6779 20.1905 19.9447 25.7459 21.061 21.0783 25.9699 27.2789 27.4141 26.4214 20.7382 22.9546 22.8911 19.3713 19.3615 24.881 20.4392 20.4337 20.4293 18.5186 18.4501 12.8478
34.7766 38.2136 40.5761 36.6738 36.3319 31.1994 26.5085 25.8953 29.3876 28.4635 24.1962 27.641 27.4798 27.4197 25.1813 19.2841 12.7324 10.5691 9.3803 8.815 7.4035 6.9579 6.3746 5.2801 4.2364 3.831 3.5879 3.1536 3.0318 3.2089 3.6452 3.7049 3.5019 3.5078 3.9425 4.3132 5.5747 7.2507 8.2816 10.9508 19.9426 14.1472 14.565 17.9472 18.8407 19.0278 19.9545 21.2348 21.4582 20.9828 20.9943 26.0013 27.3301 27.425 26.4323 20.7051 22.9593 22.9085 19.3642 19.3564 24.8946 20.4404 20.4359 20.4323 18.5149 18.4571
38.2026 40.5669 36.6502 36.2984 31.1796 26.4504 25.8365 29.435 28.4693 24.0938 24.4575 30.3096 26.7126 27.2087 28.6992 27.7727 21.561 12.8634 10.8678 9.3856 8.7415 7.7574 6.8755 5.1014 4.5622 4.207 3.9866 3.7665 3.3141 3.288 3.5293 4.1538 4.0508 4.3348 4.501 4.5283 5.9345 7.3745 15.0408 15.1836 16.7134 14.4073 14.1609 14.1425 18.0786 18.6431 21.8102 21.7109 21.2055 21.4937 20.9357 25.9886 26.0195 27.3614 27.4315 26.4393 20.6816 22.9614 22.9199 19.3586 19.3523 24.9054 20.4415 20.4378 20.274 18.5126
40.5607 36.6308 36.2751 31.1644 26.4146 25.8021 29.4563 28.5835 28.5313 27.2799 27.5914 26.5573 29.4927 29.9024 28.5686 31.5613 30.2264 18.4367 12.4613 9.861 8.7887 7.8398 6.5439 5.2434 5.0487 4.6697 4.0976 4.0066 3.6325 3.5974 4.1726 4.8314 4.8109 4.4694 4.9116 5.4721 6.5228 17.4173 13.9126 18.0488 17.0172 16.7456 14.3235 14.0159 13.9911 20.6118 18.5188 21.729 21.6696 21.1896 21.5082 20.905 26.0079 26.0308 27.3819 27.4357 26.4438 20.6642 22.9621 22.9276 19.3541 19.3489 24.9142 20.4425 20.4394 20.2721
36.3143 36.3002 31.1525 26.3908 25.78 25.6422 28.637 28.605 27.254 27.4575 33.3445 29.4343 29.7024 32.1108 32.0825 30.3156 30.5151 30.843 20.8027 11.7213 9.2443 7.9676 6.565 6.0604 5.536 5.0795 4.8468 4.3519 4.0216 3.8877 4.1964 5.1595 5.0708 4.9447 5.9497 8.2023 7.7713 19.9565 19.0204 17.7225 19.9594 16.9921 16.8226 14.2958 13.9288 13.9107 20.6655 21.5204 21.6856 21.6464 21.1805 21.5137 20.8837 26.0207 26.0382 27.3958 27.4383 26.4469 20.6508 22.9621 22.933 19.3504 19.346 24.9214 20.4434 20.4407
36.2859 31.1429 26.3738 25.6031 25.6289 28.6639 28.6433 27.2318 30.8605 33.3369 29.3586 32.4449 32.0586 32.034 31.9786 31.7276 31.2604 30.0622 30.1958 18.091 9.7226 8.7468 7.4646 6.3452 5.5751 5.4691 5.0884 4.5463 4.5271 4.2452 4.8582 5.6802 6.6531 6.1664 13.5671 17.2133 12.0741 16.9532 18.7155 18.1632 17.9927 20.4509 16.9631 16.8826 14.2751 14.3517 14.9616 20.6876 21.5187 21.6599 21.6322 21.1749 21.5151 20.8683 26.0295 26.0434 27.4057 27.4401 26.449 20.6403 22.9616 22.9368 19.3472 19.3435 24.9275 20.4442
31.135 26.3613 25.5967 25.6178 28.6778 28.664 27.3875 30.8382 33.3347 29.2909 32.4326 32.0356 32.018 31.9862 31.7287 31.1531 31.145 30.8422 30.1898 28.1532 13.7393 10.3094 8.1034 6.959 5.459 5.7895 5.7724 4.8891 4.9405 5.1832 5.3883 6.1477 7.4593 10.9854 11.1929 15.1995 15.5273 13.8768 21.0013 18.0935 18.4112 18.0423 18.3059 16.9706 14.1819 14.2593 14.3116 14.9317 20.7673 24.1453 21.6434 21.6229 21.1714 21.5145 20.8566 26.0359 26.0471 27.413 27.4414 26.4505 20.6319 22.9609 22.9394 19.3446 19.3414 24.9326
26.3516 25.5909 25.6085 28.9354 31.8752 27.3676 30.8238 33.3348 32.4514 32.4262 32.0242 32.0115 31.751 31.7258 31.1224 31.3321 31.3127 30.8199 28.8133 30.665 15.893 19.9994 10.9276 7.4109 6.4805 6.0166 6.0746 5.7029 5.4675 5.745 6.3648 6.9567 8.089 11.9754 19.3133 17.2252 16.3044 12.4556 19.9919 17.3679 17.879 18.265 18.0584 18.4118 16.9865 14.1939 14.2471 14.2849 14.9112 20.7578 24.1528 21.6323 21.6165 21.1691 20.842 20.8476 26.0406 26.0498 27.4184 27.4423 26.4516 20.6249 22.96 22.9413 19.3423 19.3395
25.5857 28.9145 28.9353 31.89 30.7436 30.8136 33.3359 32.4426 32.4228 32.0179 32.0085 31.7417 31.7246 31.6987 31.36 31.3608 30.8243 27.9522 27.6762 27.5416 21.7297 19.1447 23.8339 8.3764 7.1532 6.7077 6.384 6.3659 7.0097 6.832 6.9939 8.2426 10.3132 11.2485 14.7965 15.2202 14.3806 12.5159 12.2073 20.4736 21.1822 17.6209 18.1958 18.0651 18.4687 17.003 14.1989 14.2375 14.2661 14.8962 20.751 24.1583 21.6245 21.6119 21.4534 20.8357 20.8403 26.0441 26.0518 27.4226 27.4429 26.4523 20.6191 22.9591 22.9427 19.3403
28.9167 28.9345 31.9006 30.7493 29.762 33.3374 32.4369 32.4211 32.0141 32.007 31.7366 31.7244 31.707 31.3732 31.3775 30.8082 27.4629 26.9234 26.6941 22.9957 21.1766 19.8455 20.0706 16.255 8.421 7.002 6.6923 7.4146 7.7061 8.2394 8.1273 11.5335 16.8911 12.6046 16.3825 14.8469 14.7452 14.3106 17.6886 12.4194 20.6717 21.1607 17.6724 18.1582 18.0685 18.5028 18.4026 14.2007 14.2298 14.2521 20.6753 20.746 24.1625 21.6187 21.6085 21.4608 20.8305 20.8344 26.0468 26.0534 27.4258 27.4433 26.4528 20.6143 22.9582 22.9436
28.9333 31.9084 30.7534 29.7565 33.3389 32.4332 32.4202 32.0117 32.0061 31.7337 31.7245 31.7121 31.3796 31.384 30.7924 30.805 26.6419 26.4851 22.5561 21.9644 24.3443 17.3001 19.5708 17.3655 8.9215 7.5871 7.3411 8.4062 8.6646 10.1345 20.3999 13.7806 15.0234 12.9791 12.5645 17.1049 14.6739 14.6162 14.2855 17.7872 12.3745 20.7679 21.148 17.6184 18.1355 18.0702 18.5249 14.1785 14.2007 14.2235 14.2414 20.6842 20.7422 24.1659 21.6144 21.606 21.4661 20.8262 26.0428 26.049 26.0546 27.4284 27.4436 26.4532 20.6101 22.9573
31.9143 30.7563 29.7517 32.4394 32.4306 32.4199 32.0102 32.0056 31.7319 31.7247 31.7155 31.3828 31.3866 30.7796 30.7874 26.4872 26.3872 22.8894 22.0298 25.0185 17.0264 19.6093 19.9525 17.0668 21.6479 11.3852 8.0358 9.41 10.3808 18.0231 18.51 21.5967 16.8202 16.645 12.2906 16.9843 17.2576 14.5957 14.5627 17.8611 17.8422 12.3501 20.8204 21.2476 17.5843 18.1208 18.0712 18.5401 14.1866 14.2 14.2183 14.2329 20.6908 20.7392 24.1687 21.6111 21.604 21.4698 20.8225 26.0454 26.0507 26.0555 27.4305 27.4438 26.4535 20.6065
30.7583 29.7476 32.4364 32.4289 32.0121 32.0091 31.7352 31.7307 31.725 31.4309 31.3844 31.3876 30.7694 30.7747 26.8685 26.3211 22.8227 21.9714 25.2215 21.3987 16.4062 20.1108 17.2886 18.3247 21.5313 16.2874 13.1356 10.1568 14.6542 15.7261 23.3798 22.9492 21.6871 17.154 17.0093 12.3853 17.1485 17.3176 14.5557 14.4829 17.8904 17.8767 12.3355 20.8514 21.2363 17.5613 18.1107 18.0718 18.551 14.1921 14.1989 14.2138 15.3241 20.6959 20.7369 24.1709 21.6085 21.6024 21.4725 20.8193 26.0474 26.0521 27.419 27.4322 27.444 26.4536
29.7439 32.4342 32.4276 32.0108 32.0083 31.7338 31.73 31.7254 31.4324 31.3853 31.3879 31.3915 30.7652 26.985 26.2716 22.7623 21.9071 21.9894 21.5907 17.0895 21.5081 21.5215 21.968 23.6233 25.7463 27.3412 18.4298 11.7859 15.0911 14.6154 19.8084 22.4177 22.5797 20.5477 17.2514 17.1558 12.2658 17.2352 17.3477 14.5326 14.4551 17.9107 17.9003 12.3261 20.8709 21.2289 17.5451 18.1034 18.0722 18.5592 14.1959 14.1976 14.2101 15.319 20.6998 20.735 24.1728 21.6064 21.1782 21.4744 20.8166 26.0491 26.0532 27.4219 27.4336 27.4441
32.4325 32.4268 32.0099 31.8688 31.7327 31.7295 31.7257 31.7853 31.4384 31.3878 31.3907 30.7577 26.9536 26.233 22.7095 22.5483 21.9682 21.6643 21.6131 21.6848 21.7602 22.2558 24.7846 30.3307 28.9178 29.7685 32.7289 23.1778 13.9248 14.1917 18.6045 20.0096 22.2694 22.4113 20.4937 17.294 17.2281 12.2029 17.2857 17.3651 17.4485 14.439 17.9254 17.9173 12.3196 20.8838 21.224 17.5332 18.0981 18.0724 18.5654 14.1986 14.2288 14.2068 15.3149 20.7029 20.7334 24.1744 21.6047 27.2122 21.4757 20.8142 26.0505 26.0542 27.4243 27.4347
32.4261 31.8709 31.8676 31.7319 31.7292 31.7891 31.7868 31.4383 31.3876 31.3899 30.7517 26.9275 26.202 22.664 22.5461 21.899 22.4727 26.1016 21.7485 25.468 24.1154 30.1305 30.2013 27.9553 28.4154 28.4985 28.3979 26.3124 23.0299 21.0271 14.6234 19.042 17.8703 22.2203 22.3237 23.2714 17.3169 17.2692 12.1657 17.3174 17.3762 17.4624 14.4292 17.9366 17.9301 12.3151 20.8925 21.2205 17.5242 18.094 20.861 18.5703 14.2005 14.2263 14.2039 15.3115 20.7054 20.7321 24.1758 21.6033 27.2142 21.4766 20.8121 26.0517 26.0549 27.4263
31.8696 31.8666 31.7313 31.729 31.7898 31.7879 31.4382 31.3873 31.3892 30.7468 26.9055 26.1767 22.6249 22.5354 22.5495 26.2509 26.1774 21.754 30.0378 30.0949 30.1223 30.1598 27.6335 27.9082 28.1973 28.4289 28.6929 26.9056 23.8865 22.3746 21.2793 18.8539 19.1879 17.8252 22.2003 22.274 23.2684 17.3307 17.2948 12.1418 17.3386 17.3837 17.4724 14.423 17.9455 17.94 12.3117 20.8986 21.218 17.5172 18.0908 20.8639 18.5742 14.2019 14.2242 14.2014 15.3086 20.7075 20.731 24.1771 21.6021 27.2159 21.7733 21.7782 26.0527 26.0556
31.8659 31.7309 31.7288 31.7904 31.7888 31.4381 31.387 31.3886 30.7427 26.8867 26.8453 26.1325 22.5213 22.7057 26.2825 26.3489 28.1987 30.0847 30.099 30.1182 30.1428 27.4456 27.6236 27.8271 28.0345 28.2166 28.3383 28.2481 23.819 22.9174 21.9758 21.3779 19.0438 19.2473 17.7982 22.1907 22.2453 23.268 17.3399 17.3119 12.1255 17.3535 17.3892 17.4798 14.419 17.9525 17.948 19.187 21.2048 21.2162 18.0614 18.0882 20.8663 18.5773 14.2029 14.2224 14.1992 15.3062 20.7092 20.7301 24.1781 21.6012 27.2174 21.7719 21.7763 26.0535
31.7306 31.7921 31.7908 31.7895 32.0095 31.3866 31.388 30.7392 26.8704 26.8362 26.1192 22.5062 23.2913 26.2982 28.2431 30.0354 30.0897 30.1011 30.1156 30.1336 27.3172 27.4405 27.5814 27.7323 27.8776 27.9945 28.0521 27.9864 26.6886 22.8248 22.3401 21.7977 21.4263 19.14 19.2748 19.9354 22.1856 22.2274 23.2688 23.1844 17.3239 12.1138 17.3643 17.3933 14.4322 14.4163 17.9584 17.9545 19.1961 21.2051 21.2149 18.0553 18.0862 20.8684 18.58 14.2036 14.2208 15.2993 15.3041 20.7106 24.1695 24.1791 21.6004 27.2187 21.7706 21.7746
