normal_rasters/0772100000296758.ascii
ncols 51 
nrows 52 
xllcorner 158259.891998
yllcorner 383866.192993
cellsize 0.25
nodata_value -9999 
19.7238 19.7075 16.5415 14.5043 14.4798 11.278 11.2555 10.6552 11.9074 13.5456 13.5804 13.6201 18.1065 20.1469 23.0093 23.0765 23.1534 27.6159 27.7387 32.5032 32.7711 37.9343 38.1709 41.7542 41.9686 45.1708 45.2278 45.2872 46.5413 46.5385 46.5358 46.5333 46.5313 46.5298 46.4446 46.4431 46.3871 46.4954 46.4993 46.5027 46.5057 46.5082 46.4974 46.499 46.5003 46.6161 46.617 46.6177 46.7954 46.9468 46.9407 
19.7351 19.7181 19.6994 14.5207 14.495 11.6093 11.2694 11.2431 10.6516 11.9143 13.5522 13.5938 13.6415 18.1295 20.1708 23.0292 23.112 27.5251 27.6558 27.8109 32.591 37.7682 38.0278 41.6412 41.8908 45.1492 45.2183 45.2917 46.5411 46.5376 46.5342 46.5313 46.5289 46.4453 46.4432 46.3873 46.3868 46.4967 46.5011 46.5049 46.5081 46.4978 46.4998 46.6153 46.6167 46.6177 46.6186 46.817 46.9604 46.9411 46.9425 
19.748 19.7305 19.711 17.5931 14.5131 14.483 11.6013 11.2581 10.6488 9.8068 11.9242 13.5615 13.612 13.6704 18.162 22.9697 23.0579 23.1621 27.5497 27.7174 27.9177 32.7268 37.8333 38.1821 41.7746 42.1077 45.2015 45.2941 46.541 46.5366 46.5323 46.5286 46.5257 46.4438 46.4414 46.3868 46.3864 46.4987 46.5037 46.5078 46.4983 46.5008 46.6159 46.6175 46.6187 46.6196 46.8175 46.9605 46.9415 46.9432 46.9446 
19.7629 19.745 19.7247 19.7019 16.5428 14.5027 14.4671 11.2765 11.243 10.6435 9.8111 13.5222 13.575 13.6374 13.7101 20.1209 22.9875 23.1 23.2344 27.5934 27.8144 28.0796 37.5698 37.9571 41.6002 42.0047 45.1718 45.2921 45.413 46.5354 46.5298 46.525 46.5215 46.4416 46.387 46.3862 46.495 46.5018 46.4947 46.4989 46.5021 46.6166 46.6186 46.62 46.8166 46.9455 46.9608 46.9422 46.944 46.9456 47.0682 
24.132 19.7618 19.7409 19.7171 19.6902 14.5265 14.4888 11.615 11.2631 11.2227 10.6369 9.8173 13.5287 13.5947 13.6736 16.4674 20.1529 23.0159 23.1637 27.4298 27.6701 27.9704 32.6268 37.6333 38.19 41.8292 45.1188 45.2799 45.446 46.534 46.5263 46.52 46.5158 46.4384 46.3861 46.3854 46.4985 46.4938 46.4997 46.5039 46.6177 46.6201 46.6217 46.8174 46.9723 47.0156 46.9431 46.9452 47.0683 47.068 47.0134 
24.1744 24.1075 19.7601 19.7354 19.7071 17.5885 14.5153 14.4696 11.603 11.2444 10.6314 9.8034 9.8263 13.5396 13.6242 13.7264 20.0244 22.903 23.0624 23.2634 27.4702 27.8058 28.2274 37.171 37.7963 41.351 45.0211 45.244 45.4856 46.5325 46.5214 46.5126 46.5077 46.386 46.3847 46.4928 46.492 46.5006 46.6151 46.6194 46.6223 46.8158 46.8186 46.9727 47.0163 46.9445 47.1638 47.0682 47.0679 47.0133 47.0131 
24.2247 24.1544 19.7825 19.7573 19.7279 19.6937 17.5727 14.4991 13.6947 11.5855 11.2178 10.6206 9.8102 13.469 13.5578 13.6695 16.4527 20.0427 22.9189 23.1407 23.685 27.5628 28.0507 30.1811 37.1895 40.9304 41.796 45.1493 45.5274 46.531 46.5138 46.5011 46.4319 46.3834 46.3828 46.4881 46.5016 46.616 46.622 46.6257 46.8171 46.8204 46.9736 47.0447 46.9464 47.1636 47.068 47.0677 47.0132 47.0129 47.0136 
27.1561 24.2108 24.1274 19.7834 19.7532 19.7173 19.6754 14.5363 14.4758 13.6827 11.2489 9.2348 9.7891 9.8211 13.4697 13.5888 13.7416 16.5183 20.0788 22.9535 23.2786 27.2096 27.7648 28.4984 32.7787 37.1547 41.3332 44.7018 45.5408 46.53 46.5017 46.4806 46.3804 46.3796 46.4791 46.5023 46.6176 46.6265 46.8133 46.8195 46.97 47.0885 47.0474 47.1642 47.0684 47.0679 47.0674 47.0131 47.0136 47.0135 47.0135 
27.2058 27.1431 24.1908 24.0907 19.7839 19.7469 19.7024 17.5791 14.5183 13.7 11.6054 11.2129 9.2196 9.7954 9.8388 13.4762 13.6429 15.7086 17.693 20.855 23.0266 23.7293 25.0053 28.1929 32.404 33.1493 39.5021 44.0512 45.1953 46.4714 46.4849 46.4347 46.3696 46.4563 46.5006 46.6207 46.6352 46.816 46.8241 46.972 47.0916 47.239 47.1643 47.0684 47.0677 47.0538 47.0529 47.0135 47.0134 47.0133 47.0478 
27.2652 27.2005 27.1245 24.1621 19.821 19.7835 19.7371 19.6806 17.5506 14.4898 13.6852 11.5727 9.2277 9.7602 9.8075 11.3762 13.4955 13.7419 15.8072 17.7852 20.8413 23.3818 24.8068 25.6955 30.1849 32.5314 37.595 40.9055 44.5459 46.6151 46.3974 46.3455 46.3797 46.5533 46.6253 46.8016 46.8236 46.8337 46.9768 47.098 47.2391 47.1648 47.0684 47.0674 47.0532 47.0521 47.0133 47.0132 47.0131 47.0476 46.8789 
33.9235 27.2703 27.1914 27.0976 24.1207 19.8288 19.7816 19.7219 17.594 14.5554 13.7134 13.6614 11.5172 9.1998 9.7616 9.8307 11.3895 13.5444 15.0783 17.6643 18.641 22.7516 24.2585 25.5565 28.3392 31.0038 34.1681 39.398 41.7239 45.5453 46.7424 46.5127 46.425 46.5905 46.8164 46.8484 46.9819 47.0958 47.2382 47.2398 47.166 47.1551 47.1516 47.0522 47.0509 47.013 47.0129 47.0129 47.0474 46.8792 46.8768 
35.8074 33.9108 27.2745 27.1761 24.2248 24.0604 19.8381 19.7769 19.6975 17.5564 14.5223 13.6963 13.6212 9.2102 8.3816 9.7693 11.2653 11.4292 13.6649 16.2578 18.5372 18.8286 20.7915 24.607 27.9555 30.0005 33.0853 36.6786 39.8223 41.0401 46.2608 46.7573 46.7081 46.9714 47.0061 47.0165 47.2609 47.2423 47.2426 47.1607 47.1527 47.148 47.0507 47.0127 47.0126 47.0125 47.0125 47.0608 47.0624 46.8767 46.916 
35.8353 35.7987 32.3603 27.2765 27.151 24.1809 19.9089 19.8492 19.7668 19.6564 16.4787 13.7481 13.6643 13.5477 9.1489 8.4046 9.7926 11.2372 11.5496 14.9204 16.417 18.7049 19.3992 21.6947 25.7908 28.0883 31.4619 33.7991 37.5811 41.2147 45.3924 46.5731 47.1931 47.237 47.2123 47.2785 47.2584 47.1914 47.1613 47.1484 47.0514 47.0482 47.012 47.0119 47.0119 47.012 47.0608 47.0627 46.9179 46.9155 46.9136 
35.8694 35.8317 35.7855 29.5277 27.2741 27.1093 24.1102 19.9428 19.8625 19.7458 17.5807 16.4289 13.7355 13.5986 9.1159 8.6941 8.4576 10.1042 11.2379 12.9349 15.7703 17.1739 19.1651 21.2108 22.9993 25.856 28.721 32.997 36.1568 39.7127 41.8539 43.2317 46.5665 47.2862 47.3365 47.3274 47.2484 47.1623 47.1395 47.0478 47.0436 47.0108 47.0108 47.011 47.0576 47.0609 47.0633 46.9178 46.9148 46.9124 46.9107 
37.8301 35.873 35.8249 35.765 29.5455 27.2628 27.0389 23.2174 19.9917 19.8779 19.7011 17.479 14.5825 13.7004 12.6866 8.9666 8.6457 9.084 10.1062 11.5353 14.0083 15.9824 17.3769 19.6437 21.2172 24.324 26.3182 30.2531 33.3206 36.2905 39.4143 40.4439 44.4429 46.9455 47.4168 47.279 47.1552 47.1187 47.0399 47.0399 47.0082 47.0088 47.0096 47.0569 47.0613 46.9226 46.9175 46.9136 46.9108 46.8331 46.8307 
37.8608 37.8237 35.8759 35.8125 35.7323 29.565 27.2335 26.9166 23.1703 20.0673 19.894 19.5981 16.3898 14.5704 12.8181 10.8899 8.4664 8.277 8.8665 10.9013 12.7633 14.4155 15.6035 18.063 19.439 22.3591 25.6719 28.1504 31.1163 35.5693 37.7625 38.2841 38.869 45.9194 47.2657 47.1246 47.0797 47.0243 47.0254 47.0339 47.005 47.02 47.0563 47.0625 46.9241 46.917 46.9119 46.8352 46.8313 46.8284 46.7406 
38.4885 37.8624 37.8142 35.8768 35.79 35.678 29.5841 27.1662 26.6971 23.0912 20.195 19.9007 17.5095 14.6106 14.5125 12.611 9.5584 7.5822 8.1474 8.9356 9.5001 13.6744 15.3711 16.1318 19.2441 20.5363 22.9667 27.347 30.116 32.9933 36.9356 38.0443 38.4015 41.0054 46.2282 47.0623 47.0199 46.971 47.0131 47.0238 47.0585 47.0563 47.0652 46.9269 46.9163 46.9165 46.8331 46.8283 46.8251 46.6443 46.6401 
38.5107 38.4858 37.8643 37.7992 35.873 35.748 32.5219 29.5951 27.0167 23.3833 21.0086 20.8619 19.8406 16.1335 14.5334 13.5205 9.9825 6.2565 6.0822 8.481 9.093 11.0425 14.1283 16.4626 17.2105 19.9238 21.6914 23.8319 28.2929 30.7013 33.0273 36.2706 38.1604 37.6996 43.3892 47.1064 47.1492 46.9758 47.0162 47.0537 47.0587 46.9573 46.9393 46.9225 46.9124 46.8289 46.8231 46.8197 46.6401 46.426 46.4202 
38.5392 38.516 38.4829 38.4361 37.7737 35.8576 35.6656 32.5315 29.5741 26.6913 25.0106 21.44 21.1625 18.3205 15.7509 13.4637 14.6618 5.8093 5.3027 5.5329 8.0755 10.0874 12.5864 15.0274 16.915 19.0154 21.292 23.233 25.0348 29.9372 31.6952 34.1379 36.3471 37.6211 39.3063 44.9049 47.2271 47.0769 47.0549 47.0646 47.0845 46.9548 46.9217 46.904 46.8201 46.8136 46.6405 46.6329 46.4226 46.416 46.4113 
38.7024 38.6834 38.5261 38.48 38.4097 36.8631 35.8127 35.4929 30.3507 29.4592 25.4712 24.3943 22.4943 21.6851 17.0452 16.2204 12.9745 11.5711 5.9015 3.5938 4.4149 8.2899 10.4421 14.0147 15.8355 18.4649 20.4772 21.7735 24.3982 25.91 30.5709 32.0031 34.5726 37.7382 37.5473 40.399 45.8249 47.1223 47.0511 47.0628 47.0024 46.9233 46.8836 46.7949 46.642 46.6283 46.4276 46.4163 46.4089 46.3112 46.3065 
38.7399 38.7279 38.7063 38.6682 38.4791 38.362 36.8305 35.6864 34.5621 32.3291 28.4123 25.3211 23.613 22.6899 19.5736 17.4762 15.5797 12.562 9.9987 4.6014 2.6476 3.3274 9.3882 11.3319 15.6491 17.4402 19.1948 21.3992 23.4707 25.1869 27.5104 31.2582 32.8592 35.3087 38.92 37.7993 41.7305 47.1449 47.1262 47.1156 47.0127 46.7681 46.7467 46.6153 46.6032 46.4172 46.4043 46.3059 46.2992 46.2953 46.1245 
38.7824 38.781 38.7732 38.7525 38.7051 38.4888 38.2591 36.6849 34.8689 33.3682 31.6843 29.2894 26.798 22.9498 22.0915 19.5826 17.9291 16.3696 12.4528 9.0907 4.3574 2.5364 6.319 9.8946 12.4267 16.9009 17.9805 20.0405 22.0902 24.7287 25.8973 28.6594 31.4593 34.3461 35.5662 38.0543 40.888 46.6875 47.1391 46.9546 46.3855 46.4783 46.5318 46.4155 46.3932 46.381 46.1803 46.1233 46.1226 46.1223 46.1283 
38.8273 38.839 38.8503 38.8582 38.8544 38.8139 38.6539 37.9675 35.8949 34.1189 31.8217 30.0979 28.5665 26.1897 22.8891 22.0281 19.6377 17.1705 14.8445 11.7319 6.8229 4.0536 4.0384 8.4323 10.5506 14.6307 17.8041 19.4781 21.3241 23.7149 24.702 27.0182 29.4999 31.8602 34.8433 36.9897 38.5793 46.3642 46.9401 46.6677 46.5312 46.4222 46.3696 46.2133 46.1224 46.1195 46.1186 46.1244 46.1255 46.1265 46.1273 
38.8709 38.8962 38.9283 38.9699 39.0253 39.099 39.185 39.1461 37.5487 35.594 33.0741 31.21 29.5191 28.7112 25.7065 23.5528 20.8211 19.1432 16.9675 13.5453 9.4443 5.5205 1.9723 6.1929 10.0873 12.5492 15.8088 18.4676 20.3791 21.6996 24.7428 25.3858 27.0592 29.5589 32.0423 36.1165 38.8293 42.708 46.9299 46.6126 46.4019 46.1852 46.1831 46.1164 46.1166 46.1188 46.1212 46.1232 46.1247 46.126 46.127 
38.909 38.9456 38.9949 39.0642 39.1681 39.3373 39.6449 40.2853 39.5378 36.6959 34.4705 32.8451 30.877 29.4267 28.6879 26.6457 22.8977 20.6419 18.7883 16.424 13.5797 11.2712 5.0981 3.4651 7.6093 10.4926 12.8105 16.3784 19.8007 21.4483 22.3531 24.0639 25.1798 28.1333 30.4163 32.8468 37.7994 39.5383 43.1875 46.5764 46.324 46.1781 46.1112 46.102 46.1095 46.1155 46.1196 46.1223 46.1243 46.1257 46.1268 
39.3912 39.4242 39.4692 39.752 39.8095 39.9006 40.0824 40.3551 40.0195 38.2304 36.0975 34.5239 32.3316 31.1874 29.075 28.2502 25.043 22.5405 20.2917 18.147 15.0244 12.4648 9.0853 2.7506 2.3702 10.2019 11.9545 13.9606 17.8583 20.715 21.7821 23.1017 24.8341 25.5584 29.1064 31.7324 34.1747 38.2547 41.2221 45.0186 46.4408 46.2113 46.056 46.0844 46.1051 46.1142 46.1191 46.1221 46.1242 46.1258 46.1269 
40.1892 40.1971 40.2076 40.2222 40.243 40.2726 40.3069 40.0926 39.5586 40.1027 37.0873 35.7892 33.2919 31.9128 30.8928 28.5934 28.1205 25.1037 22.0084 19.2222 17.7157 14.9176 11.2913 5.1569 2.7949 2.0217 8.472 13.295 15.087 19.3264 21.0583 21.8533 23.0674 24.3393 26.3074 29.087 33.4114 34.9799 39.0602 42.4839 45.159 46.1435 46.072 46.1013 46.11 46.1163 46.1202 46.1229 46.1248 46.1261 46.1272 
40.1881 40.1949 40.2033 40.2137 40.2257 40.2363 40.036 39.6767 39.429 39.2486 38.8984 36.5502 35.49 32.8036 32.3892 29.8048 28.215 27.6676 24.0185 21.6468 18.4813 16.6559 14.9041 11.0715 3.8366 2.0293 3.7057 12.3436 15.2604 16.3158 19.2399 21.0623 22.0263 23.3047 25.0296 27.0705 30.2186 34.9759 36.5145 41.8662 44.7562 45.801 45.9731 45.9937 45.9889 45.9803 46.1227 46.1244 46.1257 46.1268 46.1277 
40.1855 40.1908 40.1966 40.2027 40.2076 40.2605 39.9607 39.7635 39.7381 39.5761 39.466 39.2089 36.5089 35.1706 32.8303 32.2194 29.3438 28.281 26.7724 23.7123 20.1938 17.91 15.9641 13.681 7.3785 3.3732 3.3132 5.6641 13.7609 16.223 17.4976 19.9056 20.4702 22.3103 23.4841 25.9108 27.0749 31.3853 35.2357 37.486 41.8619 45.1933 45.9008 45.9333 45.9514 45.9554 45.9543 45.9516 46.127 46.1277 46.1284 
40.1821 40.1858 40.1894 40.1922 40.2388 39.9433 39.784 39.7888 39.6409 39.6005 39.9945 39.3969 38.3645 35.7436 34.2167 32.5022 31.1594 28.9444 27.8707 25.8146 23.0958 20.379 17.9354 15.0421 11.8677 6.2053 1.6755 4.4006 6.7275 14.5973 16.5909 18.3642 19.3594 21.3433 22.5741 23.7402 26.225 30.0946 32.8122 36.1544 38.0909 42.3544 44.5341 45.8902 45.9183 45.9311 45.9363 45.9379 45.9378 45.9368 45.9354 
41.8181 41.8273 41.6151 41.6228 41.2676 41.4175 40.5716 40.4969 39.4888 39.6363 39.6219 39.3237 39.1425 37.6829 35.0608 33.4434 32.0932 30.2634 28.1316 27.5136 24.8615 22.8351 19.9403 17.1761 13.6231 10.9128 7.1404 1.9592 5.6694 10.0316 16.4295 17.2362 18.7226 19.7614 21.2275 23.053 25.5785 26.8979 30.47 34.1348 37.1765 38.8694 44.1988 44.4667 45.8949 45.9111 45.9202 45.925 45.9273 45.9283 45.9283 
42.3291 42.3523 42.3821 42.2981 42.3288 42.2488 42.2491 42.2111 41.4871 40.3331 39.3157 38.8775 38.596 38.347 37.0442 34.9704 32.7027 31.5769 29.655 27.5833 26.6443 23.6902 22.0553 18.9031 14.604 11.2465 9.1715 6.1394 5.0263 6.6816 13.5893 15.6882 17.0134 18.7013 20.0284 21.8421 23.7756 26.2156 27.9512 30.5315 34.6604 38.2584 41.0442 44.2351 44.3973 45.8965 45.9071 45.9138 45.9179 45.9203 45.9216 
42.6685 42.6943 42.7263 42.8263 42.8513 42.8814 42.9157 42.9476 42.9533 42.7528 41.6941 38.5601 38.3307 38.0211 37.6992 35.8686 34.3674 31.3871 30.6748 28.2196 27.288 25.4529 23.0063 21.5194 17.1186 14.2733 9.777 6.8656 4.6506 6.0751 7.8468 14.226 16.0194 16.8265 18.4249 21.6526 21.9317 24.1535 25.4144 29.6671 33.7851 37.9326 40.6101 42.8831 44.2311 44.3378 45.8971 45.9046 45.9097 45.9131 45.9154 
43.0944 43.0977 43.102 43.1076 43.1154 43.1263 43.1428 43.1682 43.198 43.177 43.1233 42.2656 38.0821 37.8902 37.9826 37.4066 35.5821 33.8875 30.3357 29.6568 27.0376 26.1882 23.807 22.4091 17.905 15.066 12.4393 7.5882 4.9744 4.5457 6.3331 10.5974 13.4931 15.2147 17.3128 18.946 21.806 23.9166 24.2332 28.0955 33.4992 33.9788 38.2184 40.7867 42.9192 43.1496 44.289 45.8974 45.9029 45.9069 45.9098 
43.0924 43.0954 43.0992 43.1043 43.1114 43.1217 43.1384 43.1691 43.2542 43.1904 43.095 43.061 39.8005 37.8649 37.6563 37.8836 36.7658 35.0891 33.6133 30.1121 28.412 26.2179 24.7954 24.591 19.751 18.3918 15.774 11.1251 5.8031 4.4346 6.0669 9.709 12.3109 14.6952 15.2338 17.4002 18.9474 23.8097 24.0497 24.2291 29.5386 33.7346 38.0589 40.5642 42.6942 42.9276 43.0967 44.249 45.8975 45.9018 45.905 
43.0898 43.0922 43.0951 43.0989 43.104 43.1109 43.1205 43.1325 43.1276 43.0437 43.0138 42.9689 43.0349 39.975 38.7888 38.2228 37.2182 36.2386 33.8958 32.671 29.8018 28.0197 25.7583 23.9497 22.5375 19.7477 17.78 14.6363 8.6805 5.961 5.7532 7.5835 11.9273 12.5418 14.9912 15.4599 17.424 19.7292 23.9457 24.0956 26.849 33.5737 33.8598 38.2271 40.6917 42.7514 42.9234 43.0524 43.1473 45.8975 45.9009 
43.0868 43.0883 43.0902 43.0922 43.0945 43.0967 43.0975 43.0922 43.0682 43.0078 42.9336 42.9658 43.0172 43.359 41.8914 40.9191 39.917 37.6608 35.7244 33.3366 31.4873 29.2863 27.2652 24.8116 23.3512 21.3079 17.4374 16.0641 12.3596 9.2076 5.7257 7.1784 9.6543 12.26 12.5616 15.2919 15.4978 16.6506 22.3413 24.0094 24.108 26.9077 33.7183 38.1328 40.5606 42.6145 42.7822 42.9137 43.0151 43.092 45.8975 
43.0835 43.0842 43.0848 43.0852 43.0849 43.083 43.0777 43.0647 42.984 42.9499 42.9127 42.9261 43.2115 43.1572 43.7235 44.173 42.1823 39.285 37.0557 34.3957 32.2719 31.0774 28.5906 26.7133 24.8041 23.2568 20.2191 18.2209 14.0854 10.7366 8.7318 7.2517 7.4201 12.12 12.3735 12.5467 15.3808 15.5171 16.6308 22.4294 24.0388 24.1072 31.5959 33.806 38.241 40.6526 42.6689 42.7982 42.9018 42.9835 43.0471 
43.0802 43.0801 43.0797 43.0786 43.0764 43.0721 43.0641 42.9844 42.9702 43.0407 43.0994 43.2154 43.3885 43.2163 43.4504 44.2039 43.9587 40.9268 37.8881 36.087 33.5177 31.7282 30.1924 28.0251 25.061 24.337 22.1615 20.4106 18.7405 13.5555 9.2312 7.7805 7.2674 9.655 12.2598 12.4161 15.3098 15.4317 15.5272 21.2914 22.4774 24.0516 26.8466 33.7156 33.8601 40.5673 42.5791 42.7033 42.8058 42.8893 42.9565 
43.077 43.0763 43.0751 43.0731 43.0698 43.0645 42.9847 42.9773 43.2519 43.2244 43.2916 43.4872 43.8216 43.0502 42.9368 43.5958 44.3355 44.1817 40.2283 37.2726 35.6043 33.264 32.0924 30.4966 27.4294 25.6153 23.6356 21.0962 20.4479 18.9578 10.5484 9.9911 7.8038 7.3745 12.1925 12.3279 12.4322 15.3748 15.4625 15.5327 21.3652 22.8858 24.0561 28.5543 33.78 40.5031 40.6357 42.6259 42.7252 42.8083 42.877 
43.0742 43.073 43.0713 43.0687 43.065 42.985 42.9805 43.2989 43.2582 43.2981 43.2289 43.2185 43.1104 42.4483 42.4465 42.706 43.442 44.0233 43.0559 39.021 36.3245 34.7364 33.059 32.1725 29.1366 27.6383 26.1704 21.3488 20.8383 20.4898 15.6079 10.1322 9.9177 7.8116 9.6614 12.2689 12.3632 12.4371 15.4166 15.4822 15.5357 21.4108 22.8999 24.0562 31.0521 33.8234 40.5761 42.5632 42.6581 42.7392 42.8078 
43.0717 43.0703 43.0683 43.0655 42.9853 43.1359 43.319 43.2673 43.1455 43.1482 43.0209 42.9175 42.2962 42.0988 41.8761 42.4478 42.9294 43.2215 43.1818 41.2773 37.6267 35.0814 34.4259 33.2706 29.6305 28.9089 28.3022 24.1431 21.0368 20.7359 20.5233 13.0037 10.0184 9.8597 9.6252 9.7275 12.3135 12.3823 15.3845 15.4446 15.4953 18.6583 21.4392 22.907 28.5359 31.1101 40.5296 40.6286 42.6025 42.6807 42.748 
43.0697 43.068 42.987 42.9855 43.1434 43.1738 43.1776 43.1261 43.1214 42.9769 42.8239 42.3613 41.9178 41.873 41.8119 41.6288 42.0638 42.8863 43.0284 41.3325 38.7783 35.054 34.7148 34.5126 32.3897 29.2496 28.8765 27.3244 24.0839 20.8844 20.691 20.5492 13.8788 9.9538 9.8267 9.6487 12.278 12.3407 12.3927 15.4169 15.4641 15.5044 18.7012 21.457 22.9098 31.0226 36.1076 40.5847 42.5567 42.6312 42.6965 
43.068 42.9868 42.9856 43.1477 43.1696 43.171 43.117 42.8099 42.7835 42.6191 42.1703 41.6121 41.5475 41.3475 41.194 41.4069 41.8602 42.3038 42.6986 42.7501 40.4258 36.9988 34.8134 34.6629 33.7552 31.3414 29.1045 28.8871 26.1937 24.0608 20.8032 20.6701 16.9192 13.7938 9.9013 9.8067 9.7124 12.3093 12.3577 12.3983 15.4402 15.4781 18.6143 18.7304 21.4679 28.5263 31.0716 40.5494 40.6261 42.5897 42.6524 
42.9867 43.1458 43.1666 43.167 43.1673 43.1125 42.7751 42.6352 42.0136 41.5909 41.5673 41.5196 41.2963 41.2126 41.0334 41.1529 41.597 42.1285 42.4696 42.6907 41.5622 40.1984 36.2338 34.7408 34.6646 31.464 30.2503 29.986 28.9059 26.1502 20.8772 20.757 20.6605 18.1772 13.7393 9.8671 9.6875 12.2856 12.3302 12.3686 15.422 15.4574 15.4885 18.6537 18.7503 21.4743 28.576 31.1076 40.5925 42.5548 42.6147 
42.9892 43.1655 43.1654 43.1042 42.7713 42.4152 42.0172 41.9874 41.5745 41.5554 41.5238 41.4239 41.2805 41.2278 41.1574 41.2319 41.3361 41.6616 42.1427 42.4724 42.6863 40.3673 38.423 34.7824 34.7195 34.6754 30.3915 30.1592 29.9779 26.3427 26.1295 20.8187 20.7293 18.3025 13.8569 13.7035 9.8438 12.3665 12.3087 12.3446 12.3756 15.4411 15.4704 15.4963 18.6826 20.1276 22.8747 31.0474 40.5648 40.6259 42.5826 
43.1647 43.1645 42.8222 42.4121 42.3914 42.0004 41.9755 41.568 41.5533 41.5317 41.4485 41.3123 41.2866 41.2165 41.2105 41.2779 41.329 41.6153 41.971 42.1353 42.6689 41.3499 40.2708 36.28 34.7542 34.7148 32.6274 30.2768 30.1114 29.9806 26.2844 26.1213 20.7808 20.7121 18.2362 13.8025 14.0296 9.8275 12.3774 12.3252 12.3546 12.3801 15.4558 15.4804 18.6261 18.7038 20.1378 27.0415 31.0792 40.5993 42.5553 
42.8218 42.4103 42.3959 42.0069 41.9912 41.9705 41.5656 41.5543 41.5389 41.4639 41.3297 41.3147 41.298 41.2375 41.2372 41.3035 41.333 41.5982 41.6381 41.9788 42.4431 41.4073 40.3802 38.491 36.2269 34.7425 34.7161 32.5471 30.2082 30.0858 29.9875 26.248 22.6365 20.7554 20.7011 18.1897 13.7636 14.0085 9.7065 12.3096 12.3372 12.3616 15.4441 15.4673 15.4882 18.6528 18.7195 20.1448 27.0782 38.0688 40.6268 
42.3986 42.3854 41.9998 41.9861 41.969 41.5652 41.5563 41.4877 41.4742 41.3405 41.3307 41.3198 41.2549 41.2519 41.253 41.3194 41.3385 41.4427 41.6228 41.9498 41.9788 42.4457 41.3241 40.3206 36.275 36.2034 34.738 32.6136 30.278 30.1658 30.0722 26.3474 26.2252 22.6052 22.5027 18.2649 18.1567 14.0864 13.9941 12.3941 12.3229 12.346 12.3666 15.4566 15.4765 17.3421 18.6734 18.7312 20.1495 31.0598 38.1119 
42.005 41.9953 41.9835 41.9691 41.5655 41.5584 41.4916 41.4815 41.3478 41.341 41.3333 41.3254 41.2632 41.262 41.32 41.3303 41.3436 41.4407 41.6149 41.932 41.9577 42.3017 41.3598 41.2766 40.2892 36.2374 36.1944 34.737 32.5577 30.2263 30.1389 30.0652 26.3099 26.2108 22.5835 22.4988 18.2237 18.1332 14.062 12.0476 12.3991 12.3329 12.3526 12.3701 15.4667 15.4839 18.634 18.6894 18.7398 27.0463 33.0104 
41.9926 41.9824 41.9701 41.5663 41.5605 41.4948 41.487 41.353 41.348 41.3424 41.3365 41.3306 41.2698 41.2695 41.3302 41.3381 41.3479 41.4408 41.611 41.6263 41.9433 41.9609 42.3049 41.3117 40.3398 36.3015 36.2166 34.7509 32.6025 30.2719 30.1912 30.1214 30.0621 26.2837 26.2019 22.5681 18.2785 18.1929 14.1193 14.0439 12.4051 12.4031 12.3406 12.3575 12.3726 15.4749 17.3314 18.6532 18.7019 20.1122 27.0727 
41.9821 41.5712 41.5672 41.5623 41.4974 41.4912 41.357 41.3532 41.3489 41.3444 41.3397 41.2759 41.275 41.2751 41.3377 41.344 41.3515 41.4419 41.455 41.6217 41.9335 41.9493 41.9619 41.3357 41.2814 39.5488 36.2711 36.2054 34.7494 32.5617 30.2321 30.1668 30.11 26.3435 26.2652 26.1967 22.5572 18.2427 18.1697 14.0949 14.0302 12.4081 12.3304 12.3466 12.3612 15.4673 15.4817 17.3534 18.6686 18.7116 24.3405 