normal_rasters/0772100000293565.ascii
ncols 54 
nrows 41 
xllcorner 158648.897999
yllcorner 383591.889999
cellsize 0.25
nodata_value -9999 
35.6868 35.6733 34.6214 34.612 34.5998 34.5843 34.5655 32.1501 32.0899 32.0199 31.9425 31.8616 31.7815 29.3463 24.0803 23.9029 23.7221 20.1814 17.1322 14.5482 14.4176 9.5345 9.4448 6.9916 5.1734 3.5311 3.4743 3.1886 3.1995 4.7009 6.5051 8.8509 13.5599 16.3917 16.4804 16.575 16.6697 19.2464 22.6427 25.0274 26.271 26.4136 29.5732 29.629 29.683 29.7326 29.7756 29.8113 29.8394 29.8604 30.6634 30.673 31.7281 31.7392 
35.6976 35.6834 34.6384 34.6295 34.6172 34.6009 34.5801 33.3454 32.1345 32.0516 31.9581 31.8591 31.7613 29.3354 24.1314 23.9166 23.6968 20.1889 17.1459 14.5582 14.3983 9.5588 9.4496 7.011 5.1791 3.5345 3.464 3.1747 3.1887 4.652 6.489 8.8548 14.1241 16.3527 16.4612 16.5791 16.6974 19.242 22.1255 25.0272 26.2928 26.4694 29.5656 29.6346 29.7006 29.7596 29.8091 29.8484 29.8776 30.6741 30.6867 31.7294 31.7433 31.7541 
35.7107 35.6961 35.6785 34.6505 34.6387 34.6219 34.5994 34.5706 32.1942 32.0952 31.9801 31.8567 31.7346 29.3224 25.3269 23.9349 23.6626 20.1995 17.166 14.5727 14.3728 9.5938 9.4584 7.0388 5.1879 3.5401 3.4504 3.1557 3.1743 3.8545 6.4659 8.8597 11.7088 16.2973 16.4322 16.5828 16.7344 19.236 22.1028 25.0247 26.321 26.5442 29.5572 29.6446 29.7265 29.7973 29.854 29.8962 30.6861 30.7036 31.7307 31.7483 31.7616 31.7715 
35.7267 35.7119 35.6936 35.6714 34.6652 34.6488 34.625 34.5926 32.2758 32.1566 32.0123 31.8544 31.6984 29.3069 25.3724 23.96 23.6152 20.2141 17.1963 14.5943 14.3377 9.6453 9.4743 7.0794 5.2018 3.5495 3.4316 3.1286 3.1546 3.8434 6.4323 8.8654 11.7109 14.2408 16.3871 16.5852 16.7859 19.2276 21.4455 26.0477 26.3583 28.0261 29.5484 29.6622 29.7656 29.8508 29.9148 29.9584 30.7246 31.7317 31.7547 31.7715 31.7834 32.4887 
35.9096 35.7316 35.7131 35.6897 34.6977 34.6832 34.6594 34.6237 33.453 32.2459 32.0609 31.8529 31.6474 29.2881 25.4373 23.9955 23.5472 22.3597 17.2432 14.6276 14.2881 9.7235 9.5029 7.1401 5.2244 3.5661 3.4045 3.0884 2.6393 3.8322 6.3827 8.8717 11.7086 14.2092 16.3139 16.5843 16.8608 18.8056 21.4388 25.9901 26.4085 28.0639 29.5408 29.694 29.8265 29.9284 29.9981 30.7511 31.7319 31.7633 31.7851 31.7996 32.4932 32.504 
36.1377 35.9169 35.738 35.7141 35.6834 34.7271 34.7058 34.6686 34.6111 32.3804 32.1375 31.8536 31.5729 29.2655 25.5331 25.1588 22.6112 22.2173 17.3178 14.6819 14.2147 9.8456 9.5554 7.2325 5.4584 3.5969 3.3625 3.0249 2.64 3.8232 6.3098 8.876 11.6982 14.1469 16.1891 16.5758 17.7833 20.3049 21.4283 25.8978 26.4768 28.1144 29.5397 29.7536 29.924 30.0431 30.7844 30.8207 31.7757 31.8049 32.4833 32.501 32.5133 32.7952 
36.1517 36.1432 36.1312 35.7464 35.7148 35.6732 34.7683 34.7346 34.6703 33.557 32.2639 31.8602 31.4597 29.2385 26.5627 25.1505 22.5445 20.9278 17.4397 14.7753 14.1016 11.8136 9.6557 8.5364 5.4746 3.6352 3.2916 2.409 2.643 2.8597 5.3125 8.8696 11.6738 14.0258 15.9629 16.5514 17.8748 19.6891 22.3858 24.6156 26.5679 28.1767 29.5634 29.8709 30.0832 30.8222 31.1467 31.7957 31.836 32.4936 32.5147 32.5281 32.8099 32.8264 
36.1684 36.1618 36.1511 36.135 35.7581 35.7147 35.6568 34.8313 34.7706 34.6382 32.4818 31.883 31.282 29.207 26.6345 25.1244 22.4473 20.8047 18.2824 14.9463 13.9222 11.7766 9.8544 8.5268 5.5155 3.7584 2.5773 2.3084 2.6549 3.0095 5.4387 9.4109 10.4189 13.7988 15.0304 16.5024 18.0261 19.5212 22.2071 24.626 26.9205 28.2164 29.6837 30.105 30.6501 31.2182 31.8348 31.9816 32.5167 32.54 32.5528 32.8339 32.8508 32.8621 
36.9427 36.1845 36.177 36.1634 36.1408 35.7752 35.7136 34.9676 34.9451 34.7938 33.6427 31.9531 31.008 28.5753 26.7616 25.0311 22.0106 20.5767 18.3242 15.9225 13.6481 11.3252 10.6028 8.5351 5.4001 4.0743 2.3843 1.9467 2.709 3.8876 6.1029 9.0419 10.4991 13.2814 14.3863 16.0223 18.1704 19.7915 21.1917 24.6202 26.8534 28.0376 30.1325 30.6007 31.315 31.4593 32.0826 32.5704 32.5882 32.5948 32.8739 32.8887 33.2101 33.216 
36.9765 36.9495 36.2093 36.2017 36.1842 36.1506 36.0932 35.7156 35.2268 35.1843 33.9466 32.1666 30.4255 28.7605 26.9986 24.3424 21.8053 20.1522 18.2832 16.7329 13.1387 11.442 10.8893 8.5997 6.4735 4.8401 1.6876 1.7076 3.0504 4.6522 6.2211 8.1302 10.5132 12.9548 13.5208 16.3667 18.5741 20.2208 21.7597 24.3401 26.8458 28.0126 29.4643 31.2804 32.2007 32.3786 32.6988 32.682 33.3461 33.3611 33.3692 33.3729 33.374 33.9583 
37.0178 36.9973 36.9676 36.9244 36.2459 36.2245 36.1713 36.0709 35.644 35.8641 34.2591 32.7231 30.7343 29.1196 27.4983 24.1255 23.0658 19.842 17.7387 16.537 13.2132 12.2974 10.7529 9.0938 6.939 4.2338 2.5947 1.7043 2.8718 5.3009 6.5549 8.5897 9.4639 12.6518 13.925 15.562 17.5577 19.4014 22.2031 24.0137 26.246 28.5369 29.6394 31.9098 33.2578 32.8702 33.3439 33.3789 33.3962 33.4022 33.9527 33.9637 33.9707 33.9751 
37.0658 37.0549 37.0373 37.0089 36.963 36.8881 36.3164 36.2247 36.0936 35.4366 34.651 32.8978 31.2147 29.3173 27.2436 24.7672 22.9731 20.6568 17.4751 15.7924 14.4864 11.8721 10.5113 8.9722 7.8634 4.0359 2.4944 1.0504 3.8559 5.1225 6.5713 8.3634 9.9875 11.35 14.0725 15.7209 17.4408 19.8057 21.8658 24.413 26.4468 27.6417 30.1647 31.6638 32.9768 33.4219 33.4595 33.4699 33.9635 33.9797 33.9879 33.9918 33.9933 33.9936 
37.3425 37.3388 37.1194 37.1133 37.0979 37.0658 37.0036 36.562 36.2097 35.8815 34.626 32.7988 30.9784 29.6297 27.1478 25.1044 22.1299 21.0546 17.1444 15.6397 14.0441 12.5335 10.2717 9.1622 7.3951 5.3179 2.2413 1.4192 3.8094 5.2178 6.5483 7.7819 9.9831 11.3143 12.7705 16.394 17.8157 19.2735 22.1045 24.1913 26.234 27.8926 30.0212 32.9466 33.7293 33.6419 33.9506 34.0378 34.0379 34.0335 34.0279 34.0225 34.0175 34.2369 
37.3784 37.3846 37.3913 37.3979 37.4025 37.402 37.24 37.4722 36.3605 35.7387 35.0431 32.7656 31.4708 28.524 27.498 25.4946 22.5354 20.5417 18.3578 15.8526 13.9873 13.0617 10.8786 9.3168 7.5861 5.5472 2.2466 1.5812 3.2082 5.4726 6.5166 8.6753 9.5552 11.5988 13.2252 14.7018 18.4797 20.053 21.3035 24.2232 26.6354 28.2427 30.1263 32.216 33.9821 34.3124 34.114 34.1877 34.1638 34.148 34.3712 34.3679 34.3653 34.3634 
37.4136 37.43 37.4518 37.4817 37.5248 37.589 37.5848 37.645 36.863 35.3347 34.7662 32.4997 31.049 29.0462 26.7348 24.786 23.351 20.2074 18.4987 16.4515 14.6483 12.6603 11.1764 8.9428 7.4922 5.1718 2.7922 2.1077 2.3435 4.3184 7.5524 8.2081 9.8762 11.4985 14.0215 15.0625 16.4442 20.5138 22.0688 23.8024 26.143 28.0579 29.8397 32.1803 33.7382 34.4293 34.3669 34.3202 34.4088 34.3935 34.3838 34.3773 34.3727 34.3692 
37.3318 37.3557 37.3879 37.4336 37.5028 37.6198 37.8597 38.496 38.4684 35.6258 34.0585 32.9961 30.7079 29.0608 27.3197 24.9302 22.9101 21.1809 18.1053 16.154 15.1476 12.4564 11.1796 8.8226 7.5169 5.6733 2.8252 2.2161 2.8761 4.3114 6.1682 8.857 10.0009 11.232 13.0121 15.4929 16.8994 18.549 21.6942 23.7009 26.2266 28.2057 30.2193 32.6995 34.1685 34.5294 34.3795 34.3272 34.2987 34.5414 34.5426 34.5432 34.5434 34.5434 
37.9993 38.0057 38.0136 38.0239 38.0385 38.0619 38.1046 37.9549 37.1966 35.6203 33.6625 32.8569 30.5126 28.9882 27.0105 25.1247 23.1347 21.2167 18.3077 16.1643 15.1596 12.8895 11.2307 9.3553 7.8564 4.8501 3.1609 0.7365 3.023 4.7557 6.2466 8.0086 10.5817 11.9257 13.148 14.8322 17.4752 18.6116 21.1641 24.1068 25.6798 28.1781 30.4542 32.1855 34.3818 34.336 34.4299 34.53 34.5388 34.5425 34.544 34.6201 34.6205 34.6208 
38.0054 38.0126 38.021 38.0308 38.0406 37.3725 37.4151 37.3407 36.7683 35.2389 33.2701 31.9231 30.455 29.6392 26.646 25.5264 23.4476 21.6248 18.3872 17.1065 14.5721 13.4652 10.7031 9.5108 7.4659 5.2756 2.2113 1.0277 1.8053 5.0174 6.5463 7.8851 9.723 12.0986 13.6606 14.7814 17.2625 19.4985 21.0311 23.3459 25.9519 28.3473 30.5078 32.4064 33.7392 34.2027 34.4911 34.5073 34.5095 34.5083 34.549 34.5473 34.5459 34.5447 
38.0117 38.0203 37.154 37.1737 37.194 37.2141 37.2483 36.794 38.0638 35.2706 33.1902 32.0783 30.7019 29.5151 27.4223 25.4306 23.5337 21.7191 19.1698 16.7877 15.0774 13.4978 11.5732 9.1049 7.3671 6.2303 2.2077 0.9442 2.4505 3.273 6.9067 8.2517 9.4765 11.6455 13.8576 15.0864 16.8392 19.5628 21.1633 23.4106 25.7841 27.7768 30.1516 33.0694 34.0162 34.4945 34.4439 34.3903 34.3595 34.5142 34.5096 34.5063 34.5037 34.3063 
37.4907 37.4938 37.4946 37.4911 37.4804 36.1144 36.2213 36.445 36.5085 33.1816 32.6713 32.186 30.816 29.0693 28.0198 25.314 23.6426 21.3831 19.1989 17.1927 15.059 13.0877 12.1537 10.1327 7.1086 5.1649 2.9276 1.9545 2.4238 4.4618 5.5034 8.6157 10.0682 11.1949 12.6154 15.9752 17.1621 18.9137 21.7104 23.0861 25.3322 27.7235 30.1444 31.3468 34.3009 34.6012 34.3398 34.2464 34.051 33.9813 33.939 33.9117 33.9696 33.9583 
37.2079 37.2016 36.0501 36.0814 36.119 36.1608 36.1923 36.1333 35.5935 33.0955 32.5219 32.1241 30.7203 29.2182 27.7065 25.6578 23.5909 21.2239 19.2816 17.0265 15.6106 13.4093 11.2983 10.1133 7.8781 4.5547 2.9008 1.6696 1.8068 4.5272 5.8319 7.3092 9.5347 11.2964 13.1117 15.0022 16.9731 19.5106 21.396 23.6775 24.8425 27.1018 29.4567 31.5158 32.7673 33.8634 33.8097 33.7112 33.6443 33.6002 33.5996 33.5667 33.5432 33.526 
36.6717 36.3602 36.3853 36.4192 36.1294 36.1878 36.2839 36.5046 36.7248 35.4088 32.6261 31.8072 30.6773 29.6943 27.3161 26.4916 23.1421 21.4428 19.1917 17.0188 15.5612 13.8726 11.3668 9.7581 8.8537 6.2299 2.5338 0.4392 1.6172 4.1052 5.9813 7.0206 8.628 11.0395 12.7212 14.8773 17.3894 19.058 20.9303 23.6649 25.1169 27.1365 28.6758 31.3081 32.5407 32.7891 33.3062 33.4321 33.4904 33.4895 33.4845 33.4794 33.4751 33.4716 
36.5664 36.5638 35.6648 35.7026 35.7628 35.8669 35.7867 35.9629 36.6303 35.5503 32.8858 31.7469 30.8516 29.3714 28.105 25.0548 23.2912 21.1262 18.5557 17.7802 14.987 14.1704 12.0751 10.4438 8.0255 6.9121 3.7226 1.0589 2.4811 3.8467 6.0597 7.5841 9.0339 10.8112 12.8718 14.4586 17.0146 19.3986 21.2092 22.6848 25.5712 26.9743 28.8171 30.3348 32.5968 32.7545 32.496 32.7289 33.279 33.3337 33.3683 33.3907 33.4057 33.4162 
35.5775 35.5828 35.5898 35.5995 35.6137 35.6356 35.6709 35.7201 34.9217 33.6125 32.616 32.1012 30.5006 28.9949 27.842 25.174 23.0011 21.4753 19.5311 16.9154 15.6323 14.1174 11.8329 10.3072 8.4355 6.2117 3.966 2.565 2.8651 4.0175 5.5577 8.2752 9.0212 11.0437 12.5223 14.4427 16.4133 19.5807 21.4823 22.7058 24.7503 27.4158 29.0258 30.1239 31.5972 32.1708 32.2915 32.274 32.3916 32.3815 32.3757 32.3721 32.3699 32.3685 
35.5326 35.5256 35.5146 35.4968 35.4666 35.4121 35.3104 35.1303 34.4156 34.3308 32.6972 32.0351 30.76 28.985 27.0227 25.4065 23.5237 21.1825 20.0214 16.9548 15.5043 13.9567 12.183 10.1183 8.6307 6.4589 4.655 2.3283 1.5464 4.1218 5.7091 7.7094 9.4956 11.0068 12.4758 14.4908 16.7003 17.5238 21.693 23.4955 24.6235 26.4307 29.0836 30.5583 31.2994 32.0355 32.0601 32.0659 32.0688 32.3267 32.3365 32.3429 32.3474 32.3506 
35.491 34.8475 34.8357 34.8165 34.786 34.7401 34.1906 34.4067 34.796 34.236 32.4176 32.0063 30.9603 29.2791 27.6335 25.3537 22.9906 21.5087 19.41 17.4448 15.1401 13.6427 12.4831 10.2467 8.5607 6.1645 3.7801 2.3087 2.3599 3.8203 5.5931 7.2496 9.8131 10.4903 12.5674 14.1513 16.6121 18.4163 20.0129 23.6615 25.8052 27.3192 27.9964 30.6561 31.7098 31.8925 31.8763 31.818 31.9045 32.1813 32.192 32.1989 32.2036 32.207 
33.6069 33.6221 33.2959 33.3316 33.3835 33.4631 33.9337 34.0378 33.9666 32.5609 32.329 31.7385 31.0174 29.7844 27.0188 26.0386 23.3929 21.2942 18.7913 17.709 15.2281 14.0635 12.1856 10.311 8.8914 6.5631 4.2833 1.217 1.4 3.9016 5.9113 6.934 8.8767 11.4177 12.153 14.4176 16.3056 18.4963 20.1795 21.78 25.9141 27.4667 28.7149 29.6257 31.5923 31.9854 31.9832 31.9796 32.0465 32.0473 32.0475 32.0474 32.0472 32.047 
33.1986 33.2034 33.2081 33.2114 33.2105 33.1976 33.151 33.0126 32.4281 32.1168 31.9831 31.5494 30.6936 29.3824 27.3392 25.301 23.7181 21.2423 19.128 17.0523 15.8419 14.0766 11.4556 10.929 8.1802 7.2573 4.234 1.5941 1.7633 3.1786 5.601 7.8687 8.6625 10.6621 12.97 14.0892 16.6095 18.1044 20.8257 22.0202 23.7707 27.9573 28.9769 30.3276 31.2545 31.8055 31.9561 31.9563 32.0496 32.0489 32.0484 32.0643 32.0637 32.0633 
33.146 33.1368 33.1213 33.0947 33.0475 32.9608 32.7963 32.1928 31.8549 31.8295 31.8152 31.6036 30.9436 28.4962 27.637 25.1959 23.3941 21.3653 19.2591 17.5269 15.5676 14.3862 12.3071 10.186 9.1313 6.7183 4.2616 1.6525 2.0566 2.927 4.5098 7.4401 9.0721 9.9786 11.9932 14.3856 15.9077 18.3981 20.4587 22.9327 23.8579 25.5682 29.5869 30.2958 31.3463 31.9742 31.897 32.0103 32.0001 31.995 31.9918 31.9897 31.9881 32.0611 
32.9698 32.9482 32.9162 32.8677 32.2816 31.8906 31.8795 31.8116 31.816 31.8226 31.8172 31.6875 30.8584 28.8442 27.3152 25.1524 23.4713 21.2146 20.3877 18.1598 15.8127 14.121 12.8192 10.0805 8.6375 6.9401 4.7318 2.1995 1.222 3.3774 4.8465 6.068 8.9149 10.8015 11.5315 13.5531 16.8399 18.912 20.1672 22.0043 24.4256 25.9748 27.7548 30.3964 31.7001 32.0057 31.9619 31.9235 31.903 31.9905 31.9886 31.9873 31.9862 31.9854 
32.2152 31.646 31.6481 31.651 31.6551 31.6611 31.6704 31.6844 31.7983 31.7984 31.761 31.3407 30.3158 29.4863 26.5287 25.7058 23.4875 21.3783 20.2126 17.6618 16.4786 14.1089 12.7707 10.3826 8.0552 6.6138 5.4042 2.286 1.2423 2.7009 4.9876 6.3467 7.913 10.72 12.5148 13.5276 15.6914 18.3918 20.9662 22.3754 24.5436 26.372 27.8612 30.0346 31.6005 31.8489 31.8749 31.9292 31.9107 31.8962 31.9854 31.9848 31.9843 31.9838 
31.6347 31.6339 31.6327 31.6308 31.6276 31.6222 31.6127 31.5982 31.5514 31.7232 31.4919 31.3029 30.6974 29.1616 27.8382 24.7629 23.2741 22.0619 19.1923 18.2896 16.0258 14.6636 12.4859 11.3133 8.1077 6.6542 5.2687 1.4962 0.9358 2.6454 4.5359 6.2706 8.3935 10.013 11.8333 13.4536 16.0145 18.1469 20.1418 22.5384 23.7673 26.6462 28.5269 29.6284 30.8718 31.9354 31.9317 31.8273 31.7787 31.7485 31.7265 31.8794 31.9824 31.9822 
31.625 31.6218 31.6173 31.6107 31.5075 31.4929 31.4716 31.3935 31.3411 31.095 31.2271 31.1001 30.8766 28.8004 27.8796 26.0778 22.9111 21.7831 19.7394 18.2241 16.2676 14.482 13.7788 10.7508 8.0214 6.6045 5.2949 1.9877 1.4394 2.3727 4.5704 5.7749 8.1809 10.6468 11.4249 14.0185 15.5523 18.0036 20.5292 22.5355 24.3467 26.414 28.109 29.343 30.2112 31.4891 31.8288 31.7831 31.7484 31.7256 31.7088 31.6955 31.6844 31.675 
31.5161 31.5115 31.505 31.4955 31.4813 31.4623 31.3825 31.3462 31.2148 31.1318 31.2136 31.132 30.3367 28.8395 27.394 25.9306 22.9075 21.2437 20.1718 18.4927 16.6476 14.9659 14.4238 11.2333 7.6011 6.4456 4.7759 2.0121 1.606 2.2912 3.8052 6.574 7.8003 9.6473 11.7489 13.961 15.0604 19.5403 20.5308 22.6865 24.8987 26.4524 27.6404 29.4374 30.0181 31.128 31.3184 31.7135 31.7069 31.6972 31.6878 31.6793 31.6716 31.6647 
31.5061 31.4998 31.4912 31.4797 31.465 31.3885 31.368 31.2493 31.2224 31.2011 31.206 30.8562 29.6368 28.9503 27.7092 25.1048 23.0707 20.6676 19.7683 19.0404 16.9087 15.077 14.6426 11.271 8.7848 7.0639 4.4496 3.1203 1.7369 2.3677 3.5868 5.9745 7.5408 9.181 11.9941 14.0532 14.7802 19.9579 20.5245 21.937 24.4134 26.4012 27.409 28.5383 29.9131 30.2601 31.1237 31.1915 31.6657 31.6676 31.6656 31.662 31.6579 31.6535 
31.4977 31.4904 31.4814 31.4702 31.3952 31.3824 31.2588 31.2463 31.2316 31.22 31.2144 30.2101 29.8119 29.0848 27.5743 24.7056 23.8312 21.0854 19.6058 18.6231 17.08 15.6734 13.7372 11.657 8.9457 7.1774 3.5351 3.1613 1.8035 2.3888 3.5315 5.9669 7.3786 8.9625 12.121 14.1611 14.6433 18.4536 20.5253 21.8441 24.4195 26.3774 26.7561 28.4414 29.8619 30.0945 31.0141 31.0873 31.1229 31.6409 31.6445 31.6451 31.6441 31.6422 
31.491 31.4839 31.4753 31.4009 31.3921 31.2625 31.2554 31.2464 31.2368 31.2285 30.8584 30.0558 29.7774 29.1724 27.5212 24.5101 23.9561 21.1221 19.5368 18.6324 17.1674 16.8832 13.4304 11.7227 9.0372 6.4751 3.4165 3.1781 2.6892 2.605 4.2578 5.9585 6.8325 9.3868 10.8132 14.2449 14.578 18.3991 20.5287 21.7906 24.4073 26.3653 28.0857 28.3781 28.6537 30.0025 30.1351 31.0183 31.0591 31.0816 31.6259 31.6295 31.631 31.6312 
31.4866 31.4105 31.4053 31.2678 31.2643 31.2597 31.2539 31.2472 31.2402 31.2338 30.8161 29.9623 29.7633 29.2249 26.1129 24.4084 24.0328 21.1397 20.7724 18.6297 17.2088 17.0026 13.3288 12.9224 9.0874 6.4485 3.3482 3.1847 3.6887 2.6131 4.3342 5.9542 6.7148 9.3858 10.757 13.4453 16.3456 18.3624 21.4635 21.758 24.3916 26.3587 28.1104 28.3366 28.5514 29.9485 30.0527 30.9731 31.0126 31.0386 31.0543 31.6159 31.6191 31.6209 
31.413 31.4089 31.2679 31.2653 31.2621 31.258 31.2533 31.2481 31.2427 30.8316 30.025 29.904 29.7573 29.2573 26.004 24.3512 23.0474 21.1472 20.8645 18.6251 17.2284 17.0746 15.6244 12.9427 9.1152 7.0239 3.3054 3.1867 3.7405 2.618 4.3855 5.953 6.2096 8.5272 10.7188 13.4585 17.9469 18.341 21.5101 21.7369 24.3767 26.3547 28.131 28.3089 28.4794 29.9155 29.9986 30.1172 30.9793 31.0054 31.0234 31.035 31.6087 31.6116 
31.4119 31.2679 31.2659 31.2635 31.2606 31.2571 31.2532 31.249 31.2447 30.8059 29.9627 29.8663 29.7547 29.6386 25.9336 25.6293 23.0248 21.1495 20.9284 18.6208 18.4715 17.1197 15.6729 12.9521 10.8181 7.0587 3.2766 3.1868 3.7739 3.2551 4.4203 5.9534 6.1517 8.4732 10.6932 13.469 18.0161 18.3299 21.5435 21.7227 24.3635 26.3523 28.1474 28.2901 28.4278 28.5528 29.9619 30.0189 30.9554 30.98 30.9985 31.0116 31.0207 31.6033 
31.2679 31.2664 31.2645 31.2623 31.2596 31.2566 31.2534 31.2499 30.812 30.7869 29.9188 29.8409 29.7536 29.6638 25.8869 25.6445 23.0093 21.1493 20.9733 18.6171 18.5006 17.1488 15.7036 12.9556 10.8673 7.0834 3.2561 3.186 3.7966 2.7996 4.4443 5.9545 6.1118 8.4365 10.6758 12.0556 18.071 18.3252 18.5679 23.5527 24.3522 26.3507 28.1605 28.2769 28.39 28.4942 29.9365 29.985 30.0799 30.9608 30.9786 30.9923 31.0024 31.0096 