normal_rasters/0772100001002377.ascii
ncols 66 
nrows 83 
xllcorner 158338.34201
yllcorner 383906.496002
cellsize 0.25
nodata_value -9999 
[rows 0 to 29 of 83, columns 0 to 65 of 66]
27.1109 27.1107 27.1105 27.1103 27.1103 26.7053 27.7885 27.77 29.3579 29.1101 29.1201 29.1334 25.3695 21.5472 23.7806 24.658 24.5993 24.5277 24.4439 20.1827 20.072 19.5008 19.344 19.2029 15.9201 15.8889 15.859 15.8322 15.9081 15.8963 15.8878 15.6304 15.7177 15.7254 17.2394 17.2634 18.3912 18.4166 19.6891 19.7015 19.712 19.7207 19.7279 19.7338 19.7388 19.7428 19.7462 19.7489 19.751 19.7528 23.1145 24.7759 24.9147 24.9286 25.494 25.4896 24.177 24.1661 24.1559 24.1462 24.1372 24.1287 24.1208 24.1134 24.1066 24.1002
27.1105 27.1101 27.1098 27.1096 27.1094 30.1424 26.7139 27.7909 27.7688 29.3467 29.0996 29.1119 29.1288 25.3766 21.5687 24.6979 24.6339 24.5511 24.4491 22.5937 20.074 19.484 19.2879 16.5412 15.9304 15.8904 15.8533 15.9141 15.897 15.8852 15.627 15.635 15.7252 17.2297 17.2596 18.3899 18.6338 19.6889 19.7036 19.7156 19.7255 19.7335 19.74 19.7453 19.7495 19.7529 19.7555 19.7576 19.7592 23.1144 24.7784 24.9208 24.9359 25.498 25.4931 25.4884 24.173 24.1617 24.151 24.1411 24.1317 24.1231 24.115 24.1076 24.1006 24.0943
27.1101 27.1097 27.1092 27.1088 27.1084 27.1081 30.14 26.7257 27.7946 27.7679 29.3322 29.0861 29.1016 29.1238 25.3875 23.8249 24.6855 24.592 24.4682 22.6238 20.0823 19.4654 19.214 16.5435 15.9412 15.8887 15.8423 15.8994 15.8818 15.6214 15.6325 15.7247 15.7349 17.2543 18.3885 18.6342 19.689 19.7066 19.7206 19.7319 19.7408 19.7478 19.7534 19.7577 19.761 19.7636 19.7655 19.7669 23.1146 24.7813 24.9278 25.5083 25.5026 25.4971 25.4918 24.1808 24.1683 24.1565 24.1455 24.1352 24.1257 24.1168 24.1087 24.1011 24.0942 24.0878
27.1098 27.1093 27.1087 27.1081 27.1075 27.1069 27.1065 30.1371 27.8259 27.8002 27.7673 29.9694 29.068 29.0881 29.1185 23.1289 24.761 24.6605 24.513 24.313 20.1034 19.4454 19.1131 16.5464 15.9514 15.8804 15.889 15.8776 15.6118 15.6278 15.7232 15.7372 17.2466 18.3869 18.6346 19.6896 19.711 19.7276 19.7404 19.7503 19.7579 19.7636 19.7679 19.7711 19.7733 19.7749 19.7759 23.1149 24.7847 24.9361 25.5143 25.5078 25.5017 25.4958 24.1898 24.1758 24.1627 24.1505 24.1391 24.1286 24.1189 24.1099 24.1017 24.0941 24.0872 24.0809
27.1096 27.109 27.1082 27.1074 27.1066 27.1057 27.1049 27.1043 30.275 29.7129 26.8771 27.7675 29.9456 29.0427 29.0697 29.1138 21.6871 24.7709 24.6052 24.3452 20.1518 19.7782 16.6333 16.0698 15.9565 15.8586 15.856 15.8465 15.6187 15.7198 15.74 17.2349 18.5934 18.6351 19.6912 19.7177 19.7375 19.7522 19.7631 19.771 19.7767 19.7808 19.7835 19.7853 19.7863 19.7867 23.1155 24.7888 24.9459 25.5212 25.514 25.5071 25.5005 25.4943 24.1846 24.17 24.1563 24.1436 24.132 24.1212 24.1113 24.1022 24.094 24.0864 24.0796 24.0733
27.1096 27.1089 27.108 27.107 27.1059 27.1047 27.1034 27.1022 27.1014 30.2795 29.7159 26.8898 27.7694 29.9123 29.0051 29.0432 29.1126 25.4751 24.7808 24.4632 22.4099 19.6768 16.6951 16.1277 15.944 15.8094 15.8026 15.5998 15.7121 15.7437 17.2158 18.5778 18.6358 19.6947 19.7282 19.752 19.7688 19.7805 19.7885 19.7938 19.7972 19.7991 19.8 19.8002 19.7998 23.1165 24.7938 24.9574 25.5294 25.5212 25.5134 25.5059 25.4989 24.1949 24.1784 24.1631 24.1489 24.1358 24.1238 24.1129 24.1029 24.0938 24.0855 24.0781 22.5284 22.5145
27.1098 27.109 27.108 27.1069 27.1055 27.1039 27.1021 27.1002 27.0985 27.0972 30.2883 29.719 26.918 27.7754 29.8622 28.9444 29.0019 29.1254 25.0859 24.7788 23.9876 19.5082 16.8407 16.1925 15.877 15.7655 15.557 15.6928 15.7484 17.1826 18.5505 18.6366 19.7017 19.7454 19.7742 19.793 19.805 19.8123 19.8164 19.8184 19.8189 19.8184 19.8172 19.8156 23.118 24.7997 24.9713 25.539 25.5297 25.5208 25.5124 25.5044 24.207 24.1883 24.1709 24.155 24.1403 24.1269 24.1147 24.1036 24.0935 24.0845 24.0763 22.5259 22.5108 19.4972
27.1102 27.1094 27.1084 27.1071 27.1056 27.1036 27.1013 27.0986 27.0956 27.0928 29.5921 30.3054 29.7217 26.967 29.1346 29.7797 27.7056 28.9284 25.5624 25.4594 24.6599 19.2703 17.2847 16.1536 15.6738 15.4535 15.6365 15.7535 15.8085 18.4975 18.6375 19.7166 19.7752 19.8098 19.8296 19.8403 19.8453 19.8469 19.8463 19.8443 19.8415 19.8383 19.8348 23.1201 24.8069 24.988 25.5505 25.5399 25.5297 25.52 25.5108 25.5023 24.2 24.1803 24.1621 24.1455 24.1304 24.1167 24.1043 24.0932 24.0832 24.0742 22.5228 22.5064 19.4953 17.0627
27.1108 27.1101 27.1091 27.1079 27.1062 27.1041 27.1014 27.0979 27.0936 27.0887 27.084 29.5761 30.3394 29.7226 27.061 29.1791 29.6235 27.5793 28.767 26.1274 26.7771 21.9476 16.8933 15.8721 15.333 15.3888 15.7498 15.8734 18.3754 18.6379 19.7507 19.8312 19.8701 19.8873 19.8929 19.8924 19.8887 19.8833 19.8772 19.8708 19.8645 19.8583 23.1229 24.8156 25.6646 25.5642 25.5522 25.5405 25.5293 25.5186 25.5087 24.214 24.1914 24.1706 24.1517 24.1345 24.1191 24.1052 24.0928 24.0817 24.0718 22.5192 19.5011 19.4931 17.0617 17.0535
27.1117 27.1111 27.1103 27.1092 27.1077 27.1056 27.1027 27.0987 27.0932 27.086 27.0773 27.069 29.5532 29.9054 29.7164 27.2662 27.0779 29.2525 27.2041 27.5041 29.1272 22.4026 15.9617 15.3484 14.4286 15.5826 16.0513 18.0144 18.6339 19.8402 19.9483 19.9803 19.9829 19.974 19.961 19.9464 19.9323 19.9191 19.907 19.8959 21.5884 24.6395 24.8264 25.6823 25.5808 25.5671 25.5536 25.5405 25.5281 25.5165 25.5058 24.2048 24.1808 24.159 24.1394 24.1218 24.1061 24.0922 24.0798 24.0689 22.5148 19.4992 17.0704 17.0605 16.3758 15.4761
27.1129 27.1126 27.112 27.1113 27.1101 27.1084 27.1058 27.1019 27.0959 27.0868 27.0738 27.0569 27.0405 30.4747 29.9599 29.683 27.7945 27.687 26.7962 21.5086 24.6675 19.073 15.1799 16.4661 15.6973 16.3529 16.777 18.5935 20.1359 20.2244 20.1925 20.1434 20.0973 20.0578 20.0245 21.5754 21.5876 21.5969 21.604 21.6096 24.621 24.8397 25.7039 25.6011 25.5854 25.5697 25.5545 25.5399 25.5262 25.5135 24.2211 24.1932 24.1679 24.1452 24.125 24.1072 24.0914 24.0775 24.0654 22.5095 19.4969 17.0699 17.0589 16.3738 15.473 14.2194
28.6525 28.6357 28.6158 28.5918 27.1135 27.1126 27.111 27.1082 27.1033 27.0944 27.0789 27.0527 27.0139 29.388 30.5782 30.4767 30.0029 30.5595 31.9717 21.2665 18.5709 18.1213 17.3073 17.9783 18.6246 18.0014 19.7347 21.2782 20.9324 20.6164 21.5816 21.6004 21.6136 21.6226 21.6287 21.6328 21.6356 21.6375 21.6389 24.5991 24.856 25.73 25.6258 25.608 25.5899 25.5719 25.5546 25.5383 25.5232 24.2414 24.2084 24.1787 24.1523 24.1289 24.1083 24.0903 24.0747 24.0611 19.5061 19.494 17.0692 17.057 16.3713 15.4693 14.2179 14.2103
28.6787 28.665 28.6485 28.6286 28.6042 28.5739 28.5354 27.1179 27.1164 27.1118 27.1005 27.0736 27.0127 26.8984 30.06 31.1615 29.5795 28.3652 32.3452 21.8206 19.3845 20.1894 19.4303 19.6421 23.6169 24.1311 22.3413 22.0008 22.4803 22.8424 23.0479 23.1723 23.2535 23.31 23.3513 23.3827 23.4073 23.427 24.5733 24.8759 25.7615 25.656 25.6362 25.6153 25.5942 25.5734 25.5537 25.5354 25.5187 24.2275 24.1922 24.161 24.1336 24.1097 24.089 24.0712 24.0559 19.504 19.4904 17.0682 17.0547 16.3682 14.2255 14.2161 13.1196 11.0549
28.7072 28.697 28.6849 28.6703 28.6522 28.6297 28.6009 28.5634 28.5132 28.4439 28.3444 27.1409 27.1063 26.9356 26.4011 30.1412 33.4431 26.4396 20.4141 22.3428 20.4499 20.3363 20.5614 22.0872 24.2994 25.0274 25.6557 23.7174 23.2577 23.244 23.2873 23.3298 23.3646 23.3924 23.4147 23.433 23.4481 24.8711 25.4043 25.7986 25.6926 25.6714 25.6477 25.6228 25.5978 25.5738 25.5513 25.5308 24.2519 24.2093 24.1719 24.1393 24.1112 24.0871 24.0667 24.0494 19.5012 19.486 17.0668 16.3777 16.3645 14.2242 14.2139 13.1166 11.0541 9.1006
28.7373 28.7313 28.7242 28.7156 28.7052 28.6923 28.6761 28.6551 28.6274 28.5895 28.5363 28.4592 28.3473 28.1832 26.8799 24.0056 35.8006 27.8028 22.2581 22.2627 21.4319 22.4473 23.139 23.7991 24.9723 26.3789 26.3709 25.9984 24.061 23.6912 23.5563 23.5056 23.4873 23.4825 23.4836 23.4872 23.4918 25.4239 25.7516 25.7362 25.715 25.6891 25.6603 25.6302 25.6005 25.5723 25.5467 24.2837 24.2314 24.1857 24.1464 24.1129 24.0846 24.0609 24.0411 19.4975 19.4804 17.0649 16.3745 16.3597 14.2226 14.2111 13.1129 11.0531 9.1007 8.0506
28.7685 28.7668 28.7651 28.7631 28.7611 28.759 28.757 28.7552 28.7543 28.7554 28.7616 28.7814 28.8445 29.0944 30.2902 29.6056 25.9555 23.6673 22.6567 23.5501 22.8755 23.0529 23.7929 25.7478 26.6512 27.9273 26.727 26.2525 25.9745 24.6797 23.7695 23.6605 23.6019 23.5695 23.5513 23.5412 25.4441 26.0696 25.7859 25.7679 25.7419 25.7097 25.6738 25.6369 25.6012 25.5683 25.5391 24.2606 24.2039 24.1555 24.1149 24.0812 24.0533 21.0454 19.4926 17.0848 17.0624 16.3702 16.3538 14.2205 14.2077 11.9392 11.0517 9.1009 7.4756 7.4635
28.8 28.8027 28.8064 28.8112 28.8177 28.8265 28.8389 28.8565 28.8827 29.2821 29.3124 29.3704 29.4903 29.7622 32.8549 35.7563 25.5752 25.1421 25.2273 23.0186 22.6617 22.7945 25.482 25.1325 27.6639 28.7924 27.8673 27.497 27.4256 25.9421 25.8061 24.8655 23.6945 23.6446 23.6125 26.3177 26.0613 26.0976 25.8287 25.8073 25.7747 25.7336 25.688 25.642 25.5988 25.5603 24.3006 24.2282 24.1674 24.1172 24.0763 24.0433 21.0402 19.4861 17.0849 17.0589 16.3647 14.2345 14.2177 14.2033 11.9383 11.05 9.101 7.4764 7.4628 7.4508
28.831 28.838 31.8767 31.8638 31.8504 31.8371 31.8248 31.8153 31.8121 31.8227 31.8627 31.9677 32.5135 32.8584 33.7412 33.3873 30.7421 27.2197 24.3617 22.5126 22.5914 24.9601 26.063 28.4747 30.9886 30.2798 29.6252 29.1191 27.8341 27.7083 27.6528 25.8191 24.9013 23.7039 26.3239 26.0322 26.0835 26.1317 25.8834 25.8578 25.8156 25.7614 25.702 25.6438 25.5912 24.357 24.2621 24.1835 24.1199 24.0693 24.0294 19.5091 19.4772 17.5938 17.0542 16.3572 14.2333 14.2141 13.6051 11.9372 11.0476 9.1012 7.4775 7.4622 7.4486 6.8072
31.9445 31.9392 31.9347 31.9314 31.9302 31.9325 31.9406 31.9581 31.9916 32.0525 32.5381 32.6295 32.8115 33.1523 33.5219 33.7929 31.3111 29.8074 20.2102 21.4255 22.667 25.8846 26.7439 30.2035 31.6588 30.982 30.0637 29.6592 29.3246 28.9554 27.8474 27.778 27.7381 26.7518 27.9628 26.0391 26.1073 26.174 26.2283 25.9248 25.8679 25.7935 25.7138 25.6391 25.5752 24.3112 24.2061 24.123 24.0588 21.0476 19.5029 19.4649 17.5906 16.3765 16.3473 14.2314 14.2092 13.0272 11.9355 9.8955 9.1013 7.479 7.4614 7.2578 6.8054 6.7989
31.9881 31.9889 31.9917 31.9973 32.0072 32.0232 32.0484 32.0875 32.5571 32.5973 32.6644 32.7746 32.9495 33.8272 33.7346 30.847 27.27 24.8569 20.8911 21.6674 23.6795 25.4967 28.436 31.6247 31.169 30.8293 30.5121 30.718 30.4512 30.2505 29.0171 28.904 26.8724 27.9534 27.9504 27.9551 26.1303 26.2266 26.3068 26.0177 25.9367 25.8291 25.7186 25.622 24.3862 24.2393 24.1266 24.0426 21.0384 19.4934 17.6145 17.5854 16.3677 15.7829 14.2286 14.2027 13.0243 11.9332 9.8959 9.8844 8.5213 7.4606 7.256 6.8034 6.796 5.9689
32.0305 32.0368 32.0461 32.0595 32.0786 32.1056 32.5693 32.5917 32.6252 32.675 32.7483 35.0914 35.1015 33.6686 33.1845 26.2407 25.7984 23.5187 21.4663 23.011 25.3212 26.6373 31.7328 32.7109 33.1578 33.6216 33.5557 33.5451 33.5609 30.4306 30.2879 28.4273 27.9576 27.9981 27.9327 27.9332 26.1453 26.2912 26.4197 26.1551 26.0302 25.8639 25.7059 25.582 24.291 24.1302 24.0163 21.0235 19.4781 17.6134 17.5774 15.8009 15.7746 14.2242 13.0352 13.0203 11.9299 9.8962 9.8828 8.5212 7.4598 7.2541 6.8009 6.7926 5.9674 5.9638
32.0709 32.082 32.0968 32.1165 32.5776 32.5918 32.6116 32.6391 32.6771 32.7292 34.618 35.0685 33.6204 33.2696 29.4535 25.6629 24.6795 21.9758 23.1969 24.9314 25.9497 29.6915 35.9591 35.0268 34.2941 33.7941 34.0506 33.8897 33.7919 32.4058 33.1374 28.9143 26.671 27.9167 27.9726 27.8968 27.9137 26.3632 26.5942 26.3788 26.1603 25.8804 25.6521 24.3773 24.1325 23.9703 20.9981 19.1764 17.6099 17.5643 15.795 14.541 14.2176 13.0326 13.0147 11.9253 9.8964 9.8807 8.521 7.27 7.2518 6.7981 6.7885 5.9655 5.9615 6.1856
32.1086 32.1236 32.1428 32.5933 32.6063 32.6235 32.6461 32.6759 32.7148 34.5885 35.0472 33.5855 33.2975 29.4148 25.5735 25.1333 24.7758 23.2232 24.5631 25.1533 28.7129 32.0396 35.7048 35.322 34.6786 34.5647 34.1315 34.2539 33.5442 33.2221 33.9322 28.6607 28.8634 26.6719 25.8644 27.925 27.8268 26.4034 26.8862 26.8055 26.3295 25.8184 24.602 24.1274 21.0576 20.9513 19.1512 17.6016 17.5425 15.7854 14.5361 13.0566 13.0284 13.0068 10.7793 9.8965 9.8777 8.5209 7.2708 6.8082 6.7948 6.7836 5.9633 5.9588 6.1813 6.1901
32.1432 32.5951 32.6043 32.6159 32.6308 32.6497 32.6736 34.5194 34.5693 35.0323 33.5594 33.3046 29.3871 25.515 25.1605 24.9491 25.6463 24.4756 24.7036 29.3997 30.2136 31.9693 33.5788 34.2176 34.1891 34.319 34.0433 34.426 34.4909 34.1163 33.9747 31.1616 28.6419 30.2414 26.6832 25.8971 27.6634 27.6676 27.3384 27.9194 26.3791 25.2875 24.083 21.0182 20.8565 17.7086 17.5829 15.8457 15.7691 14.5266 13.0579 13.0218 12.1311 10.7792 9.8964 9.8736 8.5209 7.2722 6.8066 6.7907 6.7777 5.9606 5.9555 6.1759 6.1862 5.599
32.6037 32.6121 32.6225 32.6354 32.6513 34.4859 34.5172 34.556 35.0213 33.5394 33.3037 29.3657 27.8406 25.1594 25.015 25.8223 24.4532 24.5741 29.7048 30.0386 30.7013 32.4777 33.0844 33.8374 33.7715 33.6096 33.7789 34.0774 34.3102 33.9584 34.038 30.7099 28.9148 30.8799 30.1252 25.9875 25.9604 26.5812 26.0619 29.7245 25.0457 23.7695 20.9004 20.6367 17.7351 17.5401 15.849 15.7394 14.5083 13.0586 13.0107 12.1211 10.7787 9.8957 9.8675 8.5211 7.2745 6.805 6.7857 5.9648 5.9573 5.9513 6.1693 6.1814 5.5981 6.7982
32.6177 32.627 32.6382 32.6517 34.4897 34.5153 34.5463 35.0129 35.014 33.2997 29.3484 28.9816 25.1504 25.0902 25.9142 24.4479 24.5208 26.6841 30.0452 30.3624 31.8446 32.2691 33.3524 33.0204 32.7226 32.4681 33.3186 33.9483 32.9454 34.103 34.1242 32.1398 28.1854 32.6189 30.4107 29.901 28.214 24.8641 24.147 23.2665 21.3776 20.6081 19.4568 17.7644 17.4377 15.8465 14.5996 14.4717 13.0575 12.9914 12.1037 10.7773 9.8942 9.4135 8.5216 7.2784 6.8032 6.7795 5.962 5.9531 5.9461 5.4054 5.5805 5.597 5.7841 6.8307
32.6301 32.6399 34.4745 34.4923 34.5136 34.539 35.0061 35.0071 33.2944 31.8416 28.9863 25.1396 25.0979 25.9649 25.8638 24.4962 26.666 30.0748 30.2559 31.6348 31.8916 33.1151 33.0589 33.3004 32.3425 32.0198 33.6593 34.0963 33.532 32.7119 31.5782 31.2808 29.837 28.5641 30.5949 29.7995 29.054 26.713 22.7815 22.2026 20.2161 18.4285 18.1387 16.7447 15.8129 14.5901 13.4947 13.0504 12.135 11.0974 10.4826 10.3701 9.413 8.5227 7.8633 6.8015 6.7715 5.9585 5.9476 5.9393 5.4008 5.5757 5.5954 5.7846 7.1536 7.1894
32.6409 34.4789 34.4942 34.5122 34.5333 35.0006 35.0015 31.9393 31.8459 28.9881 25.1291 25.0987 25.9941 25.919 24.4838 26.6638 30.1044 30.2201 31.5616 31.7216 33.0011 33.0533 33.9613 33.4875 33.12 33.4947 34.1373 34.3791 34.3799 33.1486 28.9943 27.6034 29.52 30.4246 29.9086 29.7691 38.932 25.2387 21.5403 20.1653 18.7738 17.8801 16.5899 15.4777 14.9199 13.5102 13.0232 12.0961 11.0997 10.4787 9.9982 9.4124 8.525 7.8608 6.7998 6.761 5.9537 5.9402 5.9304 5.3945 5.5693 5.5932 5.7851 7.1514 7.1931 7.494
34.4822 34.4954 34.5109 34.5287 34.5492 34.9968 31.9249 31.848 28.9882 28.8992 25.0964 26.0116 25.9542 24.4773 24.5091 27.1853 31.1106 31.536 32.8687 32.9479 33.0168 34.3125 34.0499 33.8192 33.7599 33.6168 34.2249 35.4189 35.0678 31.9856 26.1135 26.2934 24.7937 30.3099 31.3576 24.2768 25.6429 21.9558 19.7397 19.0245 17.7022 16.4696 15.1388 14.8803 13.4507 13.1862 11.5661 11.0973 10.4672 9.9966 9.4116 8.5298 7.8577 6.7988 5.9716 5.9472 5.93 5.9182 5.3858 5.5604 5.59 5.7858 7.1488 7.1981 7.5002 9.1799
34.4964 34.5097 34.525 34.5424 34.9928 31.9131 31.8488 28.9875 28.9147 25.0928 26.0222 25.9773 25.9259 24.4978 27.1721 31.1216 31.5288 32.8676 32.9253 32.9855 34.5066 34.3416 34.1823 33.7332 33.8789 33.7246 34.0426 34.635 33.7571 31.2916 25.3063 22.1211 22.5137 24.0127 27.1994 20.7245 19.3838 20.0015 18.4963 17.876 15.1898 14.9068 14.6976 12.6399 12.1907 11.6214 11.0671 10.0357 9.9926 9.4108 7.944 7.8537 6.7996 5.9718 5.9378 5.9153 5.3866 5.3734 5.548 5.7551 5.7867 7.1456 7.4677 7.5083 9.1828 9.2418
