normal_rasters/0772100001000734.ascii
ncols 166 
nrows 183 
xllcorner 158677.681
yllcorner 383630.904999
cellsize 0.25
nodata_value -9999 
[rows 128 to 159 of 183, columns 0 to 69 of 166]
4.9661 5.2966 5.2985 5.3005 5.7061 8.3925 8.4003 8.9679 8.9728 8.9782 8.9841 8.9905 8.9975 9.0052 9.0135 9.0225 9.0322 9.0427 9.054 9.0662 10.9198 10.9285 10.9379 10.9481 10.9591 10.9709 10.9834 10.9965 11.0101 11.0371 11.0452 11.0531 11.0608 11.0681 11.0749 11.0812 11.0867 11.0916 11.0956 11.0988 11.1011 11.1027 11.1034 11.1035 11.1029 10.9308 10.5876 10.561 10.5358 10.5121 10.4901 9.1568 2.4531 2.4502 0.6476 0.6473 0.6568 0.6569 0.657 0.678 0.6784 0.679 0.7296 0.7949 2.494 2.5691 2.6157 2.662 3.0836 3.1974
5.2973 5.299 5.3009 5.7064 8.3948 8.4022 8.969 8.9735 8.9785 8.984 8.9899 8.9963 9.0033 9.0108 9.019 9.0278 9.0372 9.0474 9.0583 9.0698 10.9256 10.9339 10.9429 10.9526 10.963 10.974 10.9856 10.9977 11.0103 11.0348 11.0421 11.0493 11.0562 11.0628 11.069 11.0747 11.0797 11.0842 11.0879 11.0909 11.0932 11.0949 11.0958 11.0961 11.0958 10.929 10.9151 10.5671 10.5435 10.5212 10.5003 9.1415 0.6477 0.6475 0.6473 0.6569 0.657 0.6571 0.6781 0.6786 0.729 0.7298 2.4919 2.5203 2.6005 2.6336 3.0445 3.1593 3.1853 3.1882
5.2995 5.7052 8.0918 8.3969 8.9659 8.9698 8.9741 8.9787 8.9838 8.9892 8.9951 9.0015 9.0084 9.0158 9.0238 9.0324 9.0416 9.0513 9.0618 10.9233 10.9307 10.9387 10.9473 10.9565 10.9662 10.9765 10.9874 10.9986 11.0102 11.0326 11.0392 11.0457 11.052 11.058 11.0636 11.0687 11.0734 11.0775 11.081 11.0838 11.0861 11.0877 11.0888 11.0892 11.0892 10.9269 10.9141 10.572 10.5499 10.5289 10.509 8.1486 0.6475 0.6473 0.657 0.6571 0.6779 0.6783 0.6786 0.7292 0.7299 2.5133 2.5397 2.6156 3.0203 3.0501 3.153 3.1559 3.1711 3.3246
5.7055 8.0943 8.3986 8.9669 8.9706 8.9746 8.9789 8.9836 8.9886 8.9941 8.9999 9.0062 9.013 9.0203 9.0281 9.0364 9.0453 9.0547 10.9215 10.9281 10.9352 10.9428 10.951 10.9597 10.9689 10.9786 10.9887 10.9991 11.0243 11.0304 11.0364 11.0423 11.048 11.0535 11.0586 11.0633 11.0676 11.0714 11.0747 11.0774 11.0796 11.0812 11.0823 11.0829 11.083 11.0827 10.9128 10.9012 10.5551 10.5353 10.5165 7.091 0.657 0.6571 0.6572 0.6781 0.6784 0.6787 0.7294 2.5091 2.5297 2.5542 2.9814 3.0265 3.1313 3.1468 3.1447 3.2995 3.2994 3.2975
8.3945 8.4002 8.9677 8.9712 8.9749 8.979 8.9833 8.988 8.993 8.9985 9.0043 9.0105 9.0172 9.0243 9.0318 9.0399 9.0484 9.0574 10.9259 10.9323 10.9391 10.9465 10.9543 10.9625 10.9711 10.9802 10.9896 10.9993 11.0226 11.0282 11.0337 11.0391 11.0444 11.0494 11.054 11.0584 11.0623 11.0658 11.0689 11.0715 11.0736 11.0752 11.0763 11.077 11.0773 11.0772 10.9113 10.9006 10.5593 10.5406 10.5228 0.6571 0.6572 0.6572 0.6782 0.6784 0.6787 2.427 2.5231 2.5425 2.9677 2.9889 3.0303 3.1277 3.1409 3.2936 3.2815 3.2803 3.2775 3.3222
8.4015 8.9684 8.9717 8.9752 8.979 8.983 8.9874 8.9921 8.9971 9.0025 9.0082 9.0143 9.0208 9.0278 9.0351 9.0429 9.0511 10.9241 10.9299 10.936 10.9426 10.9496 10.957 10.9648 10.973 10.9815 10.9903 10.9993 11.021 11.0261 11.0312 11.0362 11.0409 11.0455 11.0498 11.0538 11.0575 11.0608 11.0636 11.0661 11.0681 11.0697 11.0709 11.0716 11.072 11.072 10.9096 10.8997 10.8898 10.5451 10.5282 0.6572 0.6573 0.6783 0.6785 2.4229 2.4401 2.5343 2.5523 2.9749 2.9942 3.1138 3.124 3.2786 3.2811 3.2673 3.2655 3.3186 3.4553 3.4347
8.969 8.9721 8.9754 8.979 8.9828 8.9868 8.9912 8.9959 9.0008 9.0061 9.0117 9.0177 9.0241 9.0308 9.0379 9.0454 10.9227 10.9279 10.9334 10.9394 10.9457 10.9524 10.9594 10.9668 10.9745 10.9825 10.9907 10.9991 11.0194 11.0241 11.0288 11.0333 11.0378 11.042 11.0459 11.0496 11.053 11.0561 11.0588 11.0611 11.063 11.0646 11.0658 11.0666 11.0671 11.0672 11.067 10.8986 10.8894 10.5488 9.5466 0.6781 0.6783 0.6785 2.4346 2.4509 2.5432 2.9648 2.9802 3.0807 3.1114 3.2673 3.2692 3.2709 3.2559 3.4675 3.4555 3.4407 3.4224 3.4
8.9724 8.9756 8.9789 8.9825 8.9863 8.9904 8.9947 8.9993 9.0042 9.0094 9.0149 9.0208 9.027 9.0335 9.0404 10.9215 10.9262 10.9312 10.9366 10.9423 10.9484 10.9548 10.9615 10.9684 10.9757 10.9832 10.9909 11.0133 11.0178 11.0221 11.0265 11.0307 11.0348 11.0386 11.0423 11.0457 11.0489 11.0518 11.0543 11.0565 11.0584 11.0599 11.0611 11.0619 11.0625 11.0627 11.0627 10.8973 10.8888 10.8803 7.2133 0.6784 2.4307 2.4443 2.5365 2.5503 2.9699 2.9842 3.0802 3.2609 3.26 3.2613 3.2625 3.4635 3.4544 3.4433 3.4298 3.4136 3.394 3.3706
8.9757 8.9788 8.9822 8.9858 8.9896 8.9936 8.9979 9.0024 9.0073 9.0124 9.0178 9.0235 9.0295 9.0358 9.0425 10.9248 10.9294 10.9343 10.9395 10.945 10.9508 10.9568 10.9632 10.9698 10.9767 10.9837 10.9909 11.0121 11.0162 11.0203 11.0243 11.0282 11.0319 11.0355 11.039 11.0421 11.0451 11.0478 11.0501 11.0522 11.054 11.0555 11.0567 11.0576 11.0582 11.0585 11.0585 10.8959 10.8879 10.88 7.1455 2.4395 2.4523 2.5431 2.9114 2.9739 3.0701 3.0794 3.2554 3.2538 3.2547 3.4599 3.4527 3.4441 3.4338 3.4216 3.4071 3.39 3.3698 1.8831
8.9787 8.9819 8.9852 8.9888 8.9926 8.9966 9.0008 9.0053 9.0101 9.0151 9.0204 9.0259 9.0317 9.0379 10.9236 10.9278 10.9322 10.937 10.942 10.9473 10.9528 10.9586 10.9647 10.971 10.9774 10.9841 10.9909 11.0108 11.0147 11.0185 11.0222 11.0258 11.0293 11.0326 11.0358 11.0388 11.0415 11.044 11.0463 11.0483 11.05 11.0514 11.0526 11.0535 11.0541 11.0545 11.0546 11.0546 10.887 10.8796 5.9972 2.459 2.9037 2.9661 2.977 3.0699 3.2265 3.2476 3.2484 3.249 3.4508 3.4439 3.4359 3.4264 3.4153 3.4024 3.3873 3.3697 1.8832 1.9877
8.9816 8.9847 8.9881 8.9916 8.9954 8.9993 9.0035 9.0079 9.0126 9.0175 9.0226 9.028 9.0337 10.9226 10.9264 10.9305 10.9349 10.9394 10.9443 10.9494 10.9547 10.9602 10.966 10.9719 10.978 10.9843 10.9907 11.0096 11.0132 11.0167 11.0202 11.0235 11.0268 11.0299 11.0329 11.0357 11.0382 11.0406 11.0427 11.0446 11.0462 11.0476 11.0488 11.0497 11.0503 11.0508 11.051 11.051 10.8859 10.3739 2.4646 2.908 2.9692 3.0625 3.2192 3.2229 3.2432 3.2438 3.4488 3.4433 3.4368 3.4293 3.4206 3.4105 3.3988 3.3854 3.37 1.8832 1.9873 1.9843
8.9843 8.9874 8.9907 8.9942 8.998 9.0019 9.006 9.0103 9.0149 9.0197 9.0247 9.0299 9.0354 10.9253 10.929 10.933 10.9372 10.9417 10.9463 10.9512 10.9563 10.9616 10.967 10.9727 10.9785 10.9844 11.005 11.0084 11.0117 11.015 11.0183 11.0214 11.0245 11.0274 11.0301 11.0327 11.0351 11.0374 11.0394 11.0412 11.0427 11.0441 11.0452 11.0461 11.0468 11.0473 11.0475 11.0476 10.8848 10.3349 2.9116 3.0339 3.0625 3.2164 3.2197 3.2393 3.447 3.4424 3.4371 3.431 3.424 3.4159 3.4067 3.3962 3.3842 1.8838 1.9895 1.9872 1.8064 1.8066
8.9868 8.9899 8.9932 8.9967 9.0003 9.0042 9.0082 9.0125 9.0169 9.0216 9.0265 9.0316 10.9243 10.9277 10.9314 10.9353 10.9394 10.9436 10.9481 10.9528 10.9577 10.9627 10.9679 10.9733 10.9788 10.9844 11.0041 11.0072 11.0103 11.0134 11.0164 11.0194 11.0222 11.025 11.0275 11.03 11.0323 11.0344 11.0363 11.038 11.0395 11.0408 11.0419 11.0428 11.0435 11.044 11.0443 11.0444 11.0444 9.3503 3.0345 3.2112 3.2139 3.2383 3.2359 3.4413 3.4369 3.4319 3.4261 3.4196 3.4122 3.4038 3.3942 3.3835 1.8838 1.9892 1.9871 1.8064 1.8065 1.8066
8.9891 8.9922 8.9955 8.9989 9.0025 9.0063 9.0103 9.0144 9.0188 9.0233 9.0281 10.9234 10.9266 10.93 10.9336 10.9374 10.9413 10.9454 10.9497 10.9542 10.9589 10.9637 10.9687 10.9737 10.979 10.9842 11.0031 11.0061 11.009 11.0119 11.0147 11.0175 11.0201 11.0227 11.0251 11.0274 11.0296 11.0315 11.0333 11.035 11.0364 11.0377 11.0388 11.0396 11.0403 11.0409 11.0412 11.0414 11.6251 6.5077 3.2092 3.2117 3.2327 3.4402 3.4365 3.4323 3.4275 3.4221 3.416 3.4091 3.4014 3.3928 3.383 1.9906 1.9889 1.9871 1.8064 1.8065 1.8066 1.8067
8.9913 8.9944 8.9976 9.001 9.0045 9.0083 9.0121 9.0162 9.0204 9.0249 9.0294 10.9257 10.9288 10.9321 10.9356 10.9392 10.9431 10.947 10.9512 10.9555 10.96 10.9646 10.9693 10.9741 10.9791 10.9841 11.0021 11.0049 11.0077 11.0104 11.0131 11.0156 11.0181 11.0205 11.0228 11.025 11.027 11.0289 11.0306 11.0322 11.0335 11.0348 11.0358 11.0367 11.0374 11.0379 11.0383 11.0385 10.7092 3.2074 3.2096 3.4391 3.4359 3.4323 3.4283 3.4238 3.4187 3.413 3.4067 3.3996 3.3917 1.8841 1.9903 1.9888 1.8063 1.8063 1.8064 1.8065 1.8066 1.8067
8.9933 8.9964 8.9996 9.0029 9.0064 9.01 9.0138 9.0178 9.0219 9.0262 10.9248 10.9277 10.9308 10.934 10.9374 10.941 10.9446 10.9485 10.9525 10.9566 10.9609 10.9653 10.9698 10.9744 10.9791 10.9986 11.0012 11.0038 11.0064 11.009 11.0115 11.0139 11.0163 11.0185 11.0207 11.0227 11.0246 11.0264 11.028 11.0295 11.0308 11.032 11.033 11.0339 11.0346 11.0352 11.0356 11.6271 6.7234 3.2078 3.4353 3.4322 3.4288 3.4249 3.4206 3.4159 3.4106 3.4047 3.3981 3.3909 1.9913 1.99 1.9887 1.8063 1.8063 1.8064 1.8065 1.8065 1.8066 1.6645
8.9952 8.9982 9.0014 9.0046 9.0081 9.0116 9.0154 9.0192 9.0232 10.9241 10.9268 10.9297 10.9327 10.9358 10.9391 10.9425 10.9461 10.9498 10.9536 10.9576 10.9617 10.9659 10.9702 10.9746 10.979 10.9978 11.0003 11.0027 11.0052 11.0076 11.0099 11.0122 11.0145 11.0166 11.0186 11.0205 11.0224 11.024 11.0256 11.027 11.0283 11.0294 11.0304 11.0313 11.032 11.0325 11.033 11.6158 6.6646 3.4319 3.429 3.4257 3.422 3.4179 3.4134 3.4085 3.403 3.397 1.8843 1.991 1.9898 1.8062 1.8062 1.8063 1.8064 1.8064 1.8065 1.6653 1.6633 1.5543
8.997 8.9999 9.003 9.0063 9.0096 9.0131 9.0167 9.0205 9.0244 10.926 10.9287 10.9314 10.9344 10.9374 10.9406 10.9439 10.9474 10.9509 10.9546 10.9584 10.9624 10.9664 10.9705 10.9747 10.9789 10.997 10.9993 11.0017 11.004 11.0063 11.0085 11.0107 11.0127 11.0148 11.0167 11.0185 11.0202 11.0218 11.0233 11.0247 11.0259 11.027 11.0279 11.0288 11.0295 11.03 11.0305 10.6937 3.429 3.4261 3.4229 3.4195 3.4156 3.4114 3.4068 3.4017 3.3961 1.9917 1.9908 1.9897 1.8062 1.8062 1.8063 1.8063 1.8064 1.8065 1.6642 1.6624 1.5536 1.5518
8.9986 9.0015 9.0046 9.0077 9.011 9.0144 9.018 9.0216 10.9253 10.9278 10.9304 10.9331 10.9359 10.9389 10.942 10.9452 10.9485 10.952 10.9555 10.9592 10.963 10.9668 10.9707 10.9747 10.9787 10.9962 10.9985 11.0007 11.0029 11.005 11.0071 11.0091 11.0111 11.013 11.0148 11.0166 11.0182 11.0197 11.0211 11.0224 11.0236 11.0247 11.0256 11.0264 11.0271 11.0277 11.6178 6.699 3.4236 3.4206 3.4173 3.4136 3.4097 3.4053 3.4005 3.3953 1.9915 1.9906 1.9896 1.8062 1.8062 1.8063 1.8063 1.8064 1.8064 1.6633 1.5544 1.553 1.5514 1.3686
9.0001 9.003 9.006 9.0091 9.0123 9.0156 9.0191 10.9247 10.927 10.9294 10.932 10.9346 10.9374 10.9403 10.9433 10.9464 10.9496 10.9529 10.9563 10.9599 10.9635 10.9671 10.9709 10.9747 10.9933 10.9955 10.9976 10.9997 11.0017 11.0038 11.0058 11.0077 11.0096 11.0114 11.0131 11.0147 11.0163 11.0177 11.0191 11.0203 11.0215 11.0225 11.0234 11.0242 11.0249 11.0254 10.7182 3.4214 3.4185 3.4154 3.4119 3.4082 3.4041 3.3996 1.992 1.9913 1.9904 1.8062 1.8062 1.8062 1.8063 1.8063 1.8063 1.664 1.6626 1.5538 1.5525 1.5511 1.3683 1.3666
9.0015 9.0044 9.0073 9.0103 9.0135 9.0167 9.0201 10.9263 10.9286 10.9309 10.9334 10.936 10.9387 10.9415 10.9444 10.9474 10.9506 10.9538 10.957 10.9604 10.9639 10.9674 10.971 10.9746 10.9927 10.9947 10.9967 10.9987 11.0007 11.0026 11.0045 11.0063 11.0081 11.0098 11.0114 11.013 11.0145 11.0159 11.0171 11.0183 11.0194 11.0204 11.0213 11.0221 11.0227 11.0233 7.9541 3.4167 3.4137 3.4104 3.4069 3.403 3.3989 1.9918 1.9911 1.9903 1.8062 1.8062 1.8062 1.8062 1.8063 1.8063 1.6633 1.6621 1.5533 1.5522 1.3694 1.368 1.3665 1.2515
9.0028 9.0056 9.0085 9.0114 9.0145 9.0177 10.9257 10.9278 10.93 10.9324 10.9348 10.9373 10.9399 10.9427 10.9455 10.9484 10.9514 10.9545 10.9577 10.9609 10.9642 10.9676 10.971 10.9745 10.9921 10.994 10.9959 10.9978 10.9996 11.0015 11.0033 11.005 11.0067 11.0083 11.0099 11.0113 11.0127 11.0141 11.0153 11.0164 11.0175 11.0184 11.0193 11.0201 11.0207 10.0759 6.6797 3.4122 3.4091 3.4058 3.4022 3.5058 1.9916 1.991 1.9903 1.8062 1.8062 1.8062 1.8062 1.8063 1.8063 1.6628 1.6616 1.553 1.5519 1.3691 1.3678 1.3664 1.2517 1.2518
9.004 9.0067 9.0096 9.0125 9.0155 10.9251 10.9271 10.9292 10.9314 10.9337 10.9361 10.9385 10.9411 10.9437 10.9465 10.9493 10.9522 10.9552 10.9582 10.9613 10.9645 10.9678 10.971 10.9896 10.9914 10.9933 10.9951 10.9969 10.9986 11.0004 11.0021 11.0037 11.0053 11.0069 11.0084 11.0098 11.0111 11.0124 11.0136 11.0146 11.0157 11.0166 11.0174 11.0182 11.0188 10.4896 3.4109 3.408 3.4048 3.4014 1.9921 1.9915 1.9909 1.8061 1.8062 1.8062 1.8062 1.8062 1.8063 1.6633 1.6623 1.5536 1.5527 1.5517 1.3688 1.3677 1.3101 1.252 1.3693 1.371
9.0051 9.0078 9.0105 9.0134 9.0163 10.9265 10.9285 10.9305 10.9327 10.9349 10.9372 10.9396 10.9421 10.9447 10.9473 10.9501 10.9529 10.9557 10.9587 10.9617 10.9647 10.9679 10.971 10.989 10.9908 10.9925 10.9943 10.996 10.9977 10.9993 11.0009 11.0025 11.004 11.0055 11.0069 11.0083 11.0095 11.0108 11.0119 11.0129 11.0139 11.0148 11.0156 11.0163 10.0836 6.8525 3.407 3.404 3.5085 1.9919 1.9914 1.9908 1.8061 1.8062 1.8062 1.8062 1.8062 1.8063 1.6628 1.6619 1.5533 1.5524 1.5515 1.3686 1.3676 1.3102 1.2522 1.3704 1.3719 1.3737
9.0062 9.0088 9.0114 9.0142 10.926 10.9278 10.9298 10.9318 10.9339 10.9361 10.9383 10.9407 10.9431 10.9456 10.9481 10.9508 10.9535 10.9563 10.9591 10.962 10.9649 10.9679 10.9709 10.9885 10.9902 10.9918 10.9935 10.9951 10.9967 10.9983 10.9998 11.0013 11.0028 11.0042 11.0055 11.0068 11.0081 11.0092 11.0103 11.0113 11.0122 11.0131 11.0139 11.0146 10.0497 6.8073 3.4033 3.5073 1.9918 1.9913 1.9907 1.8061 1.8061 1.8062 1.8062 1.8062 1.8062 1.6624 1.6616 1.553 1.5522 1.5514 1.3685 1.3675 1.3102 1.361 1.3713 1.3727 1.3743 1.4797
9.0071 9.0096 9.0123 10.9255 10.9272 10.9291 10.931 10.933 10.935 10.9371 10.9393 10.9416 10.944 10.9464 10.9489 10.9514 10.954 10.9567 10.9595 10.9622 10.9651 10.9679 10.9708 10.988 10.9896 10.9912 10.9927 10.9943 10.9958 10.9973 10.9988 11.0002 11.0016 11.0029 11.0042 11.0055 11.0066 11.0077 11.0088 11.0098 11.0107 11.0115 11.0123 10.0896 6.4608 3.5105 1.9921 1.9916 1.9912 1.8061 1.8061 1.8061 1.8062 1.8062 1.8062 1.6629 1.6621 1.6613 1.5528 1.5521 1.3691 1.3683 1.3675 1.3608 1.3618 1.372 1.3734 1.4789 1.4801 1.5783
9.0079 9.0104 9.013 10.9267 10.9284 10.9302 10.9321 10.934 10.9361 10.9381 10.9403 10.9425 10.9448 10.9471 10.9495 10.952 10.9545 10.9571 10.9598 10.9624 10.9652 10.9679 10.9859 10.9875 10.989 10.9905 10.992 10.9935 10.9949 10.9964 10.9978 10.9991 11.0005 11.0017 11.003 11.0041 11.0053 11.0063 11.0073 11.0083 11.0091 11.01 11.0107 10.0581 6.8284 1.992 1.9916 1.9911 1.8061 1.8061 1.8061 1.8062 1.8062 1.8062 1.6625 1.6618 1.6611 1.5526 1.5519 1.369 1.3682 1.3109 1.3615 1.3716 1.3727 1.3739 1.4793 1.4804 1.5789 1.5809
9.0087 9.0112 10.9262 10.9279 10.9296 10.9313 10.9332 10.9351 10.937 10.9391 10.9412 10.9433 10.9455 10.9478 10.9501 10.9525 10.955 10.9575 10.96 10.9626 10.9652 10.9679 10.9855 10.9869 10.9884 10.9898 10.9913 10.9927 10.9941 10.9955 10.9968 10.9981 10.9994 11.0006 11.0018 11.0029 11.004 11.005 11.006 11.0069 11.0077 11.0085 11.0092 8.9891 1.9919 1.9915 1.991 1.8061 1.8061 1.8061 1.8062 1.8062 1.6439 1.6623 1.6616 1.553 1.5525 1.5518 1.3688 1.3681 1.4188 1.3621 1.3721 1.3732 1.3743 1.4796 1.5777 1.5793 1.5812 1.4408
9.0094 10.9258 10.9274 10.929 10.9306 10.9324 10.9342 10.936 10.9379 10.9399 10.942 10.9441 10.9462 10.9484 10.9507 10.953 10.9554 10.9578 10.9602 10.9627 10.9652 10.9678 10.985 10.9864 10.9878 10.9892 10.9906 10.9919 10.9933 10.9946 10.9959 10.9971 10.9983 10.9995 11.0006 11.0017 11.0027 11.0037 11.0046 11.0055 11.0063 11.0071 10.065 5.1478 1.9914 1.8061 1.8061 1.8061 1.8061 1.8062 1.8062 1.6626 1.662 1.6614 1.5529 1.5523 1.5517 1.3687 1.3681 1.4192 1.3626 1.3726 1.3736 1.3747 1.4799 1.5782 1.5797 1.4393 1.5136 1.5136
9.0101 10.9269 10.9284 10.93 10.9316 10.9333 10.9351 10.9369 10.9388 10.9407 10.9427 10.9447 10.9468 10.949 10.9512 10.9534 10.9557 10.958 10.9604 10.9628 10.9652 10.9677 10.9846 10.9859 10.9872 10.9886 10.9899 10.9912 10.9925 10.9937 10.9949 10.9961 10.9973 10.9984 10.9995 11.0005 11.0015 11.0025 11.0034 11.0042 11.005 11.0057 10.0372 5.1019 1.8061 1.8061 1.8061 1.8061 1.8062 1.6439 1.6624 1.6618 1.6612 1.5527 1.5522 1.3692 1.3686 1.4194 1.3624 1.3631 1.373 1.374 1.4793 1.4801 1.5786 1.4381 1.4383 1.5124 1.5123 1.4924
10.9265 10.9279 10.9294 10.931 10.9326 10.9343 10.936 10.9378 10.9396 10.9415 10.9434 10.9454 10.9474 10.9495 10.9516 10.9538 10.956 10.9583 10.9606 10.9629 10.9652 10.9828 10.9841 10.9854 10.9867 10.988 10.9892 10.9905 10.9917 10.9929 10.9941 10.9952 10.9963 10.9974 10.9984 10.9994 11.0004 11.0013 11.0022 11.003 11.0037 10.0705 6.2632 1.8061 1.8061 1.8061 1.8061 1.8062 1.6437 1.6621 1.6616 1.6611 1.5526 1.5521 1.3691 1.3686 1.4197 1.3628 1.3635 1.3734 1.3743 1.4796 1.5771 1.4371 1.4373 1.4374 1.5114 1.316 1.4685 1.4666
10.9275 10.9289 10.9304 10.9319 10.9335 10.9351 10.9368 10.9385 10.9403 10.9422 10.944 10.946 10.9479 10.95 10.952 10.9541 10.9563 10.9585 10.9607 10.9629 10.9652 10.9824 10.9837 10.9849 10.9861 10.9874 10.9886 10.9898 10.9909 10.9921 10.9932 10.9943 10.9954 10.9964 10.9974 10.9984 10.9993 11.0002 11.001 11.0018 11.0025 10.0446 5.1181 1.8061 1.8061 1.8061 1.6439 1.6435 1.662 1.6615 1.553 1.5525 1.5521 1.369 1.4198 1.4201 1.3632 1.373 1.3737 1.3745 1.5764 1.5781 1.4365 1.4365 1.4366 1.315 1.4688 1.4672 1.4653 1.4633
