normal_rasters/0772100001000771.ascii
ncols 77 
nrows 72 
xllcorner 158387.149994
yllcorner 383914.220001
cellsize 0.25
nodata_value -9999 
[rows 31 to 61 of 72, columns 0 to 69 of 77]
24.8087 24.8053 24.8045 24.8637 29.7759 29.9199 29.946 30.347 34.2675 34.0181 33.7069 33.6393 33.5364 33.7761 33.0431 27.9856 17.0892 10.941 8.0766 7.1177 6.208 5.6542 5.3379 4.9943 4.486 4.186 4.041 3.7267 3.6015 3.2733 3.1026 2.9872 2.8188 2.6 2.3384 2.1724 2.1298 2.0056 1.7105 1.5319 1.3081 0.7498 0.4678 0.2404 0.1961 0.2988 0.3403 0.3521 0.3683 0.4304 0.5013 0.5329 0.9556 1.4352 1.5181 2.3534 2.4515 2.7812 3.7544 4.2069 5.5251 5.5539 6.8008 7.8715 8.5603 9.8099 9.8332 9.8522 10.1286 10.3519
24.8267 24.825 24.8873 25.0647 29.8992 29.8304 30.0966 34.2648 34.0276 33.7179 33.6707 33.582 30.5655 29.5017 30.4206 23.8907 12.7364 9.9976 7.112 6.2888 5.7097 5.4924 4.8441 4.5046 4.1427 3.9104 3.7651 3.4226 3.3006 3.1504 2.925 2.803 2.6905 2.52 2.2693 1.9699 1.8605 1.6076 1.0978 1.0197 0.6805 0.3872 0.2697 0.2695 0.3125 0.382 0.3694 0.3446 0.3539 0.4523 0.4985 0.8471 1.3497 1.494 2.3127 2.4565 3.2386 3.7619 4.868 5.524 5.5612 6.7996 7.4569 8.5598 9.8061 9.8351 9.8584 10.3491 10.9848 10.992
24.8456 24.9042 25.0474 29.887 29.9844 29.9511 34.2622 33.981 33.9459 33.6091 33.6121 29.5059 26.2555 24.7836 25.1194 31.9245 10.052 7.4962 6.2535 5.8577 5.4319 4.8343 4.481 4.2806 3.8688 3.6562 3.4928 3.1639 2.9873 2.8856 2.5667 2.6068 2.5055 2.2956 1.9275 1.7505 1.4759 1.2958 0.9024 0.6865 0.4315 0.3306 0.2617 0.3552 0.3916 0.3826 0.3374 0.3295 0.3737 0.4053 0.6398 1.1785 1.4449 1.6097 3.1091 3.2426 3.7799 4.8644 5.5238 5.5735 6.7974 7.4614 8.5587 9.8001 9.8371 9.8662 10.3556 10.9879 10.9964 11.003
24.9202 25.0358 29.8791 29.9514 29.8608 34.2159 33.9764 33.9514 33.6216 29.1453 25.0529 24.9377 21.74 21.7309 21.3587 17.6284 10.9996 6.3249 5.9247 5.2329 4.7436 4.5187 4.1604 3.8583 3.5307 3.3673 3.1727 3.0208 2.795 2.5819 2.4537 2.3816 2.1712 1.852 1.7824 1.3498 1.0539 0.9304 0.6193 0.4756 0.3409 0.2132 0.2853 0.375 0.3438 0.3082 0.2872 0.2919 0.3297 0.5083 0.8509 1.2619 1.6635 3.0276 3.2613 3.8225 4.8605 5.526 5.5948 6.7937 7.4685 8.5563 9.7902 9.8389 10.3452 10.364 10.9921 11.0023 11.0099 11.7415
25.0277 29.8738 29.9295 29.8014 34.2097 33.9734 33.955 33.8439 28.8694 24.4821 24.3085 20.3527 20.2061 19.7112 18.5954 13.5183 10.2283 6.1076 5.4862 5.114 4.4619 4.1116 3.9315 3.6726 3.2008 3.0257 2.8986 2.7559 2.489 2.4001 2.3551 2.0858 1.8332 1.4064 1.296 0.8995 0.8988 0.5562 0.3857 0.2074 0.2122 0.2177 0.3275 0.3176 0.287 0.2778 0.2373 0.1971 0.495 0.7774 1.1029 1.8938 2.937 3.3176 4.2047 4.8597 4.9518 5.6342 6.7868 7.5049 8.5516 8.6028 9.8402 10.3506 10.3751 10.9979 11.0103 11.0192 11.7484 11.7614
29.87 29.9142 29.7605 34.2055 34.193 34.0863 33.8515 28.7004 24.1361 23.9681 19.5943 19.4379 19.0783 18.3953 13.4428 11.8535 6.0664 5.5637 5.2042 4.8921 4.2933 3.977 3.6897 3.318 3.0178 2.8246 2.4988 2.379 2.3233 2.0364 2.007 1.8994 1.5389 1.3145 1.0646 0.8261 0.5217 0.3828 0.2962 0.1905 0.2494 0.2674 0.309 0.2719 0.2326 0.2358 0.2342 0.5032 1.0114 1.3157 2.4891 2.8733 3.2579 4.2375 4.884 5.0279 5.8748 6.6804 7.5142 8.5419 8.6171 9.8398 10.3573 10.3905 11.0064 11.0218 11.7389 11.7584 13.1726 13.2011
29.9031 29.7314 34.2028 34.1925 34.0884 34.0757 28.5936 23.9132 19.1985 19.1393 19.0018 18.7429 18.3053 13.2189 12.2425 6.0864 5.9555 5.1464 4.9623 4.4799 4.31 3.7684 3.5002 3.217 2.8964 2.6551 2.4161 2.2516 2.1451 1.9679 1.8792 1.7171 1.4015 1.2895 0.9931 0.8301 0.534 0.2785 0.1985 0.189 0.2615 0.2484 0.1928 0.1832 0.2201 0.3343 0.6363 1.051 1.6544 2.0948 2.9325 3.6503 4.3531 5.0825 5.6529 5.9186 6.6959 7.5293 8.5216 9.2802 9.8354 10.3655 10.9889 11.0194 11.0388 11.7504 11.7732 13.1703 13.2048 16.6028
29.6752 34.2009 34.0976 34.0901 29.0877 28.7358 23.762 18.9074 18.8451 18.7297 18.5378 18.2396 13.0502 12.3043 11.6715 6.0209 5.1264 5.0263 4.5603 4.1992 3.8566 3.5888 3.3619 3.0313 2.8298 2.6444 2.407 2.1919 2.0798 1.9671 1.7877 1.5854 1.2821 1.1846 1.0614 0.5558 0.2278 0.179 0.1842 0.2046 0.2533 0.2132 0.1864 0.1785 0.3714 0.559 1.0637 1.2527 2.5644 2.8945 3.2245 4.1866 4.8773 5.4764 6.0008 6.7415 7.5538 8.4793 9.2672 10.2574 10.3748 10.9969 11.0407 11.0655 11.7693 11.7959 13.1697 13.212 16.6187 18.367
34.1995 34.0975 34.0913 29.0377 28.6981 23.655 18.7021 18.6434 18.5473 18.4005 18.1862 17.6187 12.2906 11.7111 6.05 5.1166 5.0608 4.5558 4.2037 3.844 3.5717 3.4061 3.1582 3.0041 2.6995 2.4688 2.3693 2.1912 1.9667 1.806 1.5416 1.3965 1.2217 1.0703 0.6256 0.1872 0.1851 0.2036 0.21 0.1871 0.1727 0.1737 0.1897 0.3733 0.6093 0.8308 1.6263 2.2817 2.7854 3.3572 3.8281 4.3221 4.9686 5.9112 6.594 7.587 8.373 9.2293 9.4214 10.382 11.0112 11.0792 11.1109 11.9336 13.1018 13.1726 13.2254 16.6475 18.3885 18.4917
34.0974 34.0924 29.0012 28.6726 18.5847 18.5516 18.4983 18.4181 18.3025 18.1419 17.6588 12.2602 11.805 11.4075 5.111 5.0767 4.5522 4.2189 3.8133 3.7426 3.4638 3.1807 3.0056 2.8048 2.6295 2.4581 2.229 2.0181 1.8596 1.6568 1.3488 1.2215 1.1517 0.9755 0.3763 0.2 0.2342 0.2318 0.2052 0.1177 0.0929 0.1131 0.2915 0.4488 0.834 1.4278 1.9784 2.8053 3.2992 3.8947 4.3534 4.8717 5.9296 6.7182 7.6661 8.5887 9.167 9.5182 10.3751 11.037 11.1573 11.9125 11.9661 13.0883 13.1831 16.4287 18.2508 18.4259 18.552 22.6782
29.0622 28.974 28.655 18.4697 18.4376 18.39 18.3224 18.2293 17.8788 17.5111 12.2284 11.8462 11.5686 5.1075 5.0846 4.551 4.2276 3.7971 3.7553 3.23 3.0403 2.9735 2.801 2.6614 2.5565 2.2944 2.1415 1.9587 1.7857 1.4169 1.2141 1.1028 0.6815 0.457 0.2634 0.2207 0.2313 0.1439 0.099 0.0792 0.0792 0.173 0.4795 0.9104 1.3934 1.6567 2.4411 3.3651 4.157 4.3024 5.1139 6.2603 6.9649 7.7103 8.4041 8.9897 9.5033 10.6119 11.0456 11.3391 11.9688 12.0341 13.0794 13.2105 16.4314 18.2623 18.492 18.6475 22.6992 23.0184
28.9534 28.8623 18.3791 18.349 18.3066 18.249 18.1726 17.8412 17.5051 12.1992 11.8632 11.6602 5.1051 5.0888 4.5509 4.2324 3.7896 3.7627 3.1224 3.0176 2.9758 2.6959 2.6237 2.5731 2.3537 2.2244 1.9019 1.5819 1.4303 1.163 0.9618 0.6966 0.5162 0.3783 0.2872 0.2141 0.1545 0.086 0.0793 0.0792 0.0792 0.1191 0.6591 1.2946 1.906 2.8805 3.3072 3.6334 4.3168 5.2895 6.1957 6.5757 7.5165 8.4794 8.8452 9.5503 10.1298 10.8517 11.9455 12.1926 12.1924 13.0889 13.2762 16.6064 18.3029 18.6126 18.8047 22.7295 23.1227 23.3095
28.8579 18.3064 18.2784 18.2408 18.1913 18.1275 17.6497 17.4976 11.992 11.8684 11.7143 5.1034 5.0913 4.5512 4.1275 3.7862 3.7676 3.1075 3.0096 2.9839 2.6147 2.5946 2.5549 2.4254 2.2673 2.0632 1.5347 1.3453 1.2183 0.9878 0.8339 0.6047 0.4571 0.3113 0.2823 0.2109 0.1219 0.0793 0.0793 0.0793 0.1376 0.6772 1.1198 1.5552 2.3014 3.0954 3.9003 4.3936 5.0031 5.9055 6.4926 7.5805 8.1272 8.7757 9.4338 10.0391 10.8931 11.8981 12.51 12.6334 13.1584 13.4349 16.5752 18.4084 18.8392 19.074 22.948 27.7319 23.4108 27.9794
18.2469 18.2212 18.1876 18.1447 18.0907 17.6154 17.4897 17.338 11.8677 11.7471 10.9544 4.9371 4.5515 4.125 3.7845 3.4443 3.1006 3.0069 2.8429 2.5982 2.5842 2.5597 2.3218 2.2667 2.0964 1.7394 1.4086 1.2336 1.0858 0.7648 0.5533 0.314 0.3357 0.2785 0.2143 0.1797 0.1655 0.1039 0.0816 0.18 0.4487 1.109 1.4051 2.2906 2.9566 3.4308 4.2517 5.1779 5.8789 6.8036 7.4263 7.895 8.5321 9.1312 9.9066 10.4536 11.3997 12.374 13.0739 13.6648 14.1767 17.5098 18.6269 19.2703 20.2629 20.3302 27.5896 23.5412 27.937 30.0644
18.174 18.144 18.1065 17.6754 17.5874 17.4818 17.3562 11.864 11.7673 11.0109 4.9365 4.552 4.1237 3.7837 3.2626 3.2428 2.8539 2.8393 2.5901 2.5802 2.5648 2.3001 2.269 2.2125 1.8369 1.6298 1.2149 1.1441 0.8494 0.5517 0.3289 0.2527 0.3158 0.2077 0.1813 0.1775 0.1801 0.1794 0.2373 0.4001 0.7184 1.5705 2.4264 2.9544 3.24 4.1407 5.3077 5.8441 6.7619 7.5105 7.8489 8.3949 9.1912 9.5593 10.5946 11.3334 11.8089 12.7801 13.8884 14.3878 17.191 18.8604 20.3832 20.7938 24.1451 27.3663 28.1645 27.7175 30.0323 30.1368
18.1076 18.0745 17.6401 17.5642 17.4743 17.3686 11.8588 11.7796 11.5152 4.936 4.5524 4.123 3.6023 3.2589 3.2433 2.8488 2.8375 2.5858 2.5786 2.5682 2.2882 2.2689 2.2372 1.9493 1.6276 1.3453 1.1497 0.8882 0.7181 0.5171 0.3568 0.3099 0.2852 0.2028 0.201 0.1957 0.1869 0.2513 0.3598 0.7983 1.6346 2.2703 2.8212 3.2196 4.2897 5.1868 5.8475 6.9107 7.3424 7.8833 8.5314 8.916 9.6181 10.5364 11.1041 11.7086 12.3117 13.3216 14.3111 15.846 17.228 20.6328 22.0468 24.2044 24.7992 28.1633 27.9457 29.9718 33.1295 30.6688
18.0475 17.6109 17.5447 17.4672 17.3772 11.853 11.6296 11.5386 4.9357 4.1321 4.1227 3.5995 3.2566 3.244 2.8456 2.5872 2.5833 2.5778 2.5704 2.2812 2.2683 2.2486 1.9636 1.6287 1.5573 1.295 0.9812 0.7678 0.518 0.4423 0.3908 0.3407 0.273 0.2388 0.2155 0.219 0.2837 0.2866 0.7281 1.48 2.1978 2.656 3.425 3.8728 4.8735 5.9422 7.2367 7.7021 8.2473 8.5059 8.89 9.7339 10.3852 10.7863 11.401 12.4075 13.3201 13.8788 16.2778 16.6085 19.1406 24.1053 25.3503 25.1944 29.8637 30.9364 29.936 32.9901 33.0133 30.8229
17.5862 17.528 17.4606 17.383 11.847 11.6318 11.5553 4.9355 4.1305 4.1226 3.2637 3.2552 3.2449 2.8436 2.5849 2.5817 2.5775 2.572 2.2768 2.2676 2.2544 1.9703 1.6235 1.5796 1.3302 0.8767 0.6746 0.6319 0.4726 0.4217 0.3557 0.3288 0.3066 0.2531 0.2067 0.2551 0.3428 0.7997 1.3712 1.7844 2.7343 3.4124 3.782 5.1554 6.304 7.1655 7.4764 8.2364 8.8629 9.2293 9.8716 10.2916 10.8414 11.5423 12.0666 12.9744 14.0643 16.2343 22.8744 18.7583 18.6075 22.6392 25.5991 27.9357 31.2476 33.6456 32.6958 32.7796 30.6873 31.067
17.5137 17.4545 17.3869 11.841 11.6324 11.5672 10.6867 4.5031 3.785 3.2616 3.2544 2.8471 2.8422 2.5834 2.5807 2.5774 2.5731 2.2739 2.2669 2.2575 1.9736 1.9511 1.5891 1.5483 0.8721 0.8402 0.6423 0.4705 0.4366 0.3593 0.3488 0.3225 0.3267 0.2929 0.2488 0.4336 0.8912 1.3585 1.816 2.3228 3.2654 4.3946 5.2395 6.2261 6.7765 7.555 8.4509 8.8053 9.1481 9.8541 10.2766 10.9707 11.7792 12.0579 13.0076 15.4646 15.1216 17.8821 17.8693 21.7388 21.6671 22.8716 30.2829 35.2769 35.2477 33.3776 32.5583 32.5144 30.9701 31.4788
17.4488 17.3894 11.8353 11.632 11.5757 10.7082 4.5029 3.7836 3.2601 3.2539 2.8455 2.8413 2.5823 2.5801 2.5773 2.5739 2.2718 2.2664 2.2594 1.9752 1.959 1.5934 1.5655 1.1984 0.8473 0.6455 0.6039 0.4409 0.4246 0.3539 0.3376 0.3109 0.3347 0.2929 0.3231 0.8068 1.2146 1.684 2.2826 3.1652 3.8691 5.0541 6.1552 6.7922 7.5234 8.1919 8.6784 9.4184 9.8519 10.2382 10.8174 11.627 12.1993 13.0573 13.8257 16.2032 18.2109 17.534 20.545 21.2595 25.9339 33.4883 39.2833 39.401 35.605 32.8613 32.6644 30.716 31.5576 32.2306
17.391 17.3321 11.6309 11.5819 10.7248 4.5029 3.7825 3.259 3.2536 2.8443 2.8407 2.5815 2.5796 2.5773 2.5746 2.2702 2.266 2.2605 1.976 1.9639 1.5953 1.5753 1.2083 0.8506 0.6461 0.6111 0.4419 0.4324 0.3554 0.3403 0.305 0.3672 0.3791 0.5304 0.7617 1.0993 1.9737 2.4508 2.8525 4.1296 5.0795 5.7837 6.6898 7.4426 7.8916 8.4532 9.125 9.7964 10.2038 10.8189 11.6548 12.0237 12.9457 13.7581 15.522 16.4507 17.118 19.5534 24.8371 25.2371 34.1445 36.0183 38.239 38.4051 35.4743 29.8368 29.8853 31.2647 33.1567 33.6269
17.3396 11.6293 11.5863 10.7378 4.5029 3.2623 3.2582 3.2534 2.8434 2.8403 2.5809 2.5793 2.5774 2.5751 2.2691 2.2656 2.2612 1.9763 1.967 1.5961 1.5811 1.2139 1.1889 0.8182 0.6147 0.4421 0.436 0.343 0.3414 0.3025 0.3809 0.3934 0.5369 0.8728 1.2174 1.8783 2.3782 2.9349 4.4254 4.9246 5.5876 6.4913 7.2034 7.8393 8.4288 9.3335 9.58 10.1921 10.9799 11.4173 12.0397 12.7831 13.4462 14.4351 17.1216 21.9727 19.9611 20.7278 23.5313 29.7182 32.5685 33.8546 33.5314 37.6605 39.5126 25.964 21.6767 40.3866 36.187 36.0673
11.6275 11.5895 10.7479 4.5029 3.2612 3.2576 2.8452 2.8428 2.84 2.5805 2.5791 2.5774 2.5755 2.2681 2.2652 2.2617 1.9764 1.969 1.5964 1.5847 1.2173 1.1982 0.8213 0.6166 0.4421 0.4379 0.343 0.342 0.4073 0.3854 0.3935 0.8597 0.9295 1.6178 2.0917 2.4408 3.3292 4.521 4.7366 5.4906 6.2124 7.2816 7.8473 8.3688 9.302 9.6778 10.3583 11.0161 11.185 11.8262 12.8932 13.4373 13.9343 15.1749 17.6252 21.4726 24.4578 23.5806 28.3829 34.0189 32.0907 30.2605 28.6649 33.6756 29.2607 26.5587 23.7877 16.0903 46.6342 39.3456
11.5917 10.756 3.7864 3.2604 3.2571 2.8444 2.8423 2.5812 2.5801 2.5789 2.5775 2.5758 2.2674 2.2649 2.262 2.2585 1.9703 1.5963 1.587 1.5758 1.2043 0.8231 0.6175 0.4419 0.4389 0.343 0.3423 0.4106 0.387 0.7236 0.756 0.9372 1.823 2.6757 3.1816 4.0194 4.5121 4.8495 5.4058 6.0347 6.9984 7.5353 8.4259 9.2884 9.7489 10.5169 10.9751 11.3771 12.5988 13.1091 13.3214 14.2189 15.428 16.1435 18.4324 20.3067 28.2063 29.6296 36.4159 39.913 35.1276 33.4166 28.1 31.4404 33.3561 29.2071 26.0236 29.1971 40.2562 38.41
10.7624 3.7856 3.2598 3.2568 2.8438 2.8419 2.5808 2.5799 2.5788 2.5775 2.5761 2.2668 2.2647 2.2622 2.2593 1.9712 1.5961 1.5886 1.5796 1.2084 0.8243 0.618 0.598 0.4394 0.3429 0.3424 0.4124 0.4163 0.7407 1.5677 1.6461 2.6457 2.7804 3.68 4.5346 4.7166 4.9842 5.8032 6.1788 6.4871 7.677 8.4313 8.9615 9.4488 10.3642 10.9061 11.7738 12.6643 13.0862 13.8386 14.895 15.3736 16.0512 18.1244 23.7035 24.4686 28.5244 36.7728 36.6085 37.769 32.0557 31.7155 30.5121 29.801 29.2766 30.4513 30.1306 31.3244 34.625 35.4562
3.7849 3.2593 3.2566 2.8433 2.8416 2.5805 2.5797 2.5787 2.5776 2.5764 2.2663 2.2645 2.2624 2.2599 1.9719 1.967 1.5896 1.5822 1.2113 1.1998 0.8169 0.5994 0.4261 0.3429 0.3425 0.4135 0.4165 0.7499 1.6201 1.6851 2.6996 3.5796 3.7131 4.6403 4.7679 5.4166 5.6576 6.0961 6.7772 7.4869 8.3358 9.1015 9.5555 10.3145 10.9961 11.6181 12.941 13.6279 15.4807 16.1648 16.6125 16.3409 19.3293 26.8278 26.7825 31.5902 35.7852 38.7307 36.5603 33.1655 31.9138 31.5968 31.2585 30.9325 26.4704 25.8281 31.5144 31.3731 32.8644 33.643
3.2589 3.2564 2.8429 2.8414 2.5802 2.5795 2.5786 2.5777 2.5766 2.2659 2.2643 2.2625 2.2604 1.9723 1.9682 1.5902 1.5841 1.2133 1.2038 0.8188 0.6003 0.4262 0.424 0.3426 0.4141 0.4165 1.6377 1.6485 2.5079 3.559 3.6229 3.7177 4.6852 4.7692 5.5566 5.6508 6.2391 6.9195 7.285 8.0097 9.4989 10.1498 10.5055 10.797 11.759 13.0564 13.7271 15.8133 17.5588 19.7608 19.2168 19.5888 26.6611 24.9816 31.5916 36.8906 37.1889 33.492 32.3778 31.6002 32.5654 31.857 29.9895 29.8088 26.6954 31.5261 27.616 31.2399 32.0869 32.6525
2.8439 2.8426 2.8412 2.58 2.5794 2.5786 2.5777 2.5767 2.2655 2.2641 2.2625 2.2607 1.9726 1.9691 1.5907 1.5855 1.2147 1.2068 0.8201 0.6009 0.4263 0.4244 0.3426 0.4146 0.4165 1.6583 1.664 2.5251 3.5931 3.6435 4.6658 4.7042 4.7614 5.6166 5.6708 6.2432 7.0356 7.2289 8.1016 9.2576 9.9432 10.7843 11.2274 12.032 12.6827 13.4339 16.1217 18.7107 18.5722 19.7106 21.2813 24.5389 25.9117 32.2308 36.5745 38.0193 29.7561 28.0836 29.0698 31.3532 32.6826 33.0402 31.8709 29.9212 29.8172 29.7426 27.361 28.4736 31.6606 32.0723
2.8424 2.8411 2.5799 2.5792 2.5785 2.5778 2.5769 2.2652 2.264 2.2626 2.261 1.9728 1.9698 1.591 1.5866 1.2157 1.209 0.8211 0.6014 0.5976 0.4247 0.3426 0.4148 1.6474 1.6712 2.4993 2.5342 3.6129 3.6533 4.6831 4.7125 4.7534 5.6461 6.1915 6.2451 6.3331 7.8597 8.0735 9.0374 10.0865 10.9642 11.6506 12.3831 12.5805 14.0706 15.0673 15.6765 20.805 22.0066 20.7122 23.4316 28.9001 34.379 39.2457 34.0933 31.1861 20.4301 21.6286 26.017 27.8768 28.8554 29.1381 33.2981 29.9842 29.8935 29.9087 29.8323 28.0033 31.3954 31.7044
2.841 2.5797 2.5792 2.5785 2.5778 2.577 2.2649 2.2638 2.2626 2.2612 1.973 1.9703 1.5912 1.5873 1.2164 1.2107 0.8218 0.6016 0.5985 0.425 0.3427 0.415 1.6586 1.6794 2.5098 3.5993 3.6248 3.6576 4.6932 4.7161 5.6463 5.6623 6.2132 6.2479 6.3005 7.8991 8.0221 9.222 10.1941 11.2222 11.8462 12.5829 13.5342 14.4594 15.283 15.8895 17.5335 19.721 20.0716 27.6415 30.3617 38.5797 38.0359 37.4972 29.796 15.7829 19.0396 20.4759 21.63 23.1147 26.1884 26.6685 26.9018 29.8032 29.9407 27.3473 29.7033 30.2967 28.2328 31.4556
2.5796 2.5791 2.5785 2.5779 2.5772 2.2647 2.2637 2.2626 2.2614 1.9731 1.9707 1.5913 1.5879 1.5842 1.212 1.2064 0.8185 0.5991 0.4251 0.4282 1.2848 1.6664 1.6846 2.5165 3.6103 3.6321 3.6592 4.6992 4.7176 5.6592 5.6719 6.2263 6.2504 6.2848 7.9174 7.9937 9.277 10.2057 11.3029 11.5428 11.9426 13.0308 14.0413 15.9567 16.4418 18.2441 20.5535 31.7192 22.3024 29.9606 37.9621 43.8631 41.7889 35.083 30.2501 24.7802 21.5892 20.4344 21.1692 22.1883 22.9655 26.127 26.4518 26.64 29.7454 27.4628 27.6949 30.1351 30.4334 30.6328
