normal_rasters/0772100000296999.ascii
ncols 161 
nrows 154 
xllcorner 158408.477005
yllcorner 383854.386993
cellsize 0.25
nodata_value -9999 
[rows 93 to 123 of 154, columns 0 to 68 of 161]
11.2779 11.2741 11.4278 11.4233 11.2541 11.2501 11.2458 11.1044 11.1003 11.4405 12.0831 12.0817 11.8116 11.9459 11.9592 11.9421 12.6863 12.7194 12.9955 15.5412 15.58 18.0444 18.0399 18.1894 18.1863 17.8849 17.8865 17.8528 17.8578 17.8638 17.7857 17.7963 17.7363 18.4725 18.4835 19.1763 19.8037 19.8108 20.042 19.7656 19.81 19.8764 19.7476 19.7236 19.0227 18.9718 18.8996 18.3805 18.0992 17.9844 17.4225 17.2157 16.5334 16.2371 15.6943 15.0937 14.7496 15.0443 13.5871 13.5303 12.6036 12.0782 10.0907 9.4035 8.8956 8.5568 7.3407 7.3304 9.1926
11.2741 11.428 11.4239 11.2548 11.2511 11.2471 11.1058 11.102 11.6262 12.0859 12.0845 12.0832 12.3393 11.9629 11.9445 12.6898 12.72 13.8398 15.5395 15.5747 18.047 18.0429 18.1936 17.8887 17.8898 17.8912 17.8575 17.862 17.8673 17.7881 17.7973 17.7357 17.7491 18.4822 19.176 19.8048 19.8108 20.0419 19.764 19.8063 19.8726 19.7364 19.7165 18.995 18.9536 18.8976 18.3759 18.1108 18.0342 17.4511 17.2894 16.5304 16.351 15.7441 15.2361 15.2551 14.8402 14.7466 15.2755 13.9982 13.6837 13.2217 11.7766 10.1355 9.5258 8.521 8.2209 7.6435 8.0269
11.4283 11.4244 11.4203 11.252 11.2483 11.1071 11.1035 11.6284 11.442 12.0872 12.086 12.3436 11.9661 11.9466 12.6928 12.7206 13.8397 15.5383 15.5702 18.0494 18.0457 18.1974 17.8929 17.8939 17.8953 17.8616 17.8656 17.8703 17.7903 17.7982 17.7354 17.7469 18.4812 19.1758 19.8056 19.8107 20.0417 19.7626 19.8033 19.7418 19.7287 19.7121 18.9766 18.9426 18.8983 18.8413 18.1177 18.0638 18.0516 17.1617 17.0795 16.3539 16.2671 15.4279 14.4894 14.0181 14.0066 13.9504 14.1221 14.9457 14.8526 12.8608 12.8599 11.9841 11.1347 8.8592 7.66 7.5779 8.039
11.4249 11.4211 11.2528 11.2494 11.1082 11.105 11.6304 11.4439 12.0896 12.3388 12.3474 11.969 12.9168 12.6955 12.721 13.8397 15.5374 15.5665 15.8626 18.203 18.0042 17.8967 17.8976 17.8989 17.8651 17.8687 17.786 17.7921 17.7992 17.7353 17.7453 18.4806 19.1757 19.8062 19.8106 20.0414 20.0109 19.801 19.7347 19.7234 18.9863 18.9641 18.9357 18.9 18.8552 18.3422 18.0821 18.0917 17.1673 17.1096 16.3496 16.2928 14.5211 14.3588 14.1141 14.0307 13.2479 12.3866 10.2882 14.1747 15.5856 14.9045 13.5384 12.8537 11.8783 9.8868 7.3068 7.3046 7.3877
11.4218 11.2536 11.2504 11.1093 11.1062 11.103 11.4457 12.0919 12.3428 12.3509 11.9716 12.708 12.6978 12.7214 13.8397 15.5368 15.5634 15.8572 18.2059 17.8993 17.9 17.9009 17.8654 17.8682 17.8715 17.7884 17.7938 17.7274 17.7352 17.744 18.4801 19.1757 19.8066 19.8104 20.0412 20.0093 19.7991 19.7295 19.7196 18.9745 18.9553 18.9315 18.9021 18.8661 18.8225 18.094 18.1179 17.1679 17.1258 16.3436 14.9866 14.8249 14.2955 14.1017 13.4735 13.2719 12.9059 12.458 11.7467 12.5535 13.3098 15.5332 15.5783 13.5668 12.5804 11.4892 8.3167 6.8381 6.0981
11.2543 11.2513 11.1103 11.1074 11.1045 11.6314 12.094 12.3464 12.354 11.9739 12.7113 12.9438 12.7216 13.8396 15.5363 15.5608 15.8525 18.0111 17.9022 17.9029 17.9038 17.8684 17.871 17.8739 17.7904 17.7953 17.7283 17.7353 17.743 18.641 19.1756 19.4096 19.9643 20.0409 20.008 19.7328 19.7256 19.7169 18.9658 18.9491 18.9288 18.9042 18.8748 18.8397 18.1019 18.1358 17.1664 17.1345 16.7834 14.9197 14.7906 14.2666 14.1218 13.4731 13.3419 13.3172 13.1068 12.8585 12.6769 12.729 13.4306 14.7255 15.4705 15.4238 13.1662 11.5347 10.5619 7.4944 5.9145
11.2521 11.2492 11.1085 11.1058 11.6331 12.096 12.3497 12.3568 11.976 12.7143 12.9456 13.8118 13.8396 13.8696 15.8228 15.8485 18.0136 17.9049 17.9055 17.9064 17.871 17.8734 17.8761 17.7923 17.7967 17.7292 17.7354 17.7423 18.6411 18.6486 19.4094 19.9643 20.0407 20.007 19.729 19.7225 19.7149 18.9592 18.9446 18.9271 18.9063 18.8818 18.853 18.1073 18.1484 18.1176 17.1392 15.7334 14.8743 14.7706 14.2544 13.4781 13.4905 13.3998 13.4755 13.3674 13.0596 13.0384 13.1082 13.2891 14.2674 14.7827 15.1265 15.2152 14.5887 11.8981 10.7596 9.5241 6.0783
11.2502 11.1095 11.1069 11.6348 12.0978 12.3527 12.3594 11.9779 12.7169 12.7352 13.8138 13.8396 13.8674 15.8213 15.8451 18.0158 17.9073 17.9079 17.9087 17.8734 17.8756 17.7903 17.7939 17.7979 17.7299 17.7355 17.7417 18.6413 18.6479 19.4091 19.9644 20.0054 20.0061 19.726 19.7202 19.7134 18.9541 18.9412 18.9261 18.9083 18.8876 18.8636 18.8359 18.1576 17.7739 15.7835 15.7025 14.843 14.7587 14.7752 13.4798 13.5113 13.4452 13.5745 13.5091 13.2416 13.2292 13.0426 13.2643 14.2366 14.334 14.959 14.8199 15.1348 14.8905 14.0 10.6328 9.6074 8.2191
11.1105 11.108 11.6363 12.0995 12.236 12.3617 12.7035 12.7193 12.7364 13.8155 13.8396 13.8654 15.8201 15.5351 17.909 17.9095 17.9101 17.8738 17.8755 17.8775 17.7921 17.7953 17.7261 17.7307 17.7357 17.7412 17.9819 18.6474 19.409 19.9644 20.0047 20.0054 19.7236 19.7183 18.9601 18.9502 18.9388 18.9255 18.9101 18.8924 18.8721 18.8489 18.1645 17.7813 15.7493 15.6798 14.821 14.7515 14.7898 13.4839 13.7897 13.4811 13.6419 13.3643 13.3465 13.3388 13.1304 13.2578 14.2763 14.2304 14.435 14.8923 14.6878 14.3811 13.5807 15.0779 14.2289 9.8918 8.9327
11.109 11.6377 12.2336 12.2386 12.3639 12.7066 12.7215 12.7375 13.8171 13.8396 13.8637 15.8191 15.5335 17.911 17.9115 17.912 17.8758 17.8774 17.8793 17.7937 17.7967 17.7271 17.7313 17.7359 17.7409 17.9812 18.9479 19.4088 19.9644 20.0042 19.7258 19.7217 19.7169 18.956 18.9472 18.9369 18.9252 18.9118 18.8965 18.8791 18.8594 18.1697 16.7737 15.7228 15.6628 15.6392 14.8699 13.9741 13.4889 13.8179 13.7186 13.6906 13.4252 13.414 13.4088 13.1871 13.2671 13.0619 14.2036 14.3217 14.8951 14.4457 14.1446 14.0057 13.9135 14.6007 14.3166 12.8603 9.7774
11.1077 12.2362 12.241 12.3658 12.7095 12.7235 12.7385 13.8186 13.8397 13.8621 15.8183 15.532 15.5547 17.9133 17.9138 17.8776 17.8792 17.8809 17.7951 17.7979 17.7281 17.7319 17.7361 17.7406 17.9806 18.9479 19.6361 19.9643 20.0038 19.7239 19.7201 19.7157 18.9528 18.9447 18.9356 18.9252 18.9133 18.9 18.8849 18.868 16.8069 16.755 16.6933 15.6498 15.6369 14.0523 14.0492 13.494 13.8401 13.7815 13.3407 13.4685 13.4609 13.4571 13.2262 13.2804 13.031 14.1978 14.2698 14.4301 14.4221 14.0777 14.0673 13.9207 13.3002 12.9913 13.0588 12.5053 12.1584
11.892 12.2431 12.3677 12.712 12.7252 12.7394 13.8199 13.8397 13.8607 15.5107 15.5307 15.552 17.9149 17.9154 17.8793 17.8807 17.8824 17.7964 17.799 17.729 17.7325 17.7363 17.7404 17.9801 18.9479 19.6362 19.9643 20.0034 19.7223 19.7188 19.7148 18.9501 18.9428 18.9345 18.9252 18.9147 18.903 18.8898 18.8751 16.7866 16.7401 16.6855 15.6901 15.6355 14.0426 14.0515 13.4989 13.858 13.8103 13.3657 13.5008 13.4953 13.4924 13.2546 12.9468 13.0167 14.1981 14.2453 14.4207 14.4144 14.0487 14.0929 13.5025 13.3914 11.5423 11.0578 11.7216 3.2313 14.2545
12.2451 12.3694 12.7144 12.7269 12.7402 13.8211 13.8397 13.8594 15.5108 15.5296 15.5495 17.9165 17.917 17.8808 17.8822 17.7954 17.7976 17.7268 17.7297 17.733 17.7365 17.7403 17.9797 18.9479 19.6363 20.0021 20.003 19.7209 19.7177 18.9538 18.9479 18.9412 18.9338 18.9254 18.916 18.9056 18.894 18.8811 16.77 16.7282 16.6796 15.6824 14.8906 14.0353 14.0539 13.9919 13.8727 13.8332 13.531 13.5257 13.5216 13.2552 13.2761 12.9584 13.0102 14.2002 14.2332 14.4161 14.4114 14.0365 13.9884 13.4827 13.415 11.1111 10.6695 10.3317 10.031 10.9805 11.0416
12.3709 12.7165 12.7283 12.7409 13.8222 13.8397 13.8582 15.511 15.5286 15.5472 17.9179 17.8811 17.8822 17.8835 17.7966 17.7987 17.7277 17.7305 17.7334 17.7367 17.7402 17.9793 18.9479 19.6363 20.0019 20.0026 19.7198 19.7168 18.9515 18.9461 18.94 18.9332 18.9256 18.9172 18.9079 18.8976 18.8862 16.7563 16.7185 16.675 15.6763 14.883 14.8182 14.0561 14.003 13.8849 13.5982 13.5496 13.5456 13.5424 13.2762 13.293 12.9678 13.0076 14.2028 14.2269 14.4137 14.4101 14.0311 13.9983 13.4763 13.4315 10.8612 10.6671 10.5468 9.4758 9.7845 10.9378 7.1861
12.7185 12.7297 12.7416 13.8232 13.8397 13.8572 15.5111 15.5277 15.5452 17.9192 17.8824 17.8835 17.8847 17.7977 17.7996 17.7286 17.7311 17.7339 17.7369 17.9738 17.9791 18.9479 19.6363 20.0016 19.7213 19.7188 19.716 18.9496 18.9446 18.939 18.9328 18.9259 18.9183 18.9099 18.9007 18.8906 16.7448 16.7106 16.6715 14.9268 14.877 14.8199 14.0583 14.0123 13.8953 13.6139 13.565 13.5617 13.5592 13.2927 12.9504 12.9755 13.007 12.945 13.7348 14.4124 14.4095 14.0286 14.005 13.4753 13.444 10.638 10.6748 9.0905 9.0161 9.4555 8.1748 9.8277 8.7426
12.7309 12.7422 13.8242 13.8397 13.8562 15.5113 15.5269 15.5433 17.9204 17.8837 17.8847 17.8859 17.7988 17.8006 17.7293 17.7317 17.7343 17.7371 17.974 17.9788 18.948 19.6364 20.0014 19.7203 19.718 19.7154 18.948 18.9433 18.9381 18.9325 18.9262 18.9193 18.9118 18.9035 18.8945 16.7352 16.7041 16.6689 14.9167 14.8722 14.8216 14.0603 14.0201 13.6489 13.6269 13.5777 13.5751 13.573 13.306 12.9612 12.982 13.0075 12.9383 13.7315 13.7479 14.4093 14.0276 13.373 13.4764 13.4534 10.6271 10.6771 9.0329 8.9795 7.7847 7.7765 7.9828 8.5263 7.8564
12.7427 13.825 13.8398 13.8553 15.5114 15.5262 15.5416 17.9215 17.8849 17.8858 17.7982 17.7997 17.728 17.7301 17.7323 17.7347 17.7373 17.9742 17.9787 18.948 19.6364 20.0012 19.7195 19.7173 19.7148 18.9466 18.9422 18.9375 18.9322 18.9265 18.9202 18.9134 18.9059 18.8978 16.7272 16.6987 16.6668 14.9084 14.8683 14.8232 14.0621 14.0268 13.6567 13.6377 13.5886 13.5864 13.3094 13.317 12.97 12.9874 13.0085 12.9339 13.7295 13.7424 13.9634 14.0272 13.3708 13.4783 13.3889 10.6182 9.0179 8.9917 8.9527 7.646 7.6251 7.558 8.6903 8.3562 8.8747
13.8258 13.8398 13.8545 15.5116 15.5255 15.5401 15.5555 17.8859 17.8869 17.7992 17.8006 17.7288 17.7307 17.7328 17.7351 17.7375 17.9743 17.9785 18.948 19.6364 20.0011 19.7187 19.7166 18.9491 18.9454 18.9414 18.9369 18.9321 18.9268 18.9211 18.9148 18.9081 18.9007 16.7203 16.6943 16.6652 14.9014 14.8652 14.8247 14.0638 13.7769 13.6635 13.6469 13.6289 13.596 13.3195 13.0557 12.9773 12.9921 12.9065 12.9309 13.7281 13.7387 13.9615 14.0272 13.3697 13.4803 10.6345 10.6107 8.9822 8.9618 8.9326 7.5652 7.5463 8.2501 8.7531 8.5652 6.5533 8.7197
13.8398 13.8537 15.5117 15.5249 15.5387 15.5532 17.8869 17.8878 17.8 17.8014 17.7295 17.7313 17.7333 17.7354 17.7377 17.9745 17.9784 18.9481 19.6364 20.0009 19.7181 19.7161 18.9478 18.9444 18.9406 18.9365 18.932 18.9272 18.9219 18.9162 18.91 16.736 16.7145 16.6905 16.6639 14.8955 14.8627 14.8261 14.0654 13.782 13.6693 13.6547 13.6389 13.6044 13.3281 12.9726 12.9834 12.9961 12.9084 12.929 13.7272 13.736 13.9603 14.0274 13.3692 13.3116 10.6228 10.6042 8.9557 8.9395 8.917 7.5132 7.4978 8.222 8.7917 6.4704 6.2292 8.9167 9.5226
13.853 15.5119 15.5244 15.5375 15.5512 17.8879 17.8887 17.8009 17.8022 17.7302 17.7319 17.7338 17.7357 17.9713 17.9747 18.044 18.0489 19.6364 20.0008 19.7175 19.7157 18.9467 18.9435 18.94 18.9361 18.932 18.9275 18.9226 18.9174 18.9117 16.7294 16.7094 16.6874 16.663 14.8905 14.8606 14.8275 13.8113 13.7863 13.7589 13.6615 13.4588 13.6117 13.0636 12.9791 12.9885 12.9996 12.9101 12.9277 13.7267 13.734 13.9594 14.0277 13.3691 13.3148 10.6136 10.5986 8.9355 8.9223 8.9045 7.4773 7.465 8.2045 6.5901 6.4716 6.3081 9.061 9.8079 9.8613
15.512 15.5239 15.5363 15.5493 17.8887 17.8895 17.8017 17.7293 17.7308 17.7324 17.7342 17.736 17.9716 17.9748 18.0441 18.0487 19.6364 20.0007 19.717 19.7153 18.9458 18.9427 18.9394 18.9358 18.932 18.9278 18.9233 18.9185 18.9133 16.7236 16.7051 16.6847 16.6623 14.8863 14.8589 14.8288 13.8126 13.79 13.7654 13.6674 13.4664 13.6181 13.0695 12.9846 12.993 13.0027 12.9116 12.9269 12.9444 13.7326 13.9588 13.5203 13.3692 13.3173 10.6061 10.5938 8.9197 8.9087 8.8942 7.4512 7.4413 8.1927 6.5572 6.4698 6.3533 7.1394 9.9881 10.0352 13.8684
15.5234 15.5352 15.5475 17.8895 17.8013 17.8024 17.73 17.7314 17.7329 17.7346 17.7363 17.972 17.975 18.0442 18.0485 19.6364 19.6767 19.7165 19.7149 18.9449 18.942 18.9389 18.9356 18.932 18.9281 18.924 18.9195 18.9147 16.7186 16.7014 16.6825 16.6618 14.8826 14.8575 14.8299 13.8137 13.7933 13.7711 13.6725 13.4729 13.071 13.0746 12.9893 12.9968 13.0054 12.9131 12.9265 12.5468 13.7315 13.9583 13.3015 13.3693 13.3193 10.5999 10.5895 8.9069 8.8977 8.8857 7.4314 7.4233 8.1844 6.5347 6.4677 6.3811 8.9078 10.1111 10.778 14.183 14.5006
15.5342 15.5459 17.8903 17.802 17.803 17.7306 17.7319 17.7334 17.735 17.7366 17.9723 17.9752 18.0442 18.0483 19.1806 19.7176 19.7161 18.9467 18.9442 18.9415 18.9385 18.9354 18.9321 18.9284 18.9246 18.9204 18.916 16.7142 16.6981 16.6806 16.6614 14.8795 14.8563 14.8311 13.8148 13.7962 13.7761 13.6771 13.4787 13.0757 12.9876 12.9935 13.0002 12.904 12.9144 12.9262 12.5448 13.7307 13.958 13.3012 13.3696 13.321 10.5946 10.5858 8.8965 8.8886 8.8786 7.416 8.2226 8.1783 6.5186 6.4658 6.3991 6.3168 10.1999 10.9157 14.3684 14.5909 14.9255
15.5445 17.891 17.8027 17.8037 17.7311 17.7324 17.7338 17.7353 17.7369 17.9726 18.0407 18.0443 18.0481 18.9825 19.7171 19.7158 18.9459 18.9435 18.941 18.9382 18.9353 18.9321 18.9287 18.9251 18.9213 18.9172 16.7103 16.6953 16.679 16.6612 14.8768 14.8554 14.8321 13.8157 13.7987 13.7804 13.6812 13.4837 13.0799 12.9918 12.9971 13.0032 12.9064 12.9157 12.9261 12.5432 13.1392 13.9578 13.3009 13.2931 13.3223 10.5901 10.5825 8.8878 8.8809 7.4074 7.4035 8.2103 8.1736 6.5069 6.4641 6.4114 6.3474 10.8921 11.0068 14.4882 14.6515 14.9632 18.3563
17.8917 17.8033 17.7305 17.7317 17.7329 17.7342 17.7356 17.7371 17.9729 18.041 18.0444 18.048 18.9825 19.7168 19.7155 18.9452 18.9429 18.9405 18.9379 18.9352 18.9322 18.929 18.9257 18.9221 18.9183 16.7069 16.6928 16.6776 16.6611 14.8744 14.8546 14.8331 13.8166 13.801 13.7843 13.4952 13.4881 13.1142 12.9954 13.0003 13.0058 12.9084 12.9168 12.9261 12.5419 13.1385 13.14 13.3008 13.2941 13.3235 10.5862 10.5796 8.8804 8.8744 7.3968 7.3934 8.2008 8.1699 6.498 6.4628 6.4201 6.3691 10.9755 11.0704 14.571 14.6954 14.9635 18.3499 18.564
17.8039 17.7311 17.7322 17.7334 17.7346 17.736 17.9709 17.9732 18.0413 18.0445 18.2762 18.9825 19.7164 19.7152 18.9446 18.9424 18.9401 18.9377 18.9351 18.9323 18.9293 18.9262 18.9228 18.9193 16.7039 16.6907 16.6764 14.8894 14.8724 14.8539 14.834 13.8174 13.803 13.7877 13.4985 13.4921 13.1188 12.9987 13.0031 13.0082 12.9103 12.9179 12.9262 12.5409 13.138 13.1392 13.3007 13.2949 13.3244 10.5828 10.577 8.8741 8.8688 7.3879 7.3849 8.1933 8.1669 6.4912 6.4617 6.4265 6.3849 11.0373 11.1167 14.6313 14.729 14.9669 18.3514 18.5065 21.9114
17.7316 17.7327 17.7338 17.735 17.7362 17.9713 17.9735 18.0415 18.0445 18.2762 18.9824 19.7161 18.9459 18.944 18.942 18.9398 18.9375 18.935 18.9324 18.9296 18.9266 18.9235 16.7127 16.7012 16.6888 16.6754 14.8865 14.8705 14.8534 14.8349 13.8181 13.8049 13.7907 13.7755 13.1289 13.1229 13.0016 13.0057 12.9058 12.912 12.9188 12.5329 12.5401 13.1375 13.3053 13.3006 13.2956 13.2937 10.5798 10.5747 8.8686 8.864 7.3804 7.3777 8.1872 8.1644 6.4858 6.4607 6.4312 6.3968 9.7883 11.1516 11.5809 14.8321 14.9713 18.3559 18.4729 18.2446 21.0557
17.7331 17.7342 17.7353 17.7365 17.9717 17.9737 18.0417 18.0446 18.2762 18.9824 19.7159 18.9453 18.9435 18.9416 18.9395 18.9373 18.935 18.9325 18.9299 18.9271 18.9241 16.7096 16.6988 16.6871 16.6745 14.8839 14.869 14.8529 14.8357 13.8187 13.8065 13.7934 13.7794 13.1319 13.1265 13.0042 13.008 12.9078 12.9135 12.9197 12.533 12.5395 13.1371 13.3049 13.3006 13.2962 13.2945 10.5772 10.5726 8.8639 8.8597 9.6834 8.1992 8.1822 8.1623 6.4815 6.4599 6.4348 9.8067 9.8235 11.1788 11.5993 14.8629 14.9761 18.3614 18.0593 18.1887 21.0491 20.5484
17.7346 17.7356 17.7368 17.972 18.0393 18.0419 18.0447 18.2762 18.9824 19.7156 18.9448 18.943 18.9412 18.9392 18.9372 18.9349 18.9326 18.9301 18.9275 18.9247 16.7069 16.6966 16.6856 16.6738 14.8815 14.8676 14.8526 14.8365 13.8194 13.808 13.7959 13.7829 13.1347 13.1297 13.0066 13.0101 12.9096 12.9149 12.9206 12.533 12.5389 13.1368 13.3045 13.3006 13.2967 10.5785 10.5748 10.5707 8.8597 8.856 9.6797 8.1932 8.178 8.1606 6.478 6.4593 6.4377 9.835 9.8508 11.2004 11.6139 14.887 14.9808 18.367 18.0477 18.1506 21.2224 20.5455 20.5225
17.7359 17.737 17.9723 18.0397 18.0421 18.0448 18.2762 18.9824 19.7154 18.9443 18.9426 18.9409 18.939 18.937 18.9349 18.9327 18.9304 18.9279 18.9253 16.7044 16.6947 16.6843 16.6731 14.8795 14.8663 14.8523 14.8372 13.8199 13.8093 13.7981 13.7861 13.1371 13.1325 13.0087 13.012 12.9113 12.9161 12.9214 12.5331 12.5385 13.1366 12.6582 13.2546 13.2972 10.576 10.5727 10.569 8.856 8.8526 9.6765 8.1881 8.1745 8.1591 6.4751 6.4587 6.4399 9.8576 9.8723 11.2179 11.6256 14.9063 14.9852 18.3723 18.0401 18.1237 21.2185 20.5432 20.5251 19.8975
17.9709 17.9726 18.04 18.0423 18.0448 18.2762 18.9823 19.7152 18.9439 18.9423 18.9406 18.9388 18.9369 18.9349 18.9328 18.9306 18.9283 18.9258 16.7022 16.6929 16.6831 16.6726 14.8776 14.8652 14.852 14.8379 13.8205 13.8106 13.8001 13.7889 13.1394 13.1351 13.0106 13.0137 12.9128 12.9172 12.5287 12.5332 12.5382 13.1363 12.6579 13.255 13.2976 10.5738 10.5708 10.5674 8.8527 9.6837 9.6737 8.1837 8.1716 6.4855 6.4727 6.4582 6.4417 9.876 9.8896 11.5776 11.6352 14.9221 14.7791 14.8677 18.0351 18.1043 21.2157 20.5415 20.5268 19.8979 19.8857
