normal_rasters/0772100000296759.ascii
ncols 54 
nrows 48 
xllcorner 158256.373993
yllcorner 383871.816986
cellsize 0.25
nodata_value -9999 
35.4542 35.419 35.3801 30.8507 25.9195 25.8613 25.7974 24.9648 24.9602 25.8708 30.6744 35.7498 35.8488 35.9614 36.0879 36.2282 40.8686 42.0145 44.6289 46.3675 46.3863 46.4077 46.9962 46.6499 46.6431 46.6348 46.4446 46.4395 46.2768 46.2771 46.2772 46.2772 46.2769 46.2765 46.2342 46.0359 46.0298 46.0236 46.0178 46.0126 46.008 46.0041 45.8494 45.8449 45.8413 45.8382 45.8358 45.8337 45.5542 45.551 45.5483 45.4456 45.445 45.4444 
35.483 35.447 35.4068 35.3624 28.7626 25.9014 25.8344 25.7605 24.9479 25.8024 25.8918 30.7011 35.7577 35.8756 36.0102 36.1619 40.8479 40.8996 43.6771 46.353 46.3735 46.3973 46.424 46.7212 46.6495 46.6405 46.6294 46.4407 46.2776 46.278 46.2783 46.2783 46.2781 46.2775 46.047 46.0397 46.0318 46.0242 46.0173 46.0112 46.0061 45.8513 45.8457 45.8413 45.8377 45.8348 45.8325 45.5534 45.5498 45.3563 45.4453 45.4446 45.4441 45.4333 
40.171 35.4788 35.4377 35.3916 35.3403 28.7494 25.8781 25.8 24.9351 24.9276 25.8149 30.5907 30.7384 35.7716 35.9138 36.0771 40.821 40.8776 42.0246 44.6221 46.357 46.3832 46.4136 46.9996 46.6579 46.6483 46.636 46.4427 46.4347 46.2791 46.2796 46.2798 46.2796 46.2789 46.0537 46.0439 46.0337 46.0241 46.0158 46.0088 45.8538 45.8466 45.841 45.8367 45.8334 45.5572 45.5522 45.548 45.3562 45.4448 45.4441 45.4334 45.4325 45.4318 
40.1883 35.5151 35.4731 35.4257 35.3722 33.4193 25.9297 25.8476 25.7559 24.9111 24.9028 25.8339 30.6131 35.6459 35.7945 35.969 36.1699 40.8479 40.9191 43.6798 44.6562 46.3644 46.3989 46.4385 46.9985 46.6394 46.6457 46.6281 46.4361 46.2803 46.2812 46.2817 46.2817 46.2808 46.062 46.0484 46.0347 46.0227 46.0128 46.0051 45.8476 45.8404 45.8351 45.8312 45.5561 45.5502 45.3575 45.3559 45.4442 45.4435 45.4324 45.4314 45.4307 45.4301 
40.2083 40.1788 35.5139 35.4654 35.41 35.3473 28.7624 25.9048 25.8075 24.6821 24.8813 25.73 25.8623 30.6476 35.6471 35.8315 36.0492 40.808 40.8868 40.9783 43.7161 46.3391 46.378 46.4243 47.2246 46.9568 46.6398 46.6399 46.4391 46.2816 46.2831 46.2843 46.2847 46.2836 46.0725 46.0526 46.034 46.0189 46.0077 45.8485 45.8391 45.8325 45.777 45.5542 45.5473 45.3573 45.4444 45.4434 45.4322 45.431 45.4301 45.4294 45.4289 45.4284 
40.2315 40.2009 40.1668 35.5115 35.4547 35.3894 33.4248 28.7429 25.8709 25.7541 24.6311 24.8439 25.7419 26.4646 33.1214 35.6569 35.8903 36.1677 40.8411 40.9449 43.6806 43.7717 46.3481 46.4023 47.2241 47.1411 46.7003 46.6383 46.6273 46.4773 46.2853 46.2879 46.2895 46.2881 46.0856 46.0549 46.0294 46.0113 45.8491 45.8363 45.778 45.7736 45.551 45.5429 45.3568 45.4432 45.432 45.4304 45.4292 45.4284 45.4277 45.4273 45.4269 45.4267 
40.2582 40.2266 40.191 35.5648 35.5072 35.4399 35.3619 28.7838 28.7162 25.8241 24.6763 24.8133 22.5878 25.7639 26.4974 33.1177 35.6817 35.9845 40.7768 40.8934 41.0344 43.7342 45.3829 46.3683 46.446 47.2256 46.9654 46.7047 46.6308 46.4849 46.2874 46.2925 46.2978 46.1761 46.1002 46.0504 46.017 45.8483 45.7812 45.7726 45.5588 45.5454 45.3153 45.3558 45.4413 45.4294 45.4278 45.4268 45.4261 45.4256 45.4253 45.2328 45.2164 45.2153 
40.2891 40.2568 40.2197 40.1778 35.5688 35.5003 35.4194 35.3247 28.7623 28.679 25.7587 24.6109 24.7538 22.5924 25.8022 28.9584 33.1232 35.7332 36.1371 40.8154 40.9794 43.6755 43.8253 46.4028 46.411 47.2268 47.2926 46.8732 46.7069 46.6031 46.3571 46.2964 46.3138 46.2325 46.1049 46.0264 45.7949 45.7724 45.7621 45.5523 45.2917 45.3143 45.3584 45.4277 45.4255 45.4242 45.4234 45.423 45.2337 45.2344 45.2348 45.2177 45.2163 45.215 
40.3247 40.292 40.2539 40.21 40.1601 35.5722 35.4894 35.3904 33.3982 28.7309 25.8579 24.6758 24.5193 18.7261 22.6028 26.3839 28.9666 33.1479 35.8337 40.6988 40.8858 41.1285 43.7624 45.5241 46.4386 47.229 47.3002 47.0857 46.8833 46.6904 46.3558 46.2932 46.317 46.2902 46.0384 45.7803 45.749 45.74 45.4809 45.2928 45.3112 45.3525 45.4211 45.4196 45.2314 45.2339 45.2356 45.2366 45.2372 45.2212 45.2192 45.2174 44.8573 44.5062 
40.3656 40.333 40.2943 40.2489 40.1963 37.7515 35.5744 35.4724 35.3487 28.7982 28.6841 24.7623 24.5898 24.3878 22.4898 22.6233 28.7797 28.9942 33.2124 36.0251 40.7304 41.0221 43.6511 43.9362 46.4544 46.6428 47.2469 47.269 47.0757 46.809 46.5611 46.3041 46.242 45.9999 45.7205 45.6974 45.4492 45.3311 45.2896 45.2719 45.3408 45.2224 45.2301 45.235 45.238 45.2397 45.2406 45.2409 45.2235 45.221 45.2188 44.5191 44.5017 43.8364 
40.4124 40.3807 40.3421 40.2957 40.2408 40.1768 37.7547 35.5741 35.4457 33.4179 28.7627 28.6125 24.6889 24.4611 18.61 22.4779 26.1434 28.741 29.066 33.3623 40.4781 40.812 41.306 43.8184 45.5316 46.5835 47.3643 47.306 47.1553 47.0629 46.6426 46.3348 45.8195 45.5138 45.4749 45.3809 45.3379 45.2679 45.2426 45.2036 45.223 45.2345 45.241 45.2443 45.2458 45.2463 45.2303 45.2265 45.2232 44.9498 44.515 44.4949 43.8238 43.4936 
40.4659 40.436 40.3984 40.3519 40.2955 40.2281 40.1491 37.7568 35.5694 35.4032 33.3482 28.7039 28.4994 24.5718 24.2624 12.9317 22.467 28.372 28.7096 29.2466 33.6967 40.4163 41.0299 41.9395 44.2597 46.4791 47.02 47.5576 47.2424 47.0611 46.6944 46.3539 45.669 45.3549 44.9526 45.0387 45.0351 45.0897 45.187 45.2243 45.2433 45.2517 45.2548 45.2553 45.2546 45.2357 45.2303 45.2332 44.8938 44.5081 44.4851 43.4973 42.7603 42.7569 
41.4988 41.4809 40.4645 40.4193 40.3625 40.2925 40.2083 37.8111 37.7567 35.5565 33.4695 28.8347 28.6031 24.7352 24.3789 13.0981 12.9523 19.3428 28.1345 28.7294 29.7192 37.815 40.3671 41.6281 43.7526 46.0645 47.4765 47.7199 47.4803 47.1497 46.7221 46.2478 45.9216 45.0686 44.4953 44.9232 44.9259 45.1363 45.2281 45.2636 45.2734 45.2737 45.271 45.355 45.2431 45.2424 44.9113 44.8884 44.4969 44.1594 43.3507 42.7604 42.7563 42.753 
41.5418 41.5265 41.5052 40.4997 40.4443 40.3734 40.2851 40.1779 37.8256 37.7517 35.5277 33.2277 28.7655 28.4219 24.5663 18.8397 13.1485 16.4828 16.3075 27.7451 29.0015 30.9865 37.5916 40.4312 43.1198 44.9841 47.6383 47.7683 47.596 47.3761 46.9126 46.159 45.8756 45.357 45.0027 44.9548 45.0619 45.2451 45.322 45.324 45.3109 45.3701 45.3695 45.3729 45.242 44.9061 44.8783 44.1698 43.3585 43.3482 42.7605 42.7555 42.7515 42.5824 
41.5905 41.5792 41.5616 41.5357 41.4999 40.4744 40.384 40.2701 39.1957 37.8418 37.7364 37.5926 29.0159 28.6202 28.074 24.2387 13.4628 13.0945 13.5029 21.2308 27.1965 30.4031 35.3241 38.0846 41.4831 43.4594 46.1588 47.8605 47.7394 47.4332 47.2222 46.4486 45.8909 45.5296 45.4231 45.113 45.2343 45.4324 45.4531 45.4262 45.4042 45.3981 45.378 45.3085 44.8936 44.5563 44.0199 43.3578 43.3447 42.7605 42.7543 42.7495 42.5813 42.5811 
42.5034 41.6396 41.6276 41.6069 41.5749 41.5287 41.4657 40.3932 40.2433 39.2121 37.8583 37.6974 33.3815 28.9703 28.2928 25.1693 14.0472 13.4185 12.7552 14.0734 21.7464 26.9375 33.4868 35.3703 37.5355 41.9796 43.8395 45.9933 47.8972 47.7263 47.221 46.712 46.4753 46.1529 45.8505 45.487 45.3489 45.5319 45.5154 45.4563 45.4154 45.3282 45.2963 44.8989 44.5353 44.0211 43.3565 43.3391 42.7603 42.7524 42.7466 42.5798 42.4287 42.432 
43.7427 42.5504 41.704 41.6917 41.6672 41.6264 41.5648 41.4786 40.3987 39.3073 39.2358 37.8694 37.5996 33.2491 28.7942 25.3614 24.1723 14.3778 12.2995 12.7401 17.8873 21.4833 27.2403 34.535 36.0096 37.7216 43.1445 44.5302 47.0957 47.864 47.3557 46.8561 46.65 46.4817 46.452 46.2489 45.6021 45.4691 45.4722 45.3803 45.3085 44.9495 44.5685 44.0719 44.0236 43.354 43.33 42.7598 42.7494 42.7422 42.5776 42.43 42.4339 42.4369 
43.7779 43.7663 43.7499 41.7914 41.7798 41.7504 41.6962 41.61 41.4874 41.33 39.3848 39.272 37.8515 37.3376 29.836 28.1531 23.8871 17.6331 11.2118 4.6467 8.7126 18.7208 25.1099 29.0086 33.1536 36.2525 38.1655 43.705 44.8999 46.862 47.2301 47.0442 46.6181 46.5632 46.5278 46.4994 46.0954 45.5977 45.4316 45.1372 44.9544 44.607 43.8935 44.0291 43.3488 43.3138 42.7584 42.7443 42.5739 42.6437 42.4319 42.4367 42.4401 42.4425 
43.816 43.8094 43.799 43.7829 41.9146 41.9061 41.8701 41.7935 41.6654 41.4852 39.5899 39.5341 39.3303 37.6981 36.2115 30.2986 24.6431 21.068 17.7197 3.3145 3.0569 11.6622 20.2429 24.8552 30.0376 35.4293 36.9192 39.1588 43.9654 46.0053 46.9118 46.8808 46.7163 46.5453 46.5062 46.5002 46.2391 45.7179 45.5782 44.9689 44.7207 44.0476 43.8026 43.3369 42.7893 42.7551 42.7349 42.6368 42.6376 42.4348 42.4407 42.4447 42.4474 42.449 
43.8562 43.8556 43.8525 43.8456 43.8328 42.8237 42.0972 42.0505 41.9309 41.7259 41.4648 39.9115 39.8831 39.3944 36.6617 34.074 30.5209 23.2296 19.1237 12.0868 3.3909 2.478 15.3522 22.2078 25.6666 31.0971 35.5854 38.055 39.4517 44.4921 46.3395 46.843 46.7696 46.5594 46.6351 46.4714 46.3076 45.7665 45.2566 44.9008 44.612 43.8492 43.3085 42.8059 42.746 42.7161 42.6242 42.6278 42.4394 42.4469 42.4516 42.4543 42.4557 42.8323 
44.2237 44.2302 43.9086 43.9125 43.9143 43.9117 43.8992 42.4059 42.3345 42.114 41.7681 41.468 40.6937 40.9188 38.5828 35.7524 31.6166 28.5049 20.7327 17.7689 10.988 2.6297 5.607 15.4452 23.5263 25.6478 30.514 36.0036 38.9454 40.6556 44.6964 46.3033 46.7097 46.5849 46.4648 46.3394 46.4005 46.2614 45.1131 44.5763 43.8372 43.3496 42.8202 42.7177 42.6737 42.5994 42.6111 42.4473 42.4571 42.4622 42.4645 42.8272 42.8321 42.8361 
44.4432 44.2495 44.2611 44.2751 43.9971 44.018 44.0424 44.0634 42.9367 42.7708 42.2764 41.7578 41.5853 42.3778 40.2511 38.112 33.5262 30.9212 25.3191 21.3416 16.6591 7.5296 2.6985 8.5711 14.2227 23.2733 26.5942 32.8081 36.2528 39.0535 40.9651 45.0274 46.596 46.6392 46.483 46.289 46.3618 46.2288 45.2173 44.4031 43.5782 42.0841 42.7109 42.5749 42.5421 42.4346 42.4624 42.4751 42.8098 42.82 42.8274 42.833 42.8373 42.8407 
44.435 44.4459 44.4834 44.5 44.3245 44.1154 44.1763 44.2653 44.3709 43.985 43.4663 42.6086 41.6376 41.5985 41.2503 40.0125 36.6572 34.5376 26.805 22.1249 21.1277 13.5514 4.8067 4.0684 10.5175 17.2715 26.3621 27.8379 33.522 36.833 39.3839 43.0415 45.3393 46.5739 46.6603 46.4716 46.4718 46.0003 45.4282 44.5869 44.0716 42.8804 42.2497 42.2715 42.4568 42.6488 42.7935 42.811 42.8219 42.8297 43.0075 43.0181 43.0265 43.0333 
44.4249 44.4343 44.447 44.4862 44.5077 44.5398 44.5888 44.4033 44.6064 44.7705 44.4311 43.1366 42.3266 42.0143 41.4392 40.7878 38.095 36.4103 31.8987 24.7232 21.3513 18.5615 12.1239 3.1401 4.1084 14.3677 19.1952 24.4196 30.6027 34.6168 37.4692 41.1183 44.1836 46.3387 46.676 46.6218 46.2391 45.8401 45.3086 44.7838 44.5727 43.8084 42.48 42.6358 42.7986 42.8028 42.9548 42.9747 42.993 43.0079 43.0196 43.0287 43.0359 43.0415 
44.4131 44.4203 44.4303 44.4442 44.4844 44.5106 44.5528 44.6229 44.6832 44.7874 44.4859 43.79 42.8395 41.4375 41.8407 43.0796 40.3649 37.5937 34.2144 30.575 26.3546 20.1483 17.7133 9.867 2.4419 5.8193 14.5125 22.1572 27.2431 32.5017 35.2206 37.6648 42.1777 45.1985 46.9368 46.852 46.6599 46.1811 45.4682 45.1975 44.7445 43.7225 43.1281 43.0077 43.0013 42.9473 42.9567 42.9852 43.007 43.0221 43.0327 43.0403 43.0461 43.0505 
44.4 44.4046 44.4111 44.4202 44.4332 44.471 44.4959 44.5362 44.5935 44.6356 44.591 44.2041 43.2304 42.059 42.4553 42.4129 41.3668 39.3996 35.4872 33.6995 29.6678 24.3754 18.3833 17.6098 8.2683 3.3186 8.1769 18.8683 26.0062 29.3383 33.5059 35.3494 37.2771 44.0848 47.1483 47.5867 47.246 46.5903 46.1408 45.6072 45.3022 44.7396 43.9635 43.7507 43.0848 42.8343 43.127 43.2868 43.3766 43.4334 43.4725 43.501 43.5226 43.5397 
44.3863 44.3881 44.3908 44.3949 44.4009 44.4097 44.4385 44.452 44.4721 44.4861 44.4879 44.4387 43.7865 42.679 42.6058 41.6801 41.6479 40.7923 37.1626 34.4244 32.0692 28.7931 20.1556 16.9768 14.7656 7.5507 4.7646 9.4444 22.4784 27.1912 29.6742 34.7811 36.7597 39.8616 44.9721 48.0074 47.6435 47.0781 46.6597 46.2207 46.0304 45.2322 44.6724 44.044 43.4444 42.9821 43.1881 43.3245 43.4032 43.4532 43.4878 43.5131 43.5325 43.5478 
44.3727 44.3717 44.3709 44.3704 44.3709 44.3734 44.3795 44.4 44.4219 44.4624 44.4492 44.4368 44.4505 43.576 42.8186 42.5367 41.6433 40.7062 38.7645 35.8248 33.567 30.284 27.2048 19.9765 16.1773 10.9888 6.1183 8.0644 11.8428 23.7706 28.7524 31.4189 36.4131 38.244 39.7364 45.4848 47.8459 47.6096 47.13 46.7697 46.1901 45.4476 44.8077 44.6577 43.9609 43.6474 43.6176 43.4149 43.455 43.4868 43.5114 43.5307 43.5461 43.5587 
44.3598 44.3562 44.3521 44.295 44.2994 44.3087 44.33 44.3712 44.3768 44.4309 44.3918 44.3615 44.4499 44.3377 44.0557 44.5742 43.8766 42.8376 40.8838 39.1178 35.19 31.6373 28.5675 26.6001 20.0743 13.4984 8.57 5.5836 8.9537 16.9617 26.0754 29.702 32.3131 37.363 40.1237 41.5476 46.0381 47.6175 47.4295 46.7641 46.302 45.9048 45.4004 45.2426 44.3346 43.9301 43.8289 43.808 43.6346 43.6436 43.6553 43.667 43.5456 43.5541 
44.2868 44.286 44.2852 44.2843 44.2838 44.2845 44.2894 44.3038 44.2855 44.3062 44.3561 44.3535 44.4075 44.6657 44.694 44.8295 44.6472 44.4788 41.9959 39.8154 36.8674 34.1959 31.1896 28.2965 26.1874 17.1624 13.9845 6.4348 8.2862 12.4094 22.222 25.8232 32.4346 34.4484 38.1877 41.7773 42.9828 46.6298 47.3176 46.7502 46.5087 46.2006 45.749 45.3911 45.34 44.3773 43.9527 43.9065 43.8906 43.8901 43.6965 43.6988 43.7029 43.7078 
44.2823 44.2803 44.2775 44.2736 44.2675 44.2569 44.234 44.1727 44.0909 44.2002 44.2894 44.3198 44.3938 44.6719 44.7494 44.7721 44.7419 44.6771 44.098 40.6823 39.2273 36.5956 33.9476 31.5778 27.986 25.14 13.5007 11.9569 7.9327 10.5462 14.1591 24.18 28.5208 32.7584 35.8396 40.8079 42.117 44.3931 45.9066 46.6158 46.4512 46.3096 46.0088 45.7157 45.39 44.8508 44.73 44.302 43.9459 43.934 43.9306 43.7289 43.7274 43.7279 
44.2784 44.2753 44.271 44.2649 44.2555 44.2399 44.2127 44.1705 44.1576 44.1823 44.2322 44.2759 44.3761 44.6095 44.7511 44.7396 44.7042 44.6777 44.6748 43.6913 39.4062 38.1785 35.9781 33.9428 29.4839 26.0458 21.1277 14.6787 10.1738 9.0089 10.957 14.796 27.4893 29.8216 33.4634 37.4047 40.5535 43.3743 45.1603 46.2743 46.0638 46.3293 46.0615 45.9783 45.7124 45.3895 44.8194 44.7454 44.3338 44.3069 43.9599 43.956 43.9552 43.7468 
44.2752 44.2714 44.2664 44.2595 44.2496 44.2354 44.2161 44.1963 44.1892 44.1997 44.2271 44.2566 44.4002 44.5674 44.7368 44.7264 44.6863 44.6839 44.4575 43.6542 40.5098 38.9088 37.6291 35.838 34.3348 28.1469 25.7069 16.0232 10.7432 9.1313 11.717 12.5647 18.1156 28.6356 31.7434 34.4944 37.3201 40.407 43.2277 46.1195 46.1194 45.9789 46.0787 46.0162 45.9704 45.6272 44.8725 44.8073 44.7588 44.3548 44.3348 43.9767 43.973 43.9715 
44.2728 44.2689 44.2638 44.2572 44.2485 44.2376 44.2254 44.2151 44.2118 44.2185 44.2341 44.2524 44.3983 44.5658 44.7293 44.6865 44.686 44.6862 43.7249 43.7027 39.8624 40.2719 39.3512 38.236 35.998 32.5456 27.8452 22.545 15.481 8.8061 7.3661 14.4986 17.3776 19.0452 30.3062 33.1191 35.9862 37.4564 40.1739 44.5564 46.0423 45.888 45.9407 46.0348 45.997 45.9691 45.625 44.8481 44.8034 44.7695 44.3693 44.3538 44.3436 43.9851 
44.2714 44.2676 44.2628 44.257 44.2501 44.2423 44.2347 44.2291 44.2279 44.2324 44.2419 44.2536 44.4005 44.5597 44.6862 44.6861 44.6861 44.6865 43.8059 43.4766 41.57 43.1337 41.5896 39.2152 37.1237 35.2666 31.0707 26.5884 20.4862 9.0426 3.2086 11.1494 15.9581 18.6905 24.2568 30.6564 35.5599 36.6027 37.2661 40.0928 44.6617 45.8307 45.8879 46.0433 46.0128 45.9883 45.9698 45.1955 44.835 44.8029 44.7781 44.7595 44.3676 44.3589 
44.2707 44.2672 44.263 44.2582 44.2529 44.2474 44.2426 44.2395 44.2392 44.2425 44.2795 44.3557 44.4041 44.6057 44.6992 44.6931 44.6929 44.5147 43.6237 42.1972 41.5974 42.1093 41.7046 41.7738 39.7985 37.1274 33.8828 29.3037 24.5185 17.4557 8.0013 7.5804 13.5323 18.7612 20.1975 23.8823 31.393 36.2427 36.7723 39.5989 41.5258 45.798 45.8506 45.885 46.0219 46.0009 45.9841 45.9711 45.1785 44.8279 44.8039 44.7849 44.7704 44.3778 
44.2705 44.2674 44.2639 44.2601 44.2561 44.2523 44.2491 44.2473 44.2767 44.3349 44.3699 44.4154 44.468 44.63 44.695 44.695 44.6948 44.5466 44.0459 42.1384 41.9648 41.9255 41.7993 41.4608 42.308 39.3197 36.748 31.7345 28.2656 22.3122 12.5913 8.9081 10.5016 13.7124 19.6245 20.2708 27.2753 36.1057 36.5073 36.8041 39.7015 41.5687 45.826 45.8589 45.8817 46.0092 45.9942 45.982 45.2026 45.1682 44.8239 44.8054 44.7905 44.7788 
44.2708 44.2682 44.2653 44.2622 44.2592 44.2565 44.2544 44.2917 44.3542 44.3838 44.4237 44.4728 44.527 44.6466 44.6964 44.6966 44.6309 44.3994 43.6761 43.6316 41.8119 41.7752 41.8987 41.5387 41.09 40.6636 38.3957 33.2624 31.0661 28.3402 13.7304 12.6327 10.2978 13.2993 19.3894 19.8276 23.0543 32.2392 36.3672 36.6144 39.4655 41.2702 43.0827 45.8401 45.8624 45.8786 46.0014 45.9903 45.9811 45.1889 45.1619 44.8219 44.8072 44.7952 
44.2714 44.2692 44.2668 44.2644 44.2621 44.2978 44.3564 44.3699 44.3946 44.4279 44.4702 44.5198 44.5937 44.6646 44.6974 44.6742 44.6742 44.5532 44.2282 43.8542 43.4546 41.926 41.3696 41.3338 40.7617 40.339 38.4171 36.0314 32.3422 28.8828 28.1717 14.8098 12.8135 10.7808 16.6124 19.5878 19.83 26.9576 32.4748 36.4965 36.6588 39.5625 41.3412 45.8269 45.8477 45.8638 46.0065 45.9964 45.9879 45.9807 45.1796 45.1581 44.8208 44.8089 
44.2722 44.2703 44.2684 44.3044 44.3604 44.3705 44.3851 44.402 44.4292 44.4639 44.5058 44.5529 44.6175 44.6747 44.6773 44.692 44.6887 44.6065 44.3869 44.0405 43.6509 41.3126 41.2956 41.0055 40.652 39.7671 37.8973 36.8279 36.156 31.4415 28.415 20.611 14.7863 11.7884 15.2642 16.8995 19.6408 22.7972 32.2591 32.5952 36.5637 39.431 41.1646 42.9303 45.8367 45.8521 45.8641 46.001 45.9931 45.9864 45.9807 45.1733 45.1557 44.8205 
44.273 44.3099 44.3122 44.3718 44.3809 44.3933 44.4066 44.4287 44.4566 44.4906 44.5301 44.5727 44.6291 44.6783 44.6798 44.6793 44.6858 44.6187 44.4336 44.1398 43.4475 42.9823 41.0108 40.9354 39.7027 39.4952 37.6205 37.0564 36.6024 34.6008 28.482 28.217 20.2248 17.0002 13.6899 16.6607 17.0161 19.6396 26.8441 32.4091 36.4987 39.3386 41.0328 41.2312 42.9658 45.8429 45.8546 45.864 45.9972 45.9909 45.9854 45.1856 45.169 45.1544 
44.3159 44.3744 44.3803 44.3884 44.399 44.4129 44.4274 44.4498 44.477 44.509 44.5446 44.582 44.6319 44.6409 44.6136 44.6136 44.6193 44.5545 44.3993 43.9453 43.5296 42.8153 40.9583 40.899 39.5259 39.3543 37.468 37.1266 36.8205 36.6084 31.4822 28.276 20.6545 17.5524 17.0488 14.0303 16.8102 19.536 22.683 32.2744 32.4969 36.5438 39.4236 41.1175 42.8524 45.8357 45.8468 45.856 46.0003 45.9945 45.9893 45.9849 45.1798 45.1659 
44.3813 44.3867 44.3938 44.403 44.4146 44.4292 44.444 44.4658 44.4913 44.5204 44.5519 44.6032 44.577 44.5191 44.499 44.5286 44.5205 44.4568 44.1756 43.8937 43.5546 42.9067 42.519 39.5064 39.4102 39.274 37.3744 37.1473 36.9324 36.7631 34.7813 31.3522 24.1163 20.3681 17.4441 13.8762 16.6645 16.8836 19.5348 25.0254 32.3769 32.5482 38.1587 41.0298 41.174 42.8902 45.8406 45.8494 45.8568 45.9973 45.9925 45.9882 45.9845 45.1756 
44.3916 44.3979 44.4058 44.4156 44.4277 44.4424 44.4567 44.4772 44.5007 44.5266 44.554 44.5354 44.4423 44.3867 44.4202 44.4335 44.415 44.2126 44.0488 43.8185 43.3155 42.9598 42.6311 39.4159 39.3327 37.4545 37.3119 37.1504 36.9932 36.8596 36.7586 34.7523 31.2787 20.5773 17.7266 17.383 14.0705 16.7548 16.917 19.5241 29.251 32.4428 32.5777 39.4247 41.0957 42.8108 42.9155 45.844 45.8511 45.8572 45.9951 45.9911 45.9875 45.1837 
44.4009 44.4077 44.4161 44.4262 44.4383 44.4494 44.4661 44.4851 44.5063 44.5291 44.5528 44.5251 44.4069 44.3198 44.3393 44.3405 44.3156 44.0694 43.9282 43.5525 43.2757 42.9856 42.7109 41.3288 39.2789 37.3762 37.2675 37.147 37.0278 36.9214 36.8349 34.842 31.3679 31.2348 20.3762 17.6053 23.1428 15.5513 16.8054 16.9289 25.0136 32.3599 32.4855 38.1646 41.0336 41.1424 42.8461 45.8395 45.8464 45.8523 45.9972 45.9934 45.99 45.987 
44.4092 44.4163 44.4248 44.4349 44.4468 44.4573 44.4728 44.4902 44.5091 44.5292 44.4925 44.5132 44.3701 44.2534 44.2624 44.2553 44.026 43.9431 43.8216 43.4573 43.2311 42.9938 42.7651 42.5603 39.2404 37.32 37.2345 37.1412 37.048 36.9621 36.8888 36.8301 34.8134 31.3083 23.812 17.7698 17.5258 23.1675 16.7178 16.8326 16.9291 29.2336 32.4109 32.5131 38.214 41.0857 42.7881 42.8714 45.8424 45.8481 45.8531 45.9954 45.9921 45.9892 
44.4164 44.4236 44.4322 44.4421 44.4535 44.4631 44.4775 44.4932 44.51 44.5275 44.4835 44.3184 44.1792 44.1907 44.1921 43.959 43.9112 43.835 43.5381 43.3738 43.1873 42.9917 42.8007 42.6256 39.212 37.2779 37.209 37.1347 37.0599 36.9896 36.9274 36.8753 36.8337 31.3623 31.2684 20.3511 17.6637 23.2498 23.1859 16.7548 16.8459 25.0027 29.2994 32.4463 35.3816 41.0395 41.1244 42.8196 42.8897 45.8445 45.8493 45.8536 45.9939 45.9911 
44.4226 44.4299 44.4382 44.4478 44.4586 44.4673 44.4804 44.4946 44.5095 44.4589 44.4739 44.2891 44.128 44.1333 43.8874 43.8602 43.8129 43.5566 43.441 43.302 43.1466 42.9838 42.8233 42.6735 39.1905 37.2455 37.1888 37.1282 37.067 37.0086 36.9555 36.9095 36.8713 34.8434 31.3153 26.3879 20.2479 21.8759 23.2506 20.0796 16.777 16.8507 29.2223 32.3909 32.4709 38.2088 41.0815 42.7757 42.8432 45.8415 45.8461 45.8502 45.9955 45.9928 