normal_rasters/0772100000297414.ascii
ncols 117 
nrows 105 
xllcorner 159425.432983
yllcorner 383935.950012
cellsize 0.25
nodata_value -9999 
[rows 62 to 92 of 105, columns 0 to 70 of 117]
8.1888 8.1863 8.1866 8.192 8.2078 8.2445 8.3256 8.5055 8.6942 9.0322 10.7133 6.7951 0.4017 0.4216 0.415 0.4336 0.6182 0.7503 0.8557 1.0134 1.1546 1.2282 1.3394 1.3985 1.4663 1.5119 1.4374 1.4535 1.5328 1.5801 1.564 1.5464 1.5424 1.5452 1.5701 1.4222 1.3244 1.2948 1.1899 1.1541 1.0872 1.06 1.1636 1.1958 1.1671 1.1855 1.1448 1.0653 1.0878 1.097 1.0996 1.0754 1.0386 1.0014 1.045 0.9636 1.0101 1.0439 0.9957 1.0109 1.0095 0.9869 0.9819 0.9709 0.9692 0.9422 0.8768 0.8868 0.7961 0.7154 0.6356
8.1481 8.1298 8.1102 8.09 8.0714 8.0591 8.0651 8.1198 8.3028 8.6641 8.0706 9.4036 0.4437 0.3385 0.4831 0.5133 0.6431 0.7311 0.7492 0.918 1.1009 1.1805 1.3231 1.5547 1.5456 1.5444 1.5325 1.5447 1.5681 1.5667 1.5513 1.5106 1.5383 1.5322 1.4953 1.3524 1.236 1.0326 1.1045 1.1106 1.0522 1.0754 1.1032 1.1291 1.1456 1.1082 1.0785 1.0961 1.0585 1.0199 1.0094 0.9877 0.9554 0.9785 0.9474 0.9474 0.9465 0.9502 0.9138 0.948 0.9771 0.9126 0.879 0.9375 0.8813 0.8302 0.7952 0.7464 0.5404 0.5222 0.5396
7.9999 7.9487 7.8841 7.8002 7.6871 7.5272 7.286 6.8853 6.1087 4.1489 2.7457 0.656 0.6475 0.5879 0.6198 0.6313 0.6019 0.6488 0.7388 0.8296 1.0123 1.0709 1.1521 1.3105 1.4701 1.4836 1.5023 1.497 1.4009 1.488 1.4726 1.3429 1.3418 1.3514 1.3181 1.0992 0.9415 1.0118 1.0082 1.0161 1.044 1.0563 1.0769 1.0652 1.0356 1.0917 0.969 1.0082 0.9503 0.9452 0.9426 0.9199 0.9058 0.9388 0.9241 0.9153 0.9359 0.9179 0.8783 0.834 0.7351 0.8184 0.7397 0.7006 0.6979 0.6333 0.5426 0.4794 0.4268 0.482 0.4956
0.6139 0.6151 0.6167 0.6189 0.6221 0.6271 0.6353 0.65 0.7095 0.7509 0.8088 0.7649 0.7149 0.6928 0.649 0.6258 0.5855 0.5931 0.6286 0.9531 0.972 0.9979 1.0563 1.0934 1.2342 1.2106 1.2969 1.3028 1.2011 1.2165 1.3468 1.253 1.2211 1.1254 0.9586 0.9102 0.9036 0.9292 0.9412 0.9541 0.9805 1.0146 1.0172 1.0012 0.9899 1.0037 0.9955 0.9362 0.945 0.8788 0.8761 0.8485 0.8418 0.8449 0.8565 0.841 0.7986 0.8435 0.8253 0.5912 0.5194 0.5822 0.6422 0.5172 0.3913 0.4045 0.4087 0.3967 0.3909 0.4637 0.504
0.7107 0.712 0.7138 0.7163 0.7198 0.725 0.7331 0.8534 0.8517 0.8509 0.8397 0.8481 0.7715 0.6969 0.6512 0.6145 0.6108 0.5792 0.619 0.7104 0.9654 0.9692 0.9793 1.0369 1.0676 1.0686 1.0317 1.0745 1.0844 1.0221 0.9495 1.1152 1.1183 0.8833 0.8032 0.8452 0.8604 0.9088 0.8885 0.872 0.9033 0.9455 0.9436 0.9512 0.9182 0.9007 0.8911 0.868 0.8774 0.8434 0.8259 0.834 0.8142 0.7619 0.7643 0.7358 0.6866 0.602 0.4425 0.402 0.4088 0.2515 0.2325 0.3556 0.2633 0.3195 0.2959 0.3236 0.3911 0.4471 0.5099
0.7162 0.8602 0.8603 0.8605 0.861 0.8619 0.8637 0.8676 0.9116 0.9226 0.9508 0.9577 0.7866 0.6876 0.676 0.5979 0.5676 0.4927 0.6307 0.9232 0.9099 0.9063 0.8993 0.8354 0.8609 0.8852 0.8736 0.9193 0.8877 0.8416 0.758 0.7442 0.7995 0.7875 0.7836 0.7943 0.8055 0.8296 0.8332 0.8431 0.8464 0.9012 0.8557 0.8497 0.8595 0.8436 0.8155 0.7907 0.7669 0.8064 0.7611 0.7302 0.65 0.7016 0.6095 0.5875 0.4921 0.3065 0.292 0.2267 0.238 0.1269 0.0962 0.1794 0.2341 0.2849 0.2872 0.3167 0.4586 0.5182 0.5376
0.8625 0.8629 0.8637 0.8647 0.8664 0.8691 0.9143 0.9183 0.9266 0.9625 0.9627 0.9447 0.8555 0.7275 0.6704 0.6082 0.5838 0.729 0.8435 0.974 0.8927 0.8702 0.8282 0.771 0.7576 0.7578 0.7725 0.7584 0.7563 0.7576 0.7047 0.6473 0.6707 0.7069 0.7268 0.7603 0.7477 0.743 0.7848 0.8422 0.8408 0.7989 0.8139 0.8365 0.8113 0.7743 0.7345 0.7339 0.7129 0.7253 0.6148 0.5524 0.5787 0.4549 0.4188 0.3842 0.2371 0.2403 0.1977 0.1775 0.1731 0.1242 0.1518 0.2076 0.2813 0.3032 0.3787 0.4412 0.4841 0.5671 0.7003
1.151 1.1915 1.2585 1.255 1.25 1.0008 1.0022 1.022 1.019 1.0177 1.0176 0.971 0.9308 0.7608 0.7116 0.6918 0.8371 1.1238 1.0505 0.9882 0.8933 0.8048 0.7829 0.7572 0.7426 0.7517 0.6266 0.7041 0.7469 0.6791 0.6462 0.6472 0.652 0.681 0.6773 0.6872 0.7245 0.7174 0.7398 0.7181 0.7607 0.7472 0.7498 0.7499 0.7528 0.7419 0.6018 0.6469 0.6345 0.5517 0.4916 0.5214 0.3744 0.3926 0.3041 0.2389 0.2118 0.1412 0.1569 0.1774 0.1873 0.1907 0.1807 0.2721 0.4065 0.4873 0.5584 0.5642 0.6435 0.8002 0.7774
1.3075 1.3098 1.3127 1.3327 1.3338 1.3343 1.3335 1.3287 1.3132 1.411 1.1516 1.0865 0.9618 0.8265 0.8685 0.954 1.0738 1.0843 1.1031 1.0038 0.8956 0.807 0.7238 0.6861 0.6525 0.6816 0.648 0.6295 0.6548 0.6487 0.6463 0.6463 0.6047 0.6173 0.6211 0.6336 0.6303 0.6599 0.6922 0.6559 0.6774 0.7025 0.6962 0.6895 0.6211 0.4884 0.443 0.3953 0.3418 0.4237 0.4534 0.2903 0.2969 0.3178 0.1987 0.1954 0.2148 0.1373 0.0967 0.2055 0.2576 0.2514 0.3681 0.4401 0.4934 0.5695 0.6446 0.8058 0.9462 0.8887 0.9882
1.5513 1.5541 1.5577 1.5626 1.5693 1.5788 1.5924 1.6117 1.6348 1.6263 1.4733 1.2594 1.1522 1.0189 1.1046 1.0734 1.2747 1.118 1.0322 0.9959 0.9091 0.7519 0.7095 0.6761 0.6468 0.6332 0.626 0.6268 0.6277 0.6324 0.6339 0.6123 0.5389 0.5501 0.5568 0.5862 0.5991 0.6164 0.6365 0.6484 0.6242 0.6399 0.5972 0.6099 0.3783 0.2897 0.2846 0.2432 0.2879 0.311 0.2967 0.2858 0.2487 0.2036 0.2075 0.1828 0.2188 0.3054 0.2949 0.2903 0.3315 0.3872 0.4081 0.5327 0.7497 0.8195 0.8209 0.9627 1.0667 1.2042 1.2118
1.9125 2.1009 2.1021 2.1035 1.859 1.8656 1.8758 1.8936 1.9315 2.0071 2.2558 2.0774 1.7265 1.5244 1.4424 1.3994 1.3206 1.2007 1.1218 0.9686 0.8711 0.8081 0.7166 0.6442 0.5765 0.6244 0.6258 0.589 0.5982 0.6118 0.5575 0.5382 0.5351 0.4844 0.4679 0.5067 0.5446 0.544 0.5061 0.4649 0.445 0.4471 0.2875 0.2335 0.1783 0.2122 0.2075 0.2269 0.2776 0.2941 0.3224 0.2922 0.2394 0.2781 0.3114 0.3377 0.3718 0.3983 0.442 0.4243 0.4604 0.5527 0.6076 0.7845 0.8262 0.9073 1.0372 1.1173 1.2765 1.3521 1.529
2.291 2.2921 2.2935 2.2953 2.2977 2.1394 2.1532 2.3073 2.3143 2.3273 2.3437 2.0905 1.9388 1.8022 1.5828 1.4251 1.3565 1.183 1.1028 0.9941 0.8573 0.8027 0.7229 0.6186 0.5535 0.5884 0.5439 0.557 0.5334 0.5156 0.5128 0.5058 0.4369 0.4159 0.4032 0.3575 0.34 0.4266 0.3673 0.3275 0.4078 0.4121 0.3416 0.2616 0.2356 0.299 0.2575 0.2469 0.3278 0.3356 0.3358 0.3422 0.3283 0.3328 0.34 0.4609 0.4397 0.4622 0.5443 0.5926 0.6444 0.7193 0.8029 0.9508 1.0774 1.1182 1.2015 1.4284 1.5002 1.6249 1.7097
2.2636 2.2648 2.2664 2.2686 2.2716 2.2759 2.3042 2.3114 2.3235 2.3396 2.3528 2.272 1.9871 1.839 1.7889 1.4384 1.2534 1.1495 1.0519 0.9402 0.8764 0.8109 0.6373 0.584 0.5502 0.5282 0.5281 0.4804 0.4686 0.4165 0.4398 0.4168 0.3466 0.3105 0.2106 0.2181 0.1968 0.2371 0.2881 0.331 0.3989 0.4111 0.4012 0.4397 0.4386 0.3342 0.3591 0.3368 0.3705 0.433 0.4319 0.4292 0.4565 0.4621 0.5174 0.537 0.6215 0.7676 0.7223 0.6989 0.7748 0.9318 1.0783 1.1639 1.2759 1.3898 1.5465 1.6131 1.9036 1.8677 1.9783
2.2592 2.2596 2.26 2.2605 2.2611 2.262 2.2632 2.2653 2.2705 2.241 2.3315 2.3229 2.0267 1.8319 1.6518 1.4202 1.2533 1.098 1.006 0.935 0.8519 0.7391 0.6472 0.5374 0.4745 0.4873 0.4546 0.4065 0.3986 0.3842 0.3708 0.3625 0.294 0.1733 0.0875 0.1098 0.2424 0.2838 0.3339 0.4071 0.4013 0.4983 0.4242 0.5357 0.4852 0.4673 0.4319 0.4987 0.4431 0.5061 0.5401 0.5502 0.5991 0.6314 0.7195 0.7992 0.8836 0.9292 0.9346 1.0191 0.9862 1.1429 1.2768 1.3815 1.6067 1.7003 1.8418 1.8694 2.1287 2.0021 2.0328
2.1337 2.1338 2.1339 2.134 2.1342 2.1344 2.1346 2.1346 2.1339 2.1281 2.1013 2.0011 1.8693 1.6973 1.4442 1.352 1.169 1.0745 1.0839 0.91 0.7987 0.6946 0.5541 0.3985 0.3985 0.4004 0.3632 0.3862 0.3141 0.2795 0.278 0.2739 0.1824 0.1255 0.0793 0.2011 0.2857 0.3169 0.3349 0.2738 0.3438 0.3995 0.3797 0.4219 0.5037 0.711 0.6031 0.5853 0.6572 0.6617 0.6325 0.6631 0.7891 0.8534 0.9436 0.9899 1.0415 1.032 1.1672 1.1083 1.2958 1.4825 1.4397 1.7293 1.9072 1.8647 1.8366 1.9215 2.001 2.0102 2.1008
2.1287 2.1278 2.1265 2.1246 2.122 2.1179 2.1113 2.0999 2.0791 1.9173 1.926 1.8852 1.6953 1.5973 1.384 1.2651 1.1958 1.123 1.0207 0.8801 0.824 0.723 0.5793 0.3245 0.1845 0.1649 0.2002 0.1857 0.1558 0.1056 0.1236 0.228 0.2588 0.2906 0.2016 0.1107 0.2515 0.318 0.4181 0.3774 0.4253 0.4926 0.5366 0.5329 0.511 0.5861 0.6643 0.6745 0.8421 0.7812 0.8924 0.9677 0.9088 1.1355 1.2384 1.1826 1.1726 1.4736 1.3528 1.3127 1.6571 1.6196 1.587 1.8247 1.9649 1.9388 1.8731 1.93 1.9385 1.9946 2.0993
2.124 2.1221 2.1195 2.116 1.989 1.9853 1.8638 1.8647 1.8644 1.8581 1.8297 1.7818 1.6334 1.4268 1.3456 1.2955 1.2004 1.1308 1.0078 0.9092 0.843 0.7447 0.6348 0.4206 0.1786 0.1034 0.1034 0.0799 0.0979 0.1593 0.2181 0.3829 0.3926 0.3496 0.3593 0.4797 0.557 0.5063 0.5802 0.6637 0.6601 0.6067 0.7126 0.768 0.8205 0.6874 0.6855 0.6695 0.9905 1.0622 1.13 1.1151 1.3601 1.3942 1.4046 1.7188 1.6169 1.5579 1.5608 1.7931 1.7053 1.676 1.7258 1.8509 1.9227 1.9274 1.9183 1.9423 1.9165 1.9246 2.0975
1.8625 1.8623 1.8621 1.8616 1.8609 1.8596 1.8574 1.7748 1.7722 1.7335 1.7307 1.7077 1.5629 1.3956 1.3425 1.3503 1.2363 1.1617 1.1603 1.0005 0.9765 0.8744 0.7506 0.5366 0.4813 0.2939 0.1114 0.0821 0.0943 0.218 0.3616 0.4833 0.3935 0.4345 0.5367 0.5479 0.6075 0.676 0.739 0.8252 0.8607 0.8314 0.8501 0.8576 0.8947 0.8695 0.794 0.8759 1.0354 1.3355 1.4009 1.3804 1.5144 1.6931 1.7977 1.9219 1.7955 1.6398 1.6438 1.7518 1.6937 1.6715 1.7309 1.8276 1.9105 1.914 1.9107 1.9785 1.9838 1.9131 2.0959
1.8592 1.8584 1.8019 1.8006 1.7987 1.7957 1.7679 1.7638 2.3645 1.7188 1.7152 1.7229 1.6936 1.8744 1.6453 1.427 1.3634 1.3111 1.3217 1.1844 1.0082 0.9411 0.8417 0.6758 0.562 0.4721 0.3523 0.208 0.239 0.366 0.3924 0.4359 0.489 0.4828 0.5378 0.6402 0.6635 0.7495 0.7498 0.9129 0.9645 1.0827 1.0533 1.0015 1.1042 1.0511 1.1441 1.2036 1.1065 1.583 1.9083 1.8205 1.6734 1.793 1.8274 1.8621 1.8027 1.6973 1.6161 1.6821 1.6837 1.7357 1.7271 1.8543 1.8858 1.9075 1.9068 1.9789 1.9837 1.9845 2.0918
2.6949 2.6914 2.6873 2.6825 2.6767 2.6694 2.6595 2.6444 2.9749 2.8502 2.5921 2.2339 2.9706 2.8005 2.8078 2.3523 1.9266 1.6798 1.3855 1.305 1.188 0.8651 0.798 0.7406 0.6766 0.626 0.5395 0.4843 0.3554 0.4945 0.5295 0.489 0.5034 0.5321 0.6454 0.683 0.7523 0.81 0.8596 0.9927 1.0901 1.1095 1.2485 1.314 1.2779 1.3084 1.4469 1.4151 1.4715 1.7216 2.0088 2.1004 1.8436 1.8048 1.8107 1.8329 1.8265 1.8091 1.7032 1.7115 1.6979 1.7375 1.7308 1.8501 1.8665 1.904 1.9039 1.9107 1.9821 1.9829 2.088
2.7328 2.7368 2.7425 2.751 5.5888 5.5374 3.562 3.5865 3.6454 4.2015 4.542 5.4678 4.7725 4.2321 3.8721 3.4885 2.5962 2.4646 1.9044 1.3523 1.2367 1.0661 0.8331 0.8242 0.7649 0.7119 0.6863 0.5191 0.5606 0.6511 0.6091 0.535 0.572 0.6387 0.659 0.755 0.8566 0.9093 0.9964 1.1103 1.1768 1.2292 1.4055 1.4001 1.5803 1.7237 1.6438 1.6784 1.7429 1.7928 1.956 2.0108 1.9668 1.8346 1.8751 1.8164 1.8203 1.8108 1.7054 1.7418 1.7086 1.6716 1.7323 1.8349 1.8603 1.9018 1.9019 1.9015 1.9811 1.9836 1.9825
9.91 9.9181 9.9288 9.9431 9.9626 9.9896 10.7967 10.7483 10.6378 10.3572 9.6794 6.9806 6.3566 9.2111 8.6099 6.1613 4.4084 3.6324 3.7181 1.6499 1.2909 1.2643 1.3764 0.9216 0.8411 0.7643 0.7432 0.6507 0.6907 0.7468 0.6405 0.6067 0.5901 0.6413 0.784 0.8491 0.8544 1.1041 1.1738 1.1716 1.283 1.4414 1.4793 1.4647 1.6971 1.8249 1.7537 1.7083 1.6697 1.7733 1.9401 1.971 1.9788 1.9401 1.8814 1.8069 1.8169 1.8104 1.7663 1.742 1.7023 1.683 1.7327 1.8344 1.8566 1.8775 1.9005 1.9003 1.9714 1.9823 1.9817
10.1843 10.2452 10.3248 11.2053 11.3008 11.4335 11.6242 11.9068 16.0868 15.9854 14.5367 14.8237 12.6048 11.5077 10.6148 11.2904 8.2847 5.2635 4.5679 4.0057 1.9345 1.694 1.7301 1.5243 1.0194 0.8932 0.8014 0.8202 0.918 0.8417 0.6525 0.7416 0.6933 0.7701 0.8379 0.9121 0.9193 1.1444 1.2586 1.3582 1.4105 1.467 1.5396 1.5046 1.7003 1.7795 1.7562 1.7731 1.7713 1.7622 1.9142 1.9555 1.965 1.8405 1.8869 1.8879 1.8145 1.8533 1.807 1.7421 1.7802 1.7011 1.7325 1.8343 1.8402 1.8606 1.8995 1.8994 1.9698 1.9814 1.9828
15.5589 15.6147 15.6895 15.7913 16.6691 16.7683 16.915 17.143 18.8905 19.2047 19.6904 19.1365 18.6351 14.5757 12.932 13.032 12.0943 8.4512 5.0481 4.3913 5.8244 2.3653 2.1244 2.1984 2.2666 1.0916 0.9719 1.1431 1.0457 1.1216 0.8331 0.8453 0.9241 0.6901 0.9651 1.0196 0.6847 0.7076 1.326 1.4311 2.1318 2.8394 1.492 1.4872 1.6873 1.7498 1.7589 1.7785 1.7755 1.8122 1.9095 1.9492 1.9568 1.9633 1.8892 1.9371 1.9156 1.8523 1.8069 1.805 1.781 1.7782 1.7321 1.8344 1.839 1.858 1.8847 1.8987 1.9687 1.9716 1.9819
22.0118 22.0148 22.0227 22.0384 22.0662 22.1133 22.1912 22.3167 23.7244 23.5188 23.216 23.2806 25.5695 18.8461 16.5326 15.1353 14.4772 12.3942 9.7915 7.6351 6.9229 5.941 3.9579 3.9819 3.4165 2.812 2.8473 1.9501 1.322 1.4563 1.5977 1.6391 1.1171 1.1806 2.4642 2.1503 0.5207 0.2455 0.922 2.4347 5.4821 5.3571 4.2458 3.6604 3.2894 1.7359 1.752 1.7801 1.7778 1.7409 1.9084 1.9241 1.9523 1.8736 1.8279 1.8868 1.9353 1.8516 1.8283 1.8054 1.7815 1.7791 1.7502 1.8345 1.8382 1.8789 1.8599 1.8981 1.9679 1.9704 1.9812
22.2246 22.2642 22.3183 22.3931 22.498 24.2567 24.2854 24.3429 24.4655 24.7545 25.5459 29.3484 32.6471 29.7962 23.3996 23.4503 23.1514 17.8407 11.0158 11.8022 9.2979 7.3726 7.5647 6.0949 5.4743 5.2179 3.5612 2.8098 4.3308 2.5814 2.1774 2.5094 3.2712 4.0449 3.4192 3.7684 3.297 0.6599 0.4633 1.5653 4.1968 4.9034 4.3985 4.1135 3.9449 3.3964 1.7476 1.7806 1.7789 1.7781 1.9086 1.9202 1.9497 1.953 1.8715 1.8873 1.937 1.9173 1.8283 1.8053 1.7818 1.7797 1.7779 1.8346 1.8377 1.8407 1.8581 1.8976 1.8975 1.9695 1.9715
29.1353 29.104 29.0708 29.0369 29.0046 28.9792 28.9723 29.0093 29.1478 28.1665 32.5757 33.6004 33.7816 34.3001 29.2461 30.2276 32.8792 31.0972 28.9812 23.374 18.8141 19.2061 16.626 9.0209 8.5986 9.3751 5.1441 2.8173 3.6035 3.7401 2.7687 5.7791 4.1624 5.4405 5.3862 5.0536 3.4962 1.7724 0.5934 1.2957 2.0013 3.1798 3.7248 3.8917 3.9414 3.8272 3.4924 1.7807 1.7795 1.7787 1.7392 1.9182 1.9261 1.951 1.8688 1.8874 1.938 1.9358 1.8282 1.8269 1.8036 1.7801 1.7785 1.8348 1.8373 1.8398 1.8793 1.8825 1.8972 1.9688 1.9706
29.3846 29.3981 29.4223 29.4633 29.5309 29.6414 29.8232 34.6762 34.9476 35.4727 37.9198 38.423 38.9889 38.2023 37.2143 34.842 34.4595 34.8705 35.3445 32.2324 26.5815 29.0965 26.352 24.1659 15.3841 20.934 8.6381 8.8075 4.1216 5.0305 4.8114 4.2673 7.7 4.992 5.2777 2.3784 1.3408 1.071 1.2381 1.945 1.9656 1.9295 3.1314 3.591 3.736 3.8104 3.7272 1.8526 1.7798 1.7791 1.7786 1.9172 1.9236 1.9496 1.8668 1.8679 1.9387 1.9368 1.939 1.827 1.8039 1.7804 1.779 1.835 1.8371 1.8393 1.8785 1.8802 1.8968 1.9683 1.9699
29.6313 29.6874 29.7657 29.8762 34.9654 35.1073 35.3325 35.6942 38.2944 38.7735 39.6445 41.2317 43.515 43.8028 42.2276 40.6632 39.7136 39.2434 38.6406 39.386 40.0605 39.3989 38.4446 37.4779 37.5499 32.5267 33.8267 34.3053 18.7161 9.2154 25.7491 26.5215 16.5455 7.9608 15.8721 6.5865 3.4746 2.2646 1.4344 1.611 1.6896 1.85 1.8431 3.2139 3.3959 3.6997 3.7623 3.6867 1.8529 1.7793 1.7789 1.8334 1.922 1.8358 1.9503 1.8664 1.9334 1.9374 1.9406 1.827 1.8261 1.7806 1.7793 1.8138 1.837 1.8388 1.8406 1.8793 1.882 1.9679 1.9693
34.9886 35.0481 35.1307 35.2464 35.4102 35.6449 35.9857 38.4709 38.8736 39.5078 40.5113 42.6721 43.5847 43.5924 42.8017 43.3064 42.0701 40.046 39.8638 40.1723 41.154 42.4257 39.5658 39.9777 43.6586 42.1368 39.2539 39.548 41.9324 34.3218 33.9728 35.0098 27.5382 19.7878 24.2947 13.453 5.2745 3.1651 2.3575 1.5351 1.5962 1.8019 1.8102 1.8086 3.2759 3.3957 3.6967 3.7405 1.9237 1.8749 1.7791 1.8331 1.921 1.8342 1.9495 1.8651 1.9328 1.9378 1.9419 1.939 1.8262 1.7807 1.7795 1.7785 1.8369 1.8385 1.84 1.8787 1.8799 1.9676 1.9688
35.1997 35.2903 35.41 35.5694 35.7841 36.0757 38.4803 38.7845 39.2155 39.8233 41.9079 42.4749 42.9145 42.9638 42.9921 42.7426 41.3095 40.7623 39.9778 41.1075 42.0659 43.3013 41.8313 42.2906 42.96 42.2525 41.2164 42.5352 42.4691 37.6503 37.538 31.9173 29.9923 22.3068 15.0522 11.4969 7.3721 3.1008 2.6517 2.5325 1.5525 1.58 1.7894 1.7927 1.7922 1.79 3.4072 3.4707 3.726 1.9215 1.8744 1.779 1.8355 1.9237 1.8352 1.8642 1.8649 1.9324 1.937 1.9402 1.8262 1.803 1.7797 1.7788 1.8368 1.8382 1.8396 1.8782 1.8793 1.8816 1.9685
