normal_rasters/0772100000302916.ascii
ncols 54 
nrows 65 
xllcorner 159173.383972
yllcorner 384401.172974
cellsize 0.25
nodata_value -9999 
[rows 0 to 36 of 65, columns 0 to 53 of 54]
47.3432 47.3512 47.3521 47.3637 47.3754 47.387 48.3731 48.3834 48.3944 48.523 49.095 49.3608 49.3619 49.2741 49.2087 49.2068 49.2041 49.2008 49.1969 48.3169 48.3096 48.2972 48.2798 48.2579 47.4207 46.7555 44.7381 42.4277 42.2204 42.0467 40.587 40.5569 40.5323 40.5133 40.4993 38.8196 38.7944 38.1763 37.2281 34.4169 34.3523 34.2951 34.2444 34.1997 34.1603 34.1256 34.095 34.068 32.2233 31.1066 31.0539 31.0071 30.9657 30.9289
46.7206 47.3568 47.3663 47.3694 47.383 47.3966 47.4098 48.3838 48.3956 48.4082 49.0956 49.0921 49.3595 48.9375 49.2836 49.213 49.2102 49.2066 49.2023 49.1975 48.3396 48.3258 48.3051 48.2781 47.447 44.9845 43.8206 42.3798 42.1378 41.9432 40.5653 40.5312 40.5048 40.4855 38.8394 38.8082 38.1956 34.5549 34.4675 34.3905 34.323 34.264 34.2126 34.1679 34.1289 34.095 32.2615 31.1513 31.0867 31.0301 30.9804 30.9368 30.8985 30.8648
46.1569 46.7428 47.3732 47.3848 47.3906 47.4068 47.4227 47.4376 48.3968 48.4102 48.5403 49.091 49.3563 48.9291 48.9561 49.2207 49.2178 49.2138 49.209 49.2037 48.3774 48.3625 48.3377 47.5947 47.4774 45.0079 43.7932 42.3039 42.0227 40.5849 40.5362 40.4982 40.4704 39.0821 38.8258 38.2198 34.6357 34.5282 34.4347 34.354 34.2845 34.225 34.1739 34.13 34.0923 32.2506 31.129 31.0592 30.9986 30.946 30.9003 30.8607 25.4682 25.4287
46.1467 46.188 47.3796 47.3934 47.4079 47.4174 47.4367 47.4553 48.3985 48.4125 48.4276 48.5799 49.0826 49.3522 48.9474 49.2875 49.2275 49.2231 49.2176 49.2117 48.4261 48.4112 48.3818 47.6687 47.5124 45.0243 43.7373 42.1862 40.6258 40.5541 40.497 40.4552 39.1077 38.8492 38.2508 34.7374 34.6022 34.4864 34.3883 34.3055 34.2358 34.1771 34.1276 32.299 32.2325 31.0968 31.0214 30.9568 30.9016 30.8543 25.4627 25.4165 25.3767 25.3424
46.1317 46.1763 46.7691 47.4016 47.4191 47.4375 47.452 47.4754 47.4967 48.416 48.4312 48.5917 48.9311 48.9082 48.9329 48.9762 49.3076 49.2352 49.2289 49.2223 48.4902 48.4785 48.4457 48.1466 47.5513 45.0203 43.6326 42.0092 40.5992 40.5096 40.443 39.1453 38.8817 38.8242 34.8692 34.694 34.5473 34.4257 34.3256 34.2432 34.1754 34.1195 32.2771 31.1472 31.0508 30.9697 30.9016 30.8442 25.4534 25.3988 25.3525 25.3133 20.8894 20.8722
46.1109 46.1582 46.2134 47.0007 47.4298 47.4527 47.4768 47.4982 47.5264 47.5499 48.437 48.4521 48.5907 48.9096 48.9098 48.9605 48.885 49.252 49.2447 49.2373 48.5759 48.5763 48.5494 48.2463 47.179 44.1234 43.4496 40.702 40.5567 40.4437 40.3679 38.9299 38.8488 36.3648 34.8106 34.6189 34.4649 34.342 34.2439 34.1655 32.3374 32.2404 31.0898 30.9853 30.8991 30.8282 25.4379 25.3726 25.3183 20.8903 20.8673 20.8481 20.832 20.8187
45.314 46.1324 46.1912 46.2611 47.439 47.4672 47.4985 47.5313 47.5621 47.5952 47.6175 48.4596 48.6042 48.5794 48.8767 48.9326 49.0091 48.9425 49.268 49.2624 48.6936 48.7225 48.7563 48.4042 47.2399 43.9838 40.926 40.6895 40.4871 40.3444 39.1788 38.8853 36.517 34.9623 34.7024 34.5022 34.349 34.2316 34.1414 32.2876 32.1811 31.004 30.892 26.7157 25.4123 25.333 20.8954 20.8631 20.8368 20.8154 20.798 14.795 14.769 11.142
45.2514 45.3361 46.1581 46.2331 47.0357 47.4793 47.5192 47.5642 47.6112 47.6543 47.6889 48.4768 48.4765 48.5795 48.8591 48.8857 48.9796 48.7082 49.0391 49.3137 48.9021 48.8875 49.3195 48.5902 47.1524 44.9181 41.0419 40.6598 40.3746 39.2957 38.9468 36.7365 35.1633 34.7947 34.5271 34.334 34.1943 32.3515 32.2008 32.087 30.8755 26.6884 25.3689 20.91 20.8615 20.8235 20.7935 20.7699 20.7514 14.7948 14.7637 11.1443 11.1203 11.0996
45.1742 45.2564 45.3605 46.1893 46.2876 47.09 47.5358 47.596 47.6657 47.732 47.7925 47.8096 48.4917 48.578 48.5267 48.1887 48.9288 48.7222 48.8728 49.3554 49.644 48.4154 49.2957 47.668 45.9039 43.3795 41.2887 40.6065 39.6485 39.0813 37.067 35.4274 34.877 34.5107 34.2687 34.1075 32.2125 32.0519 26.7922 26.6337 20.9478 20.8683 20.8086 20.7638 20.7301 17.1596 17.1524 14.7942 14.7562 11.147 11.118 11.0933 8.9154 8.9025
45.0813 45.1568 45.2559 45.3861 46.2269 47.0635 47.1656 47.6198 47.7199 47.8404 47.9505 47.9957 47.9188 48.4424 48.4625 47.5016 48.3287 48.71 48.9831 48.8219 48.7182 47.0834 45.6152 46.239 45.1822 43.8963 42.0288 40.4461 39.2597 37.4989 35.7104 34.8647 34.369 34.0848 32.1856 31.9487 26.7391 26.5199 20.9009 20.7958 20.7218 17.1671 17.151 17.1395 17.1313 17.1256 14.7455 11.1502 11.1143 8.9344 8.9162 8.9007 8.8875 8.8763
43.3711 45.0365 45.124 45.2443 46.791 46.2712 47.1218 47.2749 47.7556 47.9489 48.1934 48.3468 48.1801 47.6651 48.3514 47.6182 47.6823 48.6439 49.2102 47.524 46.5002 44.5323 44.1942 44.2244 47.1591 42.3164 40.3107 37.6089 36.218 36.3941 34.3934 33.8387 32.9963 28.9614 26.5735 21.0257 20.8036 20.6612 17.175 17.1435 17.1224 17.1086 17.0997 17.0942 11.2094 11.154 8.966 8.9388 8.9163 8.8975 8.8818 8.8687 8.8577 8.2821
43.247 43.3151 43.4085 45.0644 45.2101 46.7775 46.9677 47.1918 47.4341 47.9974 48.4705 49.045 48.6749 47.6693 46.9334 47.3097 47.5619 47.4919 46.6493 44.8347 42.9652 42.0631 40.3695 41.1233 40.224 35.0076 32.9668 32.4181 29.8926 28.7664 26.6367 26.2492 24.5993 20.4397 17.9902 17.2289 17.1487 17.1011 17.0732 17.0574 17.0491 17.0457 11.2331 11.1588 8.9791 8.9438 8.9152 8.892 8.8731 8.8576 8.845 8.2689 8.2545 8.2425
40.2118 43.1604 43.2274 43.3244 44.1848 45.1306 46.7328 47.0283 47.2474 47.8542 48.3888 49.6418 48.627 46.9155 46.3032 46.7926 46.5846 45.1198 43.3854 42.2969 40.3934 38.6287 37.0289 35.5454 34.3277 32.3321 30.6181 28.1894 26.1004 23.8391 23.2401 21.258 18.2095 17.2559 17.0918 17.0131 16.9772 16.9634 16.9612 14.1033 11.9142 9.0584 8.9969 8.949 8.9116 8.8823 8.8591 8.8409 8.5009 8.2497 8.2335 6.9224 6.9152 6.9094
40.1761 40.2569 40.3566 41.9025 41.9535 44.0346 44.189 45.6017 46.9239 47.1548 47.2415 47.4477 46.6788 46.4831 45.4667 44.2373 43.3369 42.9111 40.096 38.8726 37.7209 36.0134 34.8193 31.8433 29.0827 27.5382 26.835 25.1012 23.0922 21.8705 20.839 18.6486 16.9359 16.7853 16.754 16.7648 16.7895 14.0825 11.9365 9.114 9.0219 8.9537 8.9029 8.8649 8.8363 8.8147 8.4728 8.2212 6.9116 6.9024 6.8951 5.8182 5.8177 6.804
40.1246 40.2066 40.3125 40.4485 41.9493 42.024 42.1165 43.7007 45.0031 45.2929 46.7689 46.3288 44.9566 44.5798 43.0199 42.4092 40.1867 38.3619 37.573 35.8548 35.0565 33.6428 31.8327 28.9147 25.9159 25.4656 24.3367 21.2939 20.4488 19.1829 16.667 15.779 15.7418 14.6189 14.5977 14.0289 13.0011 9.21 9.0593 8.9552 8.8829 8.8323 8.7968 8.4475 7.4662 6.8948 5.8157 5.8141 5.813 5.8123 5.812 6.7911 6.8148 6.8355
40.0545 40.1321 40.238 40.3832 40.5804 42.0237 42.1404 42.2883 42.5229 43.8005 44.389 46.2489 45.773 42.9568 41.4078 39.2779 37.1965 36.3894 35.45 32.5209 30.9502 29.2538 26.6659 24.8364 24.598 22.3467 20.6203 18.9984 16.6965 16.5051 13.836 14.0072 14.2212 12.7203 11.1449 9.9359 9.1184 8.9441 8.8351 8.7666 7.4473 7.4276 7.4155 5.8104 5.8077 5.8059 5.8049 5.8044 5.8043 5.1903 6.8038 6.8295 6.8515 8.6837
39.9642 40.0293 40.124 40.2648 40.4776 40.7965 41.2374 42.3561 42.6145 43.5639 42.9046 42.2408 40.8716 39.3713 37.6221 36.0687 35.7103 32.4995 30.6892 29.9228 27.3539 26.0747 23.6926 21.3688 20.6498 19.7174 17.8347 16.1008 15.1211 14.2644 13.2183 12.8282 11.4004 11.0047 9.7483 8.8823 7.4411 6.3272 6.3162 6.3117 6.3108 5.7986 5.7955 5.7938 5.7931 5.7931 5.188 5.1878 6.789 6.5248 6.5521 8.6756 8.7185 8.755
39.8547 39.897 39.9638 40.074 40.2647 40.613 41.2751 42.3852 42.3247 43.3324 41.5209 39.0887 38.2614 37.0845 35.5561 32.3058 32.4625 30.7516 28.0219 27.5816 25.4296 22.966 21.856 20.392 19.2822 17.5901 14.9305 14.4562 13.4235 11.4676 10.9828 9.7726 9.1142 6.5225 6.3705 6.304 6.2788 6.2719 6.273 5.7784 5.7754 5.7746 5.1845 5.1841 5.184 5.184 6.472 6.5146 6.5499 8.6658 8.7192 8.7639 10.2654 10.2947
36.9194 37.8345 37.9343 38.082 38.3189 38.7439 39.6287 41.6089 40.2561 39.1341 37.6191 36.4309 35.0879 34.2527 31.7541 31.4585 28.5041 27.6386 25.6255 24.1399 22.7426 19.9906 18.8181 18.6841 16.4545 14.5723 13.0595 11.6089 11.6056 10.442 8.9426 8.0729 6.676 6.2897 6.1882 6.1778 6.1913 5.7379 5.7383 5.1773 5.177 5.1772 5.1777 5.1783 6.4413 6.4995 6.5467 7.9078 8.7219 10.2353 10.2783 10.3134 11.7311 13.0264
36.6969 36.7596 36.8433 36.9578 37.8235 37.8816 37.8611 37.408 36.8467 34.7077 32.8232 34.1832 32.4385 30.13 28.2973 27.5318 26.3084 24.3028 23.8472 22.7936 19.641 18.608 17.2973 15.1293 13.3343 12.3488 11.1091 10.4547 9.7372 8.7984 8.1668 6.7165 5.8965 5.8218 5.9407 5.6329 5.1579 5.1602 5.1625 5.1648 5.167 5.3265 5.3366 6.4758 6.9966 7.9138 9.4144 10.2448 11.691 11.7183 11.7402 11.7578 13.0583 13.0797
36.4557 36.4502 36.4335 36.3928 36.2981 36.0729 34.7387 32.2976 32.8057 32.1621 31.0076 28.5069 28.5878 27.8636 25.3607 23.9262 23.7045 21.6569 20.3671 18.9114 17.3046 15.6992 14.5837 13.0395 11.586 10.428 9.4161 8.5186 7.8456 6.8088 6.4298 5.6527 4.6062 5.0003 5.0855 5.1148 5.13 5.1399 5.3013 5.3215 5.3357 5.3458 6.9867 7.9283 9.4275 11.6445 11.6909 11.7266 11.7542 11.7756 14.3578 14.3684 14.3771 16.0741
34.693 34.6344 34.5375 32.1497 31.9567 29.8919 29.9211 29.8278 28.8518 28.4232 26.8044 26.3131 24.2404 23.1562 23.2173 21.9717 20.501 19.4361 18.7371 16.7023 14.6696 13.253 13.419 10.7159 9.2295 8.9816 7.389 6.5265 6.3357 5.659 5.3527 5.065 4.8656 4.9897 5.1521 5.2372 5.29 5.3222 5.342 5.3546 8.1643 8.2962 10.6502 11.6269 11.6927 11.7409 11.7765 11.8028 14.3523 14.3664 14.5967 16.0645 16.0822 16.0972
32.0755 31.992 31.8637 31.666 27.8778 27.9091 27.8807 27.6734 26.708 26.4158 24.8363 22.8697 22.195 21.4782 19.9106 19.0696 18.8055 16.845 16.3606 14.8904 12.9187 11.0326 10.3264 8.4144 6.3567 5.2414 5.6284 5.1639 4.6211 4.9901 5.0143 5.088 4.8781 5.2916 5.4757 5.35 5.9681 6.0459 9.2237 9.44 10.6218 10.714 11.6993 11.7671 13.2938 13.3019 14.3433 14.363 14.595 16.051 16.0744 16.0936 16.1095 17.7306
27.6001 27.5971 27.5851 27.5558 27.4923 27.3601 25.8621 25.0344 23.8854 22.3215 21.614 20.6895 18.7811 18.1435 17.7948 16.0736 15.1416 14.8386 13.0783 11.0824 9.9246 8.4813 6.1339 4.0087 4.5789 4.147 3.3628 4.0277 4.416 5.4753 5.83 6.0146 5.9002 5.3334 6.123 6.4378 8.2916 9.2794 9.5569 10.7383 10.8293 13.27 13.2896 13.3031 13.3123 14.5719 14.5918 14.607 16.0632 16.0889 16.1096 17.724 17.7431 17.759
27.4755 27.442 26.0488 25.9669 25.825 25.5786 22.9793 22.6235 20.7759 20.5213 18.0752 17.0606 17.463 16.0311 14.7331 14.3927 13.0654 10.9943 9.2161 6.4815 4.4667 4.1606 3.2002 2.8609 1.807 2.8932 3.9461 4.8582 6.3248 6.6484 7.7916 7.8251 7.3134 7.3785 7.4739 8.5436 8.8433 10.8287 12.3346 12.3539 13.2754 13.3015 13.318 14.5545 14.5856 14.6083 16.0467 16.0825 16.1104 17.7161 17.7408 17.7607 17.7768 17.7899
25.982 25.9268 25.8437 22.5918 22.5084 20.7307 20.5428 18.7557 18.6327 17.8698 16.3535 15.7654 14.9518 13.9145 12.7213 10.3063 8.6442 6.4566 4.6284 3.9671 2.2795 3.3683 3.8463 3.4778 2.7085 4.0893 5.7771 6.7382 7.6313 8.6069 8.6757 8.8543 8.9062 9.3733 10.5009 11.1556 12.2739 12.3544 13.2258 13.2877 13.3236 13.3433 14.5724 14.6096 16.0202 16.0734 16.1129 17.7068 17.7397 17.7654 17.7853 17.801 19.9508 19.9669
23.7139 23.6152 20.6808 20.6185 20.5141 20.3412 18.4804 18.3202 16.5863 16.0451 15.2066 14.2852 13.2138 10.2938 9.1048 6.5525 5.7012 3.4751 0.8971 0.4242 1.8162 4.4286 4.8319 5.0845 6.7445 7.3686 7.4306 8.2248 8.7637 9.2743 9.8412 10.1481 10.1394 10.6164 11.2622 12.1726 12.4129 13.2117 13.3176 13.3688 14.5395 14.6101 15.9735 16.0597 16.1195 17.6961 17.7421 17.776 17.8011 17.8199 19.9531 19.9735 19.9897 21.7839
20.62 20.577 20.5133 20.4189 20.2786 17.472 16.5292 15.1602 14.7916 13.6804 12.4223 11.3437 9.8406 7.151 4.7657 2.7794 2.3272 1.9414 2.88 4.1496 5.3114 6.9705 6.801 7.7352 7.8367 8.2143 8.953 8.8609 10.5181 11.2597 11.5884 11.6752 11.8803 11.4189 11.8164 12.6231 13.1857 13.3991 14.4348 14.6062 14.6927 16.0384 16.1375 17.6861 17.7539 17.8 17.8316 17.8534 19.9584 19.9848 20.0049 21.7853 23.0615 23.0745
20.5165 20.4583 20.378 17.4294 15.1643 15.0729 14.909 11.4319 11.1896 9.0933 8.6449 7.7255 4.936 4.6588 2.5864 2.0611 3.6045 5.7398 6.7085 6.9061 8.0617 8.3512 9.7162 10.3649 10.4044 10.0744 10.2403 11.7958 12.7377 12.9047 13.2425 13.4684 13.6399 14.2249 12.9083 13.2523 13.995 15.0141 15.2761 16.0136 16.1942 17.6869 17.793 17.8564 17.8943 19.7189 19.9697 21.3803 21.3999 21.4144 23.0593 23.0766 23.0902 23.8513
18.5052 13.8141 13.7604 13.675 12.086 11.8893 10.973 8.6388 8.292 7.5976 6.1041 3.7728 4.0541 4.9351 3.7774 5.5528 6.8169 8.2625 9.1492 9.442 10.5994 11.4775 11.4925 12.6555 12.2887 12.3466 12.851 12.9888 14.0692 14.2994 14.8204 14.9635 14.9202 15.4145 16.4012 16.0304 15.8725 16.3916 17.124 17.747 17.9213 18.0026 19.6886 19.7482 21.3404 21.3811 21.4092 21.4287 22.6909 23.0801 23.0981 23.8577 23.8676 23.8752
13.6385 12.0924 12.002 11.8719 11.6842 8.5506 9.8486 9.574 7.2866 6.5047 5.9235 5.546 8.1849 8.336 7.174 7.6512 10.3007 9.9175 12.7697 12.5546 13.6484 14.1402 14.2073 13.8699 13.8086 13.8315 14.9342 15.1056 15.5108 15.9341 17.0469 17.7313 17.4755 17.2171 17.166 17.562 18.0004 18.3341 18.8163 19.3635 19.4406 19.839 21.3172 21.3863 21.4295 22.6521 22.6894 23.086 23.111 23.8681 23.8805 24.6794 24.6808 24.6818
11.9673 11.8773 11.7555 10.0751 9.9877 9.862 8.5809 9.0341 8.9617 8.9086 9.0156 9.7924 11.3725 11.0668 10.7664 11.4073 13.1406 14.8987 14.6494 15.1045 15.0307 15.8018 15.9975 15.6196 15.6458 15.929 15.9501 16.3011 16.9511 17.7731 18.0764 18.7676 19.3672 19.3624 18.6669 18.6677 18.9567 20.0179 20.236 20.7251 20.799 21.4054 21.4785 22.6236 22.687 23.0976 23.462 24.3266 24.6765 24.679 24.6809 24.6823 24.6834 24.6919
11.8027 10.1138 10.0615 9.9964 9.3014 9.2909 9.288 9.3033 9.3621 9.5217 9.8933 11.4046 11.6908 12.4978 13.8846 15.345 15.6149 16.9383 16.6932 16.4302 17.0911 17.2966 17.2987 17.4117 17.3587 17.35 17.5302 17.6149 18.8386 19.7673 20.1464 19.3765 20.664 21.2578 21.4058 20.5229 20.7515 20.6555 21.2778 21.7287 21.921 22.4474 22.6911 23.5681 24.2642 24.6689 24.6747 24.6786 24.6813 24.6832 24.6845 24.6855 24.6943 24.6953
10.1093 9.3953 9.3933 9.3944 9.4012 9.4177 9.4516 9.5163 9.635 9.843 12.4995 12.6364 15.1805 16.2469 16.8959 16.7346 18.268 18.8436 19.0304 18.1943 18.4454 19.533 19.1554 18.8812 19.5626 19.5779 19.5974 20.3233 20.476 21.0569 21.1874 23.0447 22.3754 22.0315 22.2065 22.5421 22.134 21.7878 22.3123 22.5558 22.64 23.5719 24.2623 24.6597 24.6712 24.6782 24.6824 24.6851 24.6868 24.6878 24.6965 24.6976 24.6984 24.8294
9.4427 9.4466 9.4541 9.4672 9.4888 9.5235 9.5785 9.6642 12.6861 12.7793 14.009 15.4769 17.7171 18.0554 18.5996 19.4797 20.1231 20.772 20.5677 20.7397 19.9227 20.3665 20.9301 21.3979 20.9915 21.359 21.7258 21.8066 22.5218 23.5585 23.6027 24.0714 24.5859 24.007 23.9002 23.435 23.3405 23.2608 23.7563 23.8953 24.4845 24.6303 24.6634 24.6785 24.6859 24.6896 24.6915 24.6924 24.7006 24.7016 24.8305 24.8296 24.8288 24.8282
9.4835 9.4935 9.5084 9.53 9.5612 12.6927 12.7263 12.7808 14.5043 16.6694 17.9031 19.0697 20.42 20.7864 21.9118 22.1128 22.8454 21.4318 22.1897 22.36 23.4901 22.0036 22.8332 23.3037 23.4273 23.2104 23.2546 23.9562 25.2834 25.4247 26.0638 24.8704 25.6631 25.8127 25.522 25.1447 23.9738 24.0128 24.0811 24.3358 24.6366 24.6859 24.6994 24.7029 24.7032 24.7024 24.7086 24.7088 24.8312 24.8298 24.8287 24.8279 24.8273 25.4519
9.5203 9.5351 11.3215 11.3736 12.7351 12.7696 16.5861 16.6875 19.5731 20.7991 20.8608 21.0122 21.394 22.2839 23.6711 23.9398 23.8474 24.6993 24.183 24.5081 24.943 26.1208 25.1971 25.1399 24.7407 25.5808 26.7051 26.8185 27.79 27.5283 26.8992 26.5696 26.3877 26.5541 26.2255 26.0744 25.647 24.5493 24.7595 24.7646 24.7713 24.7542 24.7389 24.7281 24.7205 24.836 24.8325 24.8301 24.8284 24.8273 25.1897 25.445 25.7913 26.1283
