normal_rasters/0772100000295738.ascii
ncols 51 
nrows 62 
xllcorner 159489.81897
yllcorner 383829.140991
cellsize 0.25
nodata_value -9999 
[rows 0 to 40 of 62, columns 0 to 50 of 51]
31.3623 31.3167 25.8524 25.8149 25.7721 25.7239 25.6703 25.6115 21.7036 21.6593 17.4411 17.34 17.2347 15.7088 14.5985 17.9021 21.782 25.7272 25.789 28.4559 28.5082 31.5926 33.6011 33.6423 33.6607 34.9279 34.9302 31.8527 31.8342 31.8129 31.6561 31.6187 30.2932 29.3496 28.0251 26.2778 26.2353 26.1894 26.1433 26.1005 24.9698 24.9614 24.9533 24.9458 24.9394 24.934 24.9298 24.9265 24.924 24.9223 24.9211
31.3954 31.3477 31.2946 25.8537 25.809 25.7578 25.7001 25.6361 21.7244 21.6753 17.472 17.3589 17.2402 15.6737 14.5559 17.8285 21.756 25.6993 25.7681 28.437 28.4967 31.5625 31.6649 33.6397 33.6625 34.9346 34.9584 33.3836 31.8462 31.8211 31.6646 31.6195 30.308 29.3874 28.666 26.9186 26.2426 26.185 26.1261 26.0718 24.9723 24.9617 24.9516 24.9427 24.9353 24.9295 24.9251 24.9219 24.9197 24.9182 24.9174
31.4338 31.3842 31.3283 25.8986 25.8523 25.7983 25.7364 25.6666 25.5893 21.6953 19.2604 17.3837 17.2491 12.0036 14.5021 17.7339 21.7216 21.8102 25.7398 25.8267 28.4804 31.523 31.6412 33.6139 33.6646 34.945 36.2891 33.4138 31.8625 31.8328 31.7984 31.6217 30.3286 29.7461 28.7014 26.9594 26.2568 26.1829 26.1056 26.0343 24.975 24.9613 24.9487 24.9381 24.9297 24.9235 24.9191 24.9163 24.9145 24.9136 24.9132
34.433 31.4272 31.3688 31.3027 25.9032 25.8467 25.7806 25.7047 25.6192 21.7205 21.6535 17.4164 17.2626 17.1027 13.8764 14.5741 17.8845 21.7747 25.7012 25.8001 28.4573 28.5455 31.6078 34.7669 33.6668 34.961 36.296 34.8819 31.8851 31.8498 31.807 31.6264 31.1847 30.0145 28.7547 28.6 26.2833 26.1864 26.0809 25.9837 24.9779 24.9597 24.9438 24.9312 24.9219 24.9156 24.9117 24.9095 24.9086 24.9084 24.9087
34.4625 31.4779 31.4173 31.3476 31.2685 25.9047 25.8345 25.7522 25.6578 21.7526 21.6765 17.4596 17.2826 16.0147 11.9157 14.5026 17.7607 21.7252 21.8535 25.7613 28.4242 28.5292 31.5608 31.7409 34.8771 33.7133 36.3135 36.169 31.9169 31.875 31.8209 31.7591 31.1812 30.053 29.7202 28.6372 26.3321 26.2028 26.0523 25.5137 24.9806 24.9557 24.9355 24.9207 24.911 24.9054 24.9026 24.9017 24.9018 24.9026 24.8822
34.4972 34.4564 31.4753 31.4024 31.3181 25.9742 25.9007 25.812 25.7077 25.5884 21.7069 21.6105 17.312 16.0168 11.9345 11.4721 13.5461 21.6567 21.8022 25.7045 25.8583 28.5026 31.4936 31.7111 34.8009 34.9693 36.3493 36.1649 33.3203 31.9139 31.8443 31.7603 31.1779 30.3813 29.9982 28.703 26.4227 26.2492 26.0233 25.4348 24.9812 24.9467 24.9213 24.9048 24.896 24.8924 24.8917 24.8927 24.8945 24.8804 24.8878
38.1958 34.4968 34.4479 31.4694 31.3803 31.2766 25.9819 25.8874 25.7728 25.6381 21.7478 21.6349 17.3548 16.0244 11.9621 10.0946 13.4437 16.4445 21.7255 25.6216 25.8025 28.4591 28.637 31.6623 34.7375 34.9838 36.4173 36.1786 35.9023 31.9755 31.8858 31.7665 31.1757 30.7448 30.0596 29.2905 27.8565 26.3677 26.0122 25.366 24.9735 24.928 24.897 24.8809 24.8758 24.8764 24.8793 24.8669 24.8789 24.8882 24.8953
38.2234 38.177 34.4954 34.4357 31.4581 31.3472 30.1115 25.9828 25.858 25.7063 21.8033 21.6699 17.4173 16.0409 12.0029 10.0889 11.4154 13.6411 21.6119 21.8457 25.7112 28.3871 28.6169 31.5829 34.6362 34.9389 36.5419 36.2324 35.8383 32.5042 31.9632 31.786 31.1762 30.7743 30.1742 29.3555 27.9411 26.9808 26.0901 25.2845 24.9422 24.8929 24.8536 24.8455 24.8503 24.8404 24.8624 24.8787 25.0667 25.0785 25.087
38.2576 38.21 38.1536 34.4924 34.4179 31.4383 31.2972 26.1038 25.9701 25.8002 25.5939 21.7212 21.5399 16.072 15.8048 11.746 8.7024 13.4949 17.4955 21.7129 25.5621 25.896 28.5691 31.4548 34.4677 34.885 37.8499 36.3759 35.7939 33.5271 32.1142 31.8401 31.1809 30.8406 30.5451 29.794 28.4215 27.6089 26.6505 25.7408 24.8846 24.7849 24.7713 24.7986 24.8238 24.8591 25.0535 25.0742 25.0874 25.0961 25.102
38.2996 38.2519 38.1938 38.1235 34.4865 34.3912 31.4044 30.1505 26.1184 25.9309 25.6912 21.7979 21.5714 16.1273 15.7896 11.7559 8.6528 9.5864 14.871 21.4974 21.922 25.7261 28.4617 28.9717 33.4422 34.7666 37.8636 37.7721 35.8556 33.6251 32.7526 31.9769 31.3711 30.9822 30.692 29.9294 28.5433 28.0588 27.4826 26.0107 24.7394 24.8958 26.5012 24.9384 25.0278 25.0719 28.2933 28.3729 28.434 28.4826 28.5224
38.3502 38.3042 38.2462 38.1737 38.0839 34.4756 34.35 30.2447 30.1152 26.1136 25.8377 21.9152 21.6272 16.2233 15.7878 11.7827 9.2454 7.7163 14.6911 17.5382 21.6514 25.3903 28.2147 29.0217 33.1204 34.4926 37.0969 38.1952 36.3181 33.9785 32.9232 32.3978 31.2031 31.1694 30.4771 29.969 29.1469 27.8307 27.4178 27.281 28.1684 27.8605 28.0848 28.1377 28.2139 28.2957 28.3676 28.4275 28.4768 28.5176 28.5517
38.4104 38.3683 38.3131 38.2412 38.1482 38.0297 34.4558 34.2838 30.2364 28.317 26.0604 25.6316 21.7275 21.2847 15.8172 12.1922 8.6791 7.5577 10.8594 14.8472 18.087 22.068 25.7457 29.0115 31.2339 33.3378 37.2615 39.0072 38.2099 34.6379 32.9845 32.33 31.3036 30.9087 30.4323 30.0788 29.1624 28.1365 27.8518 28.3099 36.4693 31.3977 28.3176 28.289 28.2952 28.3693 28.4304 28.4802 28.521 28.5549 28.5834
38.4806 38.4452 38.3964 38.3294 38.2381 38.115 37.9517 34.4189 30.4108 30.206 28.2894 25.8862 21.9144 21.2827 15.9163 12.193 8.6371 8.0868 7.869 14.3125 17.6677 21.4742 24.1244 28.6295 31.2303 32.6385 37.1052 39.1481 38.5951 37.1002 34.0443 32.3287 31.9448 31.1256 30.7695 30.1159 29.3283 28.2393 27.9422 30.2241 31.3928 25.95 26.9895 27.9005 28.2858 28.4633 28.5634 28.5286 28.5646 28.593 28.6165
38.5604 38.5353 38.4975 38.4415 38.3594 38.2404 38.0701 34.6205 34.3468 30.4575 28.5348 26.3335 22.2795 21.3349 16.1639 12.2699 8.5488 5.435 7.5694 10.8152 14.3734 18.9401 23.0166 25.7995 31.5027 33.0725 34.8375 38.6113 38.5404 37.7463 35.77 32.6031 32.3026 31.4461 30.5851 30.8244 29.7311 28.8329 28.0985 30.8126 29.2107 27.557 27.512 28.1261 28.5636 28.8309 29.0 28.9198 28.9761 29.0184 29.0517
38.6488 38.6376 38.6161 38.5787 38.5166 38.4161 38.2563 38.0072 34.635 34.1964 30.5034 28.5034 25.9003 21.5599 16.6798 12.6487 8.2521 5.0092 5.189 9.8607 11.5632 17.893 21.5594 25.6193 28.761 33.1528 35.4908 36.632 38.0802 37.0937 35.5814 34.559 32.6842 32.1725 31.3894 31.4234 31.0144 29.7738 29.2398 28.6674 27.5976 27.0438 28.5438 28.3215 28.5723 28.7795 29.3995 29.5332 29.6334 29.7106 29.7715
38.7435 38.7497 38.7498 38.7394 38.7104 38.6488 38.5295 38.3089 37.9159 34.6313 33.8593 29.2548 28.0632 22.2684 18.958 13.9719 7.6973 4.1471 3.7122 7.0869 9.5826 14.105 19.67 23.7661 28.1301 31.9469 35.0509 36.2975 38.8094 38.1127 36.2988 34.7606 34.3034 32.8495 32.2729 31.7314 31.4754 30.417 29.6155 29.1948 27.3568 27.4787 27.2906 27.0178 27.0008 29.1618 29.3185 29.4457 27.1897 27.2114 27.2287
39.4921 39.5212 39.5544 39.5918 38.9338 38.9342 38.8967 38.7754 38.4696 37.7841 34.5831 31.9594 29.6979 24.273 20.5038 15.5653 8.7562 5.0438 1.8016 3.5006 8.5938 14.3282 17.2274 23.4574 25.6641 32.202 34.0858 36.1676 38.1436 38.471 37.921 36.0447 34.5133 33.952 32.5445 31.8323 31.4866 30.6006 29.3236 28.7654 28.0022 28.1747 28.4541 27.9143 27.4305 27.3932 27.3672 27.3503 27.3395 27.3328 27.3285
39.5173 39.5539 39.5979 39.6515 39.7173 39.7984 39.8956 39.3993 39.372 38.9903 37.5887 35.4833 31.4251 26.2135 22.0291 16.4888 10.1757 5.5669 3.6402 3.9253 5.5292 10.4231 17.7084 21.7689 25.4361 28.9862 33.4989 36.263 37.9855 38.8237 38.1519 37.288 36.1404 34.8538 33.3108 32.4527 31.6152 31.1801 30.4334 29.3102 28.8625 28.6429 28.6769 28.7094 28.7319 28.7467 27.598 27.5331 27.4863 27.4523 27.4273
39.6772 39.7199 39.7737 40.3941 40.4626 39.8995 40.0637 40.3055 40.6723 41.7448 41.3655 37.4042 34.7705 27.1566 21.5304 18.6697 14.1683 5.8096 4.0055 2.6804 6.7628 7.9118 15.8479 18.9642 26.3842 28.6478 32.2605 35.3767 38.4673 39.3898 39.1962 37.3732 36.5369 36.1449 34.7431 32.5275 32.1024 31.5428 30.9376 30.1213 29.494 28.8077 28.8158 28.8304 29.1363 29.1893 29.2252 29.2499 29.2672 28.5439 28.5249
39.6668 40.625 40.6612 40.7093 40.7756 40.8714 41.018 40.9851 41.431 42.3613 43.3419 40.4374 32.4192 28.1935 22.6031 17.3317 14.425 10.9782 2.7774 0.9941 4.9275 9.2835 13.9754 18.2819 23.522 29.1313 31.8916 34.9178 37.5212 39.1402 39.6761 39.2094 37.3845 36.3988 35.7601 34.8318 32.8539 32.4087 31.9921 30.3552 29.7085 28.8185 29.2242 29.584 29.9468 30.1241 30.2394 30.3169 30.3708 31.3387 31.4042
40.0608 40.5681 40.5907 40.6196 40.6582 40.7117 40.7897 40.9108 41.1106 41.4369 40.8658 38.1419 30.364 26.66 24.3658 20.1262 14.7317 11.1447 5.8891 2.272 4.1959 6.6199 10.9683 17.0551 22.0025 25.4712 31.8575 33.9684 36.4957 38.41 39.2866 39.3471 38.8282 37.5119 36.1836 35.4066 34.9697 33.1068 32.6644 31.7545 30.0563 29.5487 29.8118 30.3938 30.6241 30.7718 31.206 31.3245 31.408 31.4682 31.5126
39.9965 40.0091 40.0235 40.0395 40.0569 40.074 40.0849 39.302 39.2131 38.8824 36.5631 34.3572 31.9186 26.3781 24.6149 21.4107 18.4999 10.774 4.7307 2.2885 2.8906 6.7301 10.8744 14.1859 20.7484 25.9319 28.2877 33.3967 36.5137 37.722 39.5161 39.4852 39.1764 37.9822 37.1672 36.368 35.4444 35.1008 32.9333 32.1677 32.049 31.5463 31.0432 31.0022 31.3203 31.4279 31.5029 31.5542 31.5896 31.6145 31.6325
39.9313 39.9297 39.9248 39.9141 39.8933 39.8537 39.7782 37.9493 37.8009 36.2693 36.8246 34.5395 32.6685 29.835 24.41 22.7126 20.6496 13.63 7.84 3.3145 2.9267 5.4713 8.1594 14.0476 17.619 23.2026 28.6901 31.5677 34.5984 36.8136 38.5414 39.4093 39.4464 38.967 38.5131 36.865 36.6226 35.7022 34.6185 33.278 32.6235 31.7064 32.345 32.5525 31.9068 31.8626 31.8278 31.8019 31.7828 31.7685 31.7577
39.8685 39.8543 39.833 39.8007 39.7512 37.9163 37.863 36.161 36.4979 36.7148 37.1572 37.1348 33.0881 30.3408 28.653 21.9834 19.0879 15.5304 9.2205 4.0876 3.9441 6.3962 7.6303 11.2171 18.529 20.3154 26.8515 30.6526 34.2131 36.5175 37.673 39.4417 39.4781 39.1364 39.001 38.1688 37.3655 37.1118 36.4581 34.5985 33.61 33.2847 33.4562 33.6133 33.6585 33.0827 33.0238 32.0439 31.9721 31.9198 31.8808
39.811 39.7868 37.9173 37.8993 37.8719 36.3931 36.3481 36.4336 36.813 36.9959 37.3962 36.9603 35.5575 33.0134 28.7915 26.1769 22.652 20.3021 8.2257 4.3323 3.0301 4.6491 8.2466 10.6086 14.8317 19.9662 25.0507 29.2419 32.4457 35.8074 37.1722 38.5108 39.4828 39.3911 39.1157 38.7356 38.3417 38.0054 37.5578 36.5006 35.0572 34.8891 34.7309 34.4372 34.354 34.8541 34.8889 34.9143 35.2593 35.2936 35.3176
37.9008 37.8888 38.105 37.1874 37.2069 37.2336 37.6907 37.7044 37.7213 37.7393 37.3378 37.1982 35.7427 34.0857 31.5879 26.2246 24.4435 21.3255 6.4947 8.5212 3.101 2.7813 5.8894 10.8768 13.6596 19.8063 22.9196 28.0217 31.2553 33.9594 37.2061 37.911 39.6868 39.5023 39.0884 38.9639 38.4698 38.1848 37.9347 37.3454 36.9224 35.7451 35.8844 36.0164 36.0716 36.3329 36.3838 36.4134 36.4308 36.441 36.4469
37.1767 37.1893 37.2052 37.6707 37.6795 37.6908 37.7054 37.7259 37.7578 37.3523 37.2825 37.9981 39.0846 34.3459 33.0437 28.5937 26.5006 24.3584 16.6347 5.9724 3.5565 3.2402 4.3961 7.9004 13.7587 17.6845 21.9259 25.8061 28.738 33.768 35.6798 38.0819 39.4694 39.3855 39.1903 39.0128 38.9949 38.3973 37.8925 37.6865 37.2486 36.9515 36.8767 37.0052 37.2421 37.3019 37.3339 37.3518 37.3624 37.3689 37.373
37.6565 37.6622 37.6691 37.6774 37.688 37.7017 37.7207 37.8616 37.9177 37.8101 37.5042 37.6283 37.3262 36.5301 34.6253 29.6343 26.4483 25.8775 23.5515 12.966 7.4028 3.9685 3.9964 5.6772 9.9316 16.1371 19.221 24.5915 28.0164 31.8123 35.0661 36.8885 38.9219 39.4667 39.323 38.9725 39.1123 39.0355 38.3145 37.6255 37.55 37.5702 37.78 37.5462 37.5082 37.4756 37.453 37.4374 37.4265 37.4185 37.4124
37.6601 37.6664 37.6739 37.6832 38.1691 38.5263 38.545 38.5737 39.0805 38.5696 38.5818 38.5643 38.5031 38.0414 35.0172 31.2149 28.3479 24.6776 21.9484 16.136 11.0785 6.9678 5.4308 5.8411 8.0637 14.9955 18.7848 21.7635 28.7445 30.0663 34.1647 35.8599 38.2607 39.6605 39.4777 39.0036 38.9565 39.1633 38.9642 38.4053 37.9752 38.0278 38.1603 38.0601 37.9936 37.6236 37.5579 37.5149 37.4856 37.4648 37.4497
37.6631 38.9079 38.9158 38.5363 39.0575 39.0639 39.073 39.0853 38.5634 38.5932 38.6395 38.7406 38.6781 39.1503 36.5622 32.2866 29.5947 25.3459 22.2674 19.4862 12.9823 7.8091 7.0857 7.2298 8.285 11.1102 18.3409 20.9913 26.0702 30.0017 32.8551 35.6345 37.2794 39.1906 39.5614 39.4198 39.0712 39.0346 38.979 38.7924 38.6007 38.2961 38.4493 38.4275 38.204 38.1703 38.1502 38.1372 38.1282 38.1216 37.9267
38.9193 39.0547 39.058 39.0625 39.0684 39.0762 39.4015 39.4013 39.4019 39.405 39.1525 39.1895 39.2583 38.9799 37.4194 35.6289 31.2423 28.2829 24.4273 19.9975 16.9106 11.6567 8.9279 8.1022 8.766 11.0948 14.7439 21.58 25.2669 29.0312 31.9062 34.3176 38.0119 39.8452 39.9546 39.971 39.4644 39.0176 39.0658 38.8528 38.7669 38.6813 38.6106 38.5068 38.4898 38.4797 38.2005 38.1771 38.1603 38.1478 38.1383
39.0578 39.0611 39.0652 39.4158 39.4177 39.4206 39.4251 39.1308 39.1437 39.1626 39.191 39.2335 38.9975 39.1242 38.1353 37.0578 31.9479 29.6498 27.8384 22.1254 19.965 14.9313 11.7569 10.6703 9.174 11.4158 13.6757 21.4113 24.3661 27.7102 31.2247 33.3346 36.5684 39.5993 40.0552 40.1236 40.0498 39.5315 39.1352 38.8741 39.0288 39.0973 38.8347 38.7034 38.6678 38.522 38.5045 38.4937 38.4866 38.1715 38.1582
31.0658 31.3155 35.0337 39.4281 39.4326 39.1248 39.1337 39.1457 39.1626 39.4485 39.4679 39.5083 39.4965 39.5249 39.176 36.6041 37.1555 31.4617 28.4677 27.8528 24.539 20.9879 12.9786 11.3807 11.316 12.2712 16.0373 19.6939 24.0455 27.7969 29.9035 35.2639 36.0884 39.4898 40.4055 40.7256 40.495 39.944 39.1399 38.9618 39.0391 39.0468 38.8834 38.7894 38.7406 38.6821 38.6689 38.5143 38.503 38.4952 38.4896
27.6916 27.806 28.5885 28.9218 31.7361 39.4402 39.4467 39.456 39.4697 39.4911 39.3887 38.8926 39.7388 39.5895 39.6344 39.5139 41.1063 39.3704 32.2281 28.9747 27.7353 23.9823 21.4328 13.6196 12.7629 13.2202 16.7148 18.9332 23.2281 26.1773 31.1566 33.7831 37.4194 39.4066 40.4436 40.9285 40.5233 40.3154 39.7069 39.0039 39.0162 39.0347 38.9282 38.7928 38.762 38.7365 38.7207 38.6733 38.5172 38.5071 38.4996
24.7278 24.7583 24.8081 27.6913 27.9462 28.3044 31.4216 39.2315 39.3551 39.6701 39.7046 39.7588 39.6178 39.758 40.2092 41.3668 42.2778 43.7574 41.6287 32.6765 30.8437 26.7422 24.6722 22.0228 17.246 15.0624 14.1723 20.4345 23.0877 25.9577 29.4122 32.9631 36.5603 39.417 40.0828 40.5571 40.524 40.3848 39.8173 39.2667 39.0134 39.0185 38.9041 38.8869 38.7589 38.7471 38.7317 38.721 38.7137 38.6688 38.5083
24.6137 24.6304 24.6676 24.7336 24.8385 24.9929 27.9544 28.5005 33.6206 39.5839 39.5308 39.5834 39.6672 40.4236 40.913 41.7512 42.7898 43.5293 43.4143 41.9368 35.901 31.4265 27.7873 24.9231 19.788 17.703 18.9389 22.3532 25.3925 27.2952 30.1275 32.2236 34.95 37.9436 40.0974 40.4123 40.4478 40.4103 40.0885 39.614 39.0129 39.0134 39.0135 38.8786 38.8672 38.7413 38.7277 38.7278 38.7202 38.7146 38.7104
24.4858 24.4826 24.4988 24.5454 24.6371 24.7921 25.0288 25.3588 25.7774 33.115 36.7066 39.6164 39.7993 40.9309 41.2433 42.4785 43.7544 44.9101 45.2214 43.7227 41.101 35.2534 31.1148 28.3229 26.03 20.8065 20.666 30.2871 28.4056 31.3115 30.3159 30.9587 33.3569 35.5127 39.1521 40.2721 40.3967 40.4156 40.131 39.6533 39.2885 39.0114 39.0108 39.0097 38.864 38.8563 38.7308 38.7215 38.714 38.7191 38.7147
24.3465 24.316 24.3005 24.3128 24.3729 24.5095 24.7578 25.1494 25.6952 26.3633 29.1122 32.2447 37.054 40.2466 43.1645 44.8046 45.366 46.4219 48.5994 46.01 45.2814 42.4857 35.9205 33.7652 30.9049 28.1334 31.4659 24.7633 28.8415 30.2621 30.3576 30.3608 33.1019 33.6964 37.6972 40.2547 40.312 40.3912 40.151 39.6749 39.31 39.0104 39.0094 39.0084 38.8606 38.855 38.8495 38.7239 38.7171 38.7115 38.7069
24.2004 24.1352 24.0757 24.0341 24.0338 24.1159 24.3422 24.7839 25.4897 26.4566 29.3567 29.992 31.5737 35.7699 31.9013 39.3233 40.7116 46.0836 47.9824 48.0293 47.3425 44.8444 39.2528 35.9603 34.5683 33.8344 35.971 29.7513 28.703 29.9205 28.7399 29.2168 31.3427 33.4053 35.4798 38.8209 40.2912 40.3751 40.1706 39.8506 39.6472 39.298 39.0086 39.0076 39.0066 38.8533 38.849 38.845 38.719 38.7138 38.7095
24.0552 23.9497 23.8347 23.7172 23.6167 23.5809 23.709 24.1515 25.0294 26.4172 29.7732 30.9857 32.3254 31.0976 31.6943 33.0597 36.9912 38.7599 44.724 47.7113 46.9926 46.3513 42.6932 36.9642 35.3242 33.9197 32.3703 30.678 29.4055 29.6264 27.9392 28.0765 29.3814 32.0246 34.4497 36.6816 38.99 40.3649 40.1644 40.0849 39.815 39.3102 39.008 39.007 39.0061 38.8515 38.8481 38.8448 38.72 38.7153 38.7113
19.5412 19.59 23.5982 23.3876 23.1437 22.8942 22.7574 23.0568 24.1194 25.8601 30.4042 33.5022 33.0153 31.5363 31.4536 29.918 31.6327 36.8247 37.4503 41.4095 46.0238 45.9201 43.109 38.069 34.9511 35.3274 35.4992 30.7333 30.226 29.8372 29.2 29.3945 27.4191 26.9859 28.4723 28.5447 30.7485 32.6364 33.0817 40.1432 39.8333 39.7968 39.3034 39.0066 39.0058 39.005 38.8471 38.8443 38.8417 38.7162 38.7125
