normal_rasters/0772100000296999.ascii
ncols 162 
nrows 154 
xllcorner 158408.431
yllcorner 383854.386993
cellsize 0.25
nodata_value -9999 
[rows 93 to 123 of 154, columns 0 to 70 of 162]
6.6417 6.4284 6.4209 6.4214 6.124 6.1237 5.9106 5.9083 5.9058 5.9031 5.9002 5.8969 5.8934 5.8896 5.921 5.9184 5.9157 5.7917 5.7918 5.7921 5.61 5.6154 5.6215 5.6282 5.5647 5.5833 5.5922 5.4554 5.4532 5.4504 5.4693 5.4636 5.457 5.4831 5.0676 4.9504 4.9476 4.9094 5.0796 5.0004 5.3902 5.4655 6.0597 6.0749 5.8191 6.716 6.7641 6.6459 6.803 6.9048 7.0543 7.2289 7.4839 7.6238 7.679 7.6493 7.6102 8.5394 7.9036 7.7181 7.8309 7.2035 6.9868 6.8357 7.0 7.2249 7.2765 7.3195 7.0776 6.581 5.8564
6.4284 6.4208 6.4213 6.1236 6.1232 5.9098 5.9077 5.9054 5.9029 5.9001 5.8972 5.894 5.8905 5.9224 5.9201 5.9176 5.7934 5.7935 5.7938 5.7943 5.6156 5.621 5.627 5.5774 5.5806 5.584 5.4527 5.4507 5.4483 5.4674 5.4625 5.4917 5.484 5.068 4.951 4.9487 4.9097 5.08 4.9995 5.3917 5.4019 6.0669 6.0796 6.7073 6.735 6.7732 6.8251 6.7022 6.8467 6.9689 7.0933 7.4986 7.4833 7.9052 7.7579 8.3437 8.3159 8.6014 9.5009 8.8885 8.6566 8.8058 7.8708 7.4257 7.1819 7.4503 7.9101 7.8692 7.7062 7.444 6.783
6.4288 6.4213 6.1232 6.1228 5.9091 5.9071 5.905 5.9027 5.9001 5.8974 5.8944 5.8912 5.9236 5.9215 5.9193 5.7948 5.795 5.7953 5.7958 5.6157 5.6206 5.626 5.5755 5.5784 5.5814 5.4504 5.4486 5.4464 5.4658 5.4615 5.4913 5.4846 5.0683 4.9514 4.9495 4.9098 5.0802 4.9986 5.3925 6.0635 6.0719 6.0825 6.7238 6.7471 6.7779 6.818 6.6788 6.8073 7.0605 7.3726 7.4149 7.8407 7.8648 7.6637 9.4706 9.3155 9.689 10.5217 10.7488 10.7841 10.2322 9.6487 9.3712 8.6821 8.6637 8.5044 8.5348 8.9091 8.3996 8.2249 7.66
6.4212 6.1228 5.9102 5.9085 5.9067 5.9047 5.9025 5.9001 5.8976 5.8949 5.8919 5.9247 5.9228 5.9208 5.7961 5.7963 5.7966 5.797 5.6157 5.6202 5.6251 5.574 5.5765 5.5791 5.4484 5.4467 5.4448 5.4644 5.4606 5.4909 5.485 5.0685 4.9517 4.9501 4.9099 5.0803 5.4745 5.393 6.068 6.0753 6.0844 6.7353 6.755 6.7801 6.812 6.8519 6.7794 7.0214 7.3389 7.367 7.8152 7.8348 9.0583 9.6169 9.7869 10.4875 11.6406 12.0219 12.7392 12.7598 12.2743 11.0857 10.8581 10.6447 9.7854 9.8082 9.0231 8.8873 9.0792 8.8141 8.4893
6.1224 5.9096 5.908 5.9062 5.9043 5.9023 5.9001 5.8978 5.8953 5.8925 5.9257 5.9239 5.9221 5.7973 5.7974 5.7977 5.7981 5.6158 5.6199 5.6243 5.5726 5.5748 5.5772 5.4466 5.4451 5.4661 5.4632 5.4598 5.4905 5.4853 5.0686 4.9519 5.2154 4.9099 5.0802 5.4753 5.3932 6.0714 6.0778 6.73 6.7434 6.7602 6.7811 6.8068 6.8384 6.7588 6.9946 7.3169 7.3367 7.3582 7.8144 9.1129 9.6857 9.8193 11.6231 11.7615 11.9954 12.7332 12.9702 13.285 14.0305 13.4325 12.5888 11.7127 11.4421 10.1343 9.5077 9.201 9.0813 9.1034 9.1068
5.909 5.9075 5.9058 5.9041 5.9022 5.9001 5.898 5.8956 5.8931 5.9265 5.9249 5.9233 5.7982 5.7984 5.7987 5.7991 5.6159 5.6196 5.6236 5.5714 5.5734 5.5755 5.445 5.4436 5.4647 5.4621 5.4941 5.4901 5.4856 5.0686 5.3063 5.2159 4.9099 5.0802 5.4758 5.3932 6.074 6.0796 6.7376 6.7494 6.7638 6.7813 6.8025 6.828 6.743 6.9754 7.0012 7.3162 7.7937 9.0673 9.1429 9.7175 9.8187 11.6951 11.7979 11.9523 12.721 12.87 13.6238 13.9015 14.4169 14.9656 15.0442 13.1432 11.9049 10.8694 10.5442 9.9697 9.2661 9.1471 9.4078
5.907 5.9055 5.9038 5.9021 5.9002 5.8981 5.8959 5.8936 5.9273 5.9258 5.9243 5.7991 5.7993 5.7996 5.7999 5.616 5.6194 5.623 5.5704 5.5722 5.5741 5.4436 5.4423 5.4635 5.4611 5.4933 5.4897 5.4857 5.4812 5.3068 5.2162 5.1743 5.08 5.4762 6.0718 6.076 6.081 6.7433 6.7537 6.7662 6.7812 6.7989 6.8199 6.8446 6.961 6.9813 7.3015 8.573 9.0964 9.1593 9.7315 11.0715 11.7278 11.8057 12.6448 12.7092 12.8036 13.6862 13.8087 14.4903 15.0067 15.4371 15.4949 14.9394 13.674 11.5617 10.5936 10.6947 9.9526 9.1747 9.8411
5.9052 5.9036 5.9019 5.9002 5.8983 5.8962 5.894 5.928 5.9266 5.9252 5.7999 5.8001 5.8003 5.8007 5.616 5.6191 5.6225 5.5694 5.5711 5.5728 5.5746 5.4412 5.4624 5.4602 5.4926 5.4894 5.4858 5.4818 5.3071 5.2165 5.1745 5.1772 5.4765 6.0738 6.0776 6.082 6.7478 6.757 6.7679 6.7808 6.7958 6.8134 6.8338 6.9499 6.9662 8.5415 8.5919 9.1158 9.1681 9.7264 11.0909 11.1845 11.8025 12.6497 12.6958 13.6727 13.7142 13.7869 14.4662 14.9751 15.4714 15.4825 15.751 15.8552 14.8066 13.812 11.6397 10.9679 10.7133 10.2401 10.2595
5.9034 5.9018 5.9002 5.8984 5.8965 5.9298 5.9286 5.9274 5.9261 5.8006 5.8008 5.801 5.8013 5.6161 5.6189 5.6221 5.5686 5.5701 5.5717 5.5733 5.4631 5.4614 5.4594 5.492 5.4891 5.4858 5.4822 5.3074 5.2167 5.1746 5.4733 5.4766 6.0754 6.0788 6.0827 6.7513 6.7595 6.7691 6.7803 6.7932 6.8081 6.8252 6.9411 7.1639 8.5618 8.6055 8.9265 9.1726 9.7183 11.1021 11.7463 11.7954 12.6492 12.6837 13.6944 13.7255 14.3974 14.4541 14.975 15.4476 15.5248 15.7153 15.7489 15.5601 15.7044 14.4759 13.562 11.693 11.2077 11.273 11.0038
5.9018 5.9002 5.8985 5.8967 5.9302 5.9292 5.928 5.9268 5.8012 5.8014 5.8017 5.8019 5.6161 5.6188 5.6217 5.6247 5.5692 5.5707 5.5722 5.4621 5.4605 5.4939 5.4914 5.4888 5.4858 5.7236 5.3076 5.2168 5.1747 5.4737 5.4767 6.0766 6.0797 6.7476 6.754 6.7614 6.7699 6.7797 6.7909 6.8037 6.8182 6.9341 8.2129 8.2613 8.6154 8.9287 9.1746 10.5396 11.1084 11.7383 11.803 12.6467 13.6892 13.7058 13.7296 14.4125 14.4494 14.918 15.4434 15.4873 15.7052 15.7277 15.5091 15.3592 15.0087 14.605 14.3254 13.9406 12.1057 11.5372 12.0081
5.9002 5.8986 5.8969 5.9307 5.9297 5.9286 5.9275 5.8018 5.802 5.8022 5.8025 5.6161 5.6186 5.6213 5.6241 5.5685 5.5698 5.5711 5.4612 5.4597 5.4932 5.4909 5.4885 5.4858 5.7238 5.5722 5.2169 5.1748 5.5715 6.0752 6.0777 6.0805 6.7504 6.7562 6.7629 6.7705 6.7791 6.7889 6.8 6.8125 6.8265 8.2253 8.2679 8.6226 8.9299 10.4845 10.5454 11.1118 11.7319 11.7843 13.0477 13.6981 13.712 13.7306 14.422 14.4477 14.9062 15.4435 15.4704 15.7277 15.722 15.4268 15.2381 15.1108 14.6054 14.0649 14.308 14.4839 14.5511 12.8882 12.4014
5.8987 5.8971 5.9311 5.9301 5.9291 5.9281 5.8023 5.8025 5.8027 5.803 5.6162 5.6185 5.621 5.6236 5.5678 5.569 5.5702 5.4604 5.459 5.4925 5.4905 5.4882 5.4858 5.7241 5.5723 5.4817 5.1748 5.5717 6.0762 6.0785 6.0811 6.7527 6.758 6.764 6.7708 6.7785 6.7871 6.7969 6.8077 8.203 8.2352 8.2729 8.6278 8.9304 10.4971 10.776 10.8366 11.7266 11.7697 13.0531 13.7037 13.7153 13.7303 14.4282 14.4472 14.9007 15.4446 15.4624 15.7185 15.7197 15.3902 15.3483 15.1392 14.7114 14.4024 14.1467 13.9467 14.4098 14.8088 14.6427 13.6739
5.8973 5.9314 5.9306 5.9296 5.9287 5.8028 5.803 5.8032 5.8034 5.6162 5.6184 5.6207 5.6231 5.5672 5.5683 5.5694 5.4596 5.4583 5.4919 5.49 5.488 5.4857 5.7243 5.5724 5.4818 5.4822 5.5718 6.0771 6.0793 6.0816 6.7546 6.7595 6.7649 6.771 6.7779 6.7856 6.7942 6.8037 8.2143 8.2432 8.2767 8.8992 8.9306 10.5068 10.7783 10.8299 11.7222 11.7582 13.0561 13.7073 13.7171 14.4217 14.4326 14.8756 14.8982 15.4457 15.4582 15.7179 15.7186 15.3732 15.3444 14.7944 14.7337 14.4775 14.1655 14.1093 14.2304 14.2984 14.6189 15.2447 14.9483
5.9318 5.9309 5.9301 5.9292 5.8032 5.8034 5.8036 5.8038 5.6162 5.6183 5.6204 5.6227 5.5666 5.5676 5.5687 5.4589 5.493 5.4914 5.4896 5.4877 5.4857 5.7244 5.5725 5.4819 5.4822 5.572 6.0779 6.0799 6.7522 6.7562 6.7606 6.7656 6.7712 6.7773 6.7842 6.7918 6.8002 8.2235 8.2497 8.2796 8.9029 9.9827 10.0354 10.7799 10.8244 11.7185 12.816 13.7028 13.7096 13.7179 14.4269 14.4359 14.8797 14.8971 14.9189 15.456 15.7175 15.7181 15.3646 15.3441 14.7832 14.7445 14.5101 14.1883 14.1437 14.1501 14.3698 14.3532 14.6459 15.1974 15.2149
5.9313 5.9305 5.9296 5.8036 5.8038 5.8039 5.8042 5.6162 5.6182 5.6202 5.6223 5.5661 5.5671 5.568 5.4583 5.4924 5.4909 5.4893 5.4875 5.4856 5.7245 5.5726 5.482 5.5704 5.572 6.0785 6.0804 6.7538 6.7575 6.7616 6.7662 6.7712 6.7768 6.783 6.7898 6.7973 8.2313 8.2549 8.2819 9.9499 9.9904 10.037 10.7811 10.8197 11.7153 12.8138 13.7051 13.7111 13.7182 14.4309 14.4383 14.883 14.8969 14.9688 15.4548 15.4839 15.7177 15.3599 15.3447 14.7783 14.7516 14.4468 14.2005 14.1854 14.164 14.3379 14.5094 14.5592 14.9198 15.0969 15.0351
5.9309 5.9301 5.8039 5.8041 5.8043 5.8045 5.6163 5.6181 5.62 5.622 5.5657 5.5665 5.5674 5.5684 5.4919 5.4905 5.4889 5.4873 5.7258 5.7247 5.5727 5.482 5.5706 5.5721 6.0791 6.0808 6.7552 6.7586 6.7624 6.7666 6.7712 6.7763 6.7819 6.788 6.7947 8.2378 8.2593 8.2836 9.9603 9.9967 10.0381 10.7819 10.8157 12.783 12.8119 12.8445 13.712 13.7182 14.4339 14.8766 14.8858 14.897 14.9659 15.473 15.4813 15.7175 15.3573 15.3456 14.7761 14.7566 14.4533 14.2083 14.1981 14.1724 14.1775 14.5567 14.5859 14.9155 15.0036 15.086 14.936
5.9305 5.8043 5.8044 5.8046 5.8048 5.6163 5.618 5.6198 5.6216 5.5652 5.5661 5.5669 5.5678 5.4914 5.4901 5.4886 5.4871 5.7258 5.7247 5.5727 5.4821 5.5707 6.0781 6.0796 6.0811 6.7564 6.7596 6.7631 6.7669 6.7711 6.7758 6.7808 6.7864 6.7924 8.2433 8.2629 8.285 9.969 10.0018 10.0389 10.7824 10.8123 12.785 12.8104 12.8389 13.7126 13.718 14.4363 14.8803 14.888 14.8973 14.9641 15.4729 15.4795 15.7173 15.3557 14.9417 14.7753 14.4738 14.4579 14.4375 14.2064 14.1783 14.1816 14.583 14.6249 14.6635 14.7933 14.8503 14.9599 14.8927
5.8046 5.8047 5.8049 5.8051 5.6163 5.6179 5.6196 5.6213 5.5648 5.5656 5.5664 5.5672 5.4909 5.4897 5.4883 5.4869 5.7258 5.7248 5.7462 5.4821 5.5709 6.0786 6.08 6.0814 6.7574 6.7604 6.7636 6.7672 6.7711 6.7753 6.7799 6.785 6.7904 8.2479 8.2659 8.286 9.9764 10.0061 10.0395 10.7827 11.8782 12.7867 12.8092 12.8342 13.7129 14.4344 14.4575 14.8834 14.89 14.8978 14.9629 15.4729 15.4783 15.3657 15.3547 14.9396 14.9255 14.5959 14.4613 14.4459 14.2122 14.1827 14.185 14.3158 14.5187 14.6605 14.792 14.8288 14.9718 14.9448 14.859
5.805 5.8051 5.8053 5.6163 5.6178 5.6194 5.6211 5.5645 5.5652 5.566 5.5667 5.4905 5.4893 5.4881 5.4867 5.7258 5.7249 5.7464 5.4822 5.571 6.079 6.0803 6.7557 6.7583 6.761 6.7641 6.7674 6.771 6.7749 6.7791 6.7837 6.7887 8.2519 8.2684 8.2868 9.9826 10.0097 10.0398 10.0733 11.8798 11.9166 12.8081 12.8303 13.713 14.4365 14.4596 14.8859 14.8916 14.9528 14.9621 14.9729 15.4775 15.3642 15.3541 14.9383 14.9267 14.5967 14.4639 14.4519 14.3592 14.1861 14.1877 14.3178 14.5262 14.6618 14.7961 14.8244 14.7707 14.9636 14.8989 15.0134
5.8054 5.8056 5.6163 5.6178 5.6193 5.6208 5.5642 5.5648 5.5655 5.5663 5.4901 5.489 5.4878 5.4866 5.7258 5.7249 5.7465 5.4822 5.5711 6.0794 6.0806 6.7566 6.759 6.7616 6.7644 6.7675 6.7708 6.7744 6.7783 6.7825 8.2415 8.2553 8.2705 8.2874 9.9879 10.0127 10.04 10.0703 11.8811 11.9142 12.8072 12.827 13.7131 14.4574 14.8839 14.8881 14.893 14.9537 14.9616 14.9708 15.4769 15.3631 15.358 14.9375 14.6073 14.5975 14.466 14.4565 14.3658 14.1888 14.19 14.3199 14.5321 14.4884 14.5012 14.6824 14.7638 14.9749 14.9851 15.0458 15.2092
5.8058 5.6164 5.6177 5.6191 5.6206 5.5639 5.5645 5.5652 5.5658 5.4897 5.4887 5.4876 5.7266 5.7258 5.7474 5.7466 5.5951 5.7812 6.0798 6.0809 6.7574 6.7597 6.7621 6.7648 6.7676 6.7707 6.774 6.7776 6.7815 8.2454 8.2582 8.2723 8.2878 9.9925 10.0152 10.0402 10.0677 11.8823 11.9121 12.8064 13.126 13.713 14.4592 14.8862 14.8899 14.8943 14.9544 14.9613 14.9692 15.4764 15.3623 15.3579 14.937 14.6065 14.5982 14.4678 14.46 14.3707 14.1911 14.192 14.3219 14.5368 14.4899 14.4991 14.6844 14.7487 14.7713 15.0 15.0162 15.2352 15.5362
5.6164 5.6176 5.619 5.6204 5.5636 5.5642 5.5648 5.5654 5.4894 5.4884 5.4874 5.7265 5.7258 5.7474 5.7467 5.5951 5.7813 6.0801 6.0811 6.7581 6.7603 6.7626 6.765 6.7677 6.7706 6.7737 6.777 6.7805 8.2488 8.2608 8.2738 8.2882 9.9965 10.0173 10.0402 10.0653 11.8833 11.9104 12.8057 13.1239 13.1417 14.4607 14.8882 14.8915 14.8954 14.9551 14.9611 14.968 15.4761 15.3617 14.9475 14.9368 14.6061 14.599 14.4693 14.4628 14.3745 14.3672 14.1936 14.3237 14.3578 14.4916 14.4984 14.4337 14.7548 14.7727 15.0072 15.2257 15.2469 15.5633 15.5873
5.6176 5.6189 5.6202 5.5633 5.5639 5.5645 5.5651 5.4891 5.4881 5.4872 5.7265 5.7258 5.7475 5.7468 5.5952 5.7813 6.0803 6.0813 6.7588 6.7608 6.7629 6.7652 6.7677 6.7704 6.7733 6.7764 6.7797 8.2518 8.263 8.2751 8.2884 9.9999 10.0191 10.0402 10.0631 11.8841 11.9088 12.8051 13.1221 13.1382 14.462 14.8899 14.8929 14.8963 14.9557 14.9611 14.9307 15.4759 15.3613 14.9468 14.9366 14.6058 14.5997 14.4705 14.465 14.4588 14.3714 14.195 14.3254 14.3585 14.4932 14.4984 14.4317 14.7591 14.7734 15.0109 15.2361 15.5653 15.5767 15.5943 15.9227
5.6188 5.62 5.5631 5.5636 5.5642 5.5647 5.4888 5.4879 5.487 5.7264 5.7258 5.7475 5.7468 5.5952 5.7814 6.0805 6.7576 6.7593 6.7612 6.7632 6.7654 6.7678 6.7703 6.773 6.7758 6.7789 8.2545 8.2649 8.2762 8.2885 10.0029 10.0207 10.0401 10.0612 11.8848 11.9075 12.8045 13.1206 13.1352 14.889 14.8914 14.8941 14.9521 14.9563 14.9611 14.9301 15.4757 15.0579 14.9463 14.6398 14.6057 14.6004 14.5943 14.4669 14.4616 14.3748 14.1963 14.3269 14.3593 14.4946 14.4988 14.4305 14.7621 14.8364 15.0129 15.2423 15.5746 15.5838 15.5971 15.9362 15.9512
5.6199 5.5629 5.5634 5.5639 5.5644 5.4885 5.4877 5.4868 5.7264 5.7481 5.7475 5.7469 5.8941 6.0799 6.0808 6.7581 6.7598 6.7616 6.7635 6.7656 6.7678 6.7701 6.7726 6.7753 6.7782 8.2568 8.2666 8.2771 8.2886 10.0056 10.0221 10.04 11.8664 11.8855 11.9063 12.8041 13.1193 13.5789 14.8905 14.8927 14.8952 14.9531 14.9569 14.9611 14.9296 15.0581 15.0574 14.9459 14.6393 14.6057 14.601 14.5957 14.4685 14.4639 14.3775 14.1973 14.3554 14.36 14.4959 14.4232 14.4298 14.7643 14.8372 14.8514 15.2606 15.5804 15.5879 15.5981 15.9436 15.9546 16.2202
5.5627 5.5632 5.5636 5.5641 5.4882 5.4874 5.4866 5.7263 5.7481 5.7475 5.7469 5.8942 6.0801 6.0809 6.7587 6.7602 6.7619 6.7638 6.7657 6.7678 6.77 6.7723 6.7748 6.7775 8.2589 8.268 8.2779 8.2886 10.0079 10.0232 10.0398 11.8684 11.8861 11.9052 11.9259 13.1182 13.5776 14.8919 14.8939 14.8962 14.9539 14.9574 14.9612 14.9293 15.0576 15.057 14.9456 14.6389 14.6341 14.6016 14.5969 14.4698 14.4658 14.3798 14.3756 14.3569 14.3608 14.4972 14.4239 14.5717 14.766 14.8377 14.8493 15.2638 15.5841 15.5903 15.5984 15.9481 15.9563 16.224 16.2353
5.5629 5.5634 5.5639 5.488 5.4872 5.7268 5.7263 5.7481 5.7476 5.9141 5.8942 6.0803 6.0811 6.7591 6.7606 6.7622 6.764 6.7658 6.7677 6.7698 6.772 6.7744 6.7769 8.2607 8.2693 8.2786 8.2886 10.0099 10.0242 10.0397 11.8701 11.8865 11.9042 11.9233 13.1172 13.5764 14.8931 14.895 14.897 14.9547 14.9578 14.9249 14.929 15.0572 15.0566 14.9453 14.6386 14.6343 14.6021 14.598 14.471 14.4675 14.3816 14.3781 14.3582 14.2272 14.2313 14.5646 14.5468 14.7672 14.838 14.8477 15.266 15.5866 15.5918 15.946 15.9509 15.9573 16.2265 16.2346 16.3714
5.5632 5.5636 5.4878 5.487 5.7267 5.7262 5.7481 5.7476 5.9141 5.8942 6.0805 6.7582 6.7595 6.761 6.7625 6.7641 6.7659 6.7677 6.7697 6.7717 6.7739 8.2548 8.2624 8.2705 8.2792 9.9993 10.0117 10.0251 10.0395 11.8717 11.887 11.9034 11.921 13.563 13.5754 14.8942 14.8959 14.9528 14.9554 14.9582 14.9251 14.9288 15.0569 15.0564 14.9452 14.6384 14.6346 14.6026 14.5989 14.472 14.4689 14.3832 14.3801 14.3593 14.2278 14.2313 14.5668 14.5481 14.7682 14.8382 14.8464 15.5848 15.5883 15.5927 15.9487 15.9527 15.9579 16.2283 16.2561 16.3686 16.3098
5.5634 5.5638 5.4869 5.7266 5.7262 5.7481 5.7476 5.9141 5.8943 6.0807 6.7586 6.7599 6.7613 6.7627 6.7643 6.7659 6.7677 6.7695 6.7715 6.7735 8.2567 8.2638 8.2715 8.2797 10.0017 10.0133 10.0259 10.0393 11.8732 11.8874 11.9026 11.919 13.563 13.5745 14.8952 14.8968 14.9537 14.956 14.9586 14.9252 14.9286 14.9322 15.0562 14.9451 14.6383 14.6348 14.603 14.5997 14.4728 14.4701 14.3845 14.3818 14.3604 14.2283 14.2313 14.5685 14.5491 14.8322 14.8383 14.8453 15.5864 15.5895 15.5933 15.9507 15.954 15.9583 16.2506 16.3587 16.3668 16.3054 16.2986
5.5636 5.4867 5.7266 5.7485 5.748 5.7476 5.9141 5.8943 6.0808 6.759 6.7603 6.7616 6.763 6.7644 6.766 6.7676 6.7694 6.7712 6.7732 8.2584 8.2651 8.2724 8.2801 10.0038 10.0148 10.0265 10.0391 11.8744 11.8877 11.9019 11.9171 13.563 13.5737 14.8961 14.8975 14.9544 14.9566 14.959 14.9254 14.9285 14.9318 14.6796 14.945 14.6382 14.635 14.6035 14.6005 14.4736 14.4712 14.4685 14.3832 14.3613 14.2287 14.2314 14.57 14.5499 14.8331 14.8384 15.18 15.5877 15.5904 15.5936 15.9521 15.955 15.9585 16.2521 16.3593 16.3656 16.3027 16.2972 16.3449
5.4865 5.7265 5.7484 5.748 5.7476 5.9141 5.8943 6.081 6.7594 6.7606 6.7618 6.7631 6.7645 6.766 6.7676 6.7692 6.771 6.7728 8.2599 8.2663 8.2732 8.2805 10.0057 10.0161 10.0271 10.039 11.8756 11.888 11.9013 11.9155 13.5631 13.573 14.8969 14.8982 14.9551 14.9571 14.9593 14.9256 14.9284 14.5488 14.6793 14.6165 14.6381 14.6352 14.6039 14.6012 14.5982 14.4721 14.4697 14.3845 14.4632 14.2291 14.3471 14.5712 14.5505 14.8338 14.8384 15.1801 15.5886 15.591 15.9511 15.9532 15.9557 16.25 16.2532 16.3597 16.3648 16.301 16.2964 16.3461 16.3382
