normal_rasters/0772100000296999.ascii
ncols 162 
nrows 154 
xllcorner 158408.431
yllcorner 383854.386993
cellsize 0.25
nodata_value -9999 
[rows 0 to 30 of 154, columns 71 to 141 of 162]
1.8515 1.8579 1.8635 1.8684 1.8726 1.8761 1.8791 2.1621 2.1662 2.5269 2.532 2.9814 2.9886 4.0149 4.2132 4.4699 4.8237 4.826 5.0398 5.0415 5.0431 5.0445 5.0457 5.0468 5.0478 5.0487 5.0494 5.0501 5.0507 5.2327 5.2352 5.2355 5.2357 5.2359 5.2361 5.2363 5.2364 5.2366 5.2367 5.2368 5.2369 5.3158 5.3159 5.3159 5.316 5.2089 5.2085 5.2081 5.2078 4.1661 4.157 3.1828 2.2385 2.2251 1.2189 1.2425 1.2345 0.1748 0.1749 0.1749 0.2067 0.2067 0.2068 0.2068 0.2068 0.2068 5.8602 11.3704 16.9409 22.624 28.3114
1.8538 1.8608 1.8668 1.8719 1.8762 1.8797 2.1627 2.1674 2.5275 2.5333 2.9828 3.562 3.8009 4.2132 4.47 4.8234 4.826 5.0395 5.0415 5.0432 5.0448 5.0462 5.0474 5.0484 5.0494 5.0502 5.0509 5.2326 5.2329 5.2354 5.2357 5.2359 5.2362 5.2364 5.2365 5.2367 5.2368 5.2369 5.2371 5.3158 5.3159 5.3159 5.316 5.2092 5.2088 5.2084 5.208 5.2077 4.1644 3.1626 3.1803 2.2346 2.2207 1.2162 1.2077 1.2312 0.1748 0.1749 0.1749 0.2067 0.2067 0.2068 0.2068 0.2068 0.2068 5.8541 11.3639 16.9357 22.6204 28.3113 28.3114
1.8573 1.8649 1.8712 1.8763 1.8805 2.1636 2.5205 2.5285 2.5351 2.9848 3.5625 3.8013 4.2132 4.5491 4.8229 4.8259 5.0392 5.0414 5.0434 5.0451 5.0467 5.048 5.0492 5.0502 5.0511 5.0518 5.2328 5.2331 5.2356 5.2359 5.2362 5.2364 5.2366 5.2368 5.237 5.2371 5.2372 5.3158 5.3159 5.3159 5.316 5.316 5.2092 5.2087 5.2083 5.2079 5.2075 4.2061 3.1602 3.1774 2.2303 1.191 1.2132 1.2043 0.1748 0.1748 0.1749 0.1749 0.2067 0.2067 0.2068 0.2068 0.2068 0.2068 0.2069 11.3568 11.4066 22.6165 22.6459 28.3114 28.3115
1.8623 1.8704 1.8768 1.8819 2.1651 2.5207 2.5301 2.8074 2.9876 3.7969 3.8018 4.2131 4.5488 4.8223 4.8257 5.0388 5.0413 5.0436 5.0455 5.0472 5.0487 5.05 5.0511 5.0521 5.0529 5.233 5.2333 5.2359 5.2362 5.2365 5.2367 5.2369 5.2371 5.2373 5.2374 5.3158 5.3159 5.3159 5.316 5.3161 5.2096 5.2091 5.2087 5.2082 5.2078 5.2074 4.2042 3.1574 2.2411 2.2254 1.188 1.2098 1.2006 0.1748 0.1748 0.1749 0.1749 0.175 0.2067 0.2068 0.2068 0.2068 0.2069 0.2069 11.3491 11.4013 22.6122 22.6431 28.3113 28.3115 28.3116
1.8695 1.8777 2.1578 2.1674 2.5213 2.5324 2.8101 3.3633 3.7069 3.8024 4.213 4.5483 4.5524 4.8255 5.0383 5.0412 5.0438 5.046 5.0479 5.0496 5.051 5.0522 5.0532 5.2329 5.2332 5.2358 5.2362 5.2365 5.2368 5.237 5.2373 5.2374 5.2376 5.3158 5.3159 5.316 5.316 5.3161 5.3161 5.2096 5.209 5.2085 5.2081 5.2076 4.2137 3.169 3.1541 2.2363 1.1951 1.1845 1.206 0.1747 0.1748 0.1748 0.1749 0.1749 0.175 0.2067 0.2068 0.2068 0.2068 0.2069 0.2069 5.8719 11.3954 16.9985 22.6399 28.3112 28.3114 28.3116 28.3118
1.8794 2.1591 2.1711 2.5226 2.5361 2.8141 3.3636 3.6026 3.8032 4.2128 4.5476 4.5525 4.8252 5.0376 5.041 5.044 5.0465 5.0487 5.0505 5.0521 5.0534 5.0545 5.2331 5.2335 5.2361 5.2365 5.2369 5.2372 5.2374 5.2376 5.2378 5.3158 5.3159 5.316 5.316 5.3161 5.3162 5.2101 5.2095 5.2089 5.2084 5.2079 5.2075 4.2118 3.1659 3.1503 2.2309 1.1917 1.1806 1.2018 0.1747 0.1747 0.1748 0.1749 0.1749 0.175 0.2067 0.2067 0.2068 0.2068 0.2069 0.2069 5.8653 11.389 16.993 22.6364 28.3111 28.3113 28.3115 28.3117 28.3119
2.162 2.5036 2.5254 2.5418 2.8201 3.3643 3.6029 3.9068 4.2125 4.5467 4.5525 4.8248 4.8295 5.0408 5.0442 5.0471 5.0496 5.0517 5.0534 5.0549 5.2329 5.2334 5.2338 5.2365 5.2369 5.2373 5.2376 5.2379 5.2381 5.3158 5.3159 5.316 5.3161 5.3161 5.3162 5.3163 5.2101 5.2094 5.2088 5.2083 5.2077 5.2073 4.2097 3.1625 3.146 1.2 1.1878 1.1762 0.1429 0.1747 0.1747 0.1748 0.1749 0.1749 0.175 0.2067 0.2067 0.2068 0.2068 0.2069 0.2069 5.8581 11.3818 16.9868 22.6324 28.311 28.3112 28.3114 28.3116 28.3118 28.312
2.4227 2.5309 2.7347 3.1088 3.3653 3.6035 3.9069 4.212 4.2193 4.5525 4.8242 4.8298 5.0404 5.0444 5.0478 5.0507 5.0531 5.055 5.0566 5.2332 5.2338 5.2342 5.2369 5.2374 5.2378 5.2381 5.2384 5.3157 5.3159 5.316 5.3161 5.3162 5.3162 5.3163 5.2107 5.21 5.2093 5.2086 5.2081 5.2075 4.2219 3.4523 3.1584 3.141 1.196 1.1834 1.1713 0.1428 0.1746 0.1747 0.1748 0.1748 0.1749 0.175 0.2067 0.2067 0.2068 0.2068 0.2069 0.2069 0.2069 11.405 16.98 22.6281 28.3109 28.3111 28.3113 28.3115 28.3117 28.3119 28.3121
2.5414 3.1013 3.11 3.5945 3.6044 3.907 4.2112 4.4016 4.5523 4.8232 4.8301 5.0398 5.0446 5.0487 5.052 5.0547 5.0569 5.2328 5.2336 5.2342 5.2369 5.2375 5.238 5.2383 5.2387 5.3157 5.3158 5.316 5.3161 5.3162 5.3163 5.3164 5.3164 5.2106 5.2098 5.2091 5.2084 5.2078 5.1866 4.2199 3.4491 3.1537 2.1118 1.1915 1.1783 1.1658 0.1428 0.1429 0.1747 0.1748 0.1748 0.1749 0.175 0.2067 0.2067 0.2068 0.2068 0.2069 0.2069 0.2069 11.3956 16.9724 22.6232 22.6613 28.311 28.3112 28.3115 28.3117 28.3119 28.3121 28.3122
3.1001 3.1123 3.5926 3.606 3.907 4.2099 4.4012 4.5519 4.6616 4.8304 5.039 5.0449 5.0497 5.0536 5.0567 5.0592 5.2332 5.234 5.2347 5.2375 5.2381 5.2386 5.239 5.3156 5.3158 5.316 5.3161 5.3162 5.3164 5.3164 5.3165 5.2114 5.2105 5.2097 5.2089 5.2082 5.1869 5.1861 4.1541 3.4453 3.1483 2.1074 1.1863 1.1727 0.1111 0.1428 0.1429 0.1747 0.1748 0.1748 0.1749 0.175 0.2067 0.2067 0.2068 0.2068 0.2069 0.2069 0.2069 11.3852 16.9639 22.6178 22.6581 28.3109 28.3111 28.3114 28.3116 28.3118 28.312 28.3122 28.3124
3.1167 3.5898 3.6087 3.9069 3.9167 4.4005 4.6537 4.6619 4.8307 5.0377 5.0451 5.0509 5.0556 5.0593 5.197 5.2337 5.2346 5.2354 5.2383 5.2389 5.2395 5.3156 5.3158 5.316 5.3162 5.3163 5.3164 5.3165 5.3166 5.3167 5.2113 5.2104 5.2095 5.2086 5.1873 5.1864 5.1856 4.1523 3.4409 2.4001 2.1024 1.1804 0.111 0.1111 0.1428 0.1429 0.1747 0.1747 0.1748 0.1749 0.175 0.2067 0.2067 0.2068 0.2068 0.2069 0.2069 0.207 5.9045 11.443 22.6117 22.6544 28.3108 28.311 28.3113 28.3115 28.3117 28.3119 28.3122 28.3123 28.3125
3.5855 3.6138 3.9066 3.9205 4.3992 4.4086 4.6622 4.852 4.9423 5.0452 5.0525 5.0581 5.1964 5.1978 5.2343 5.2354 5.2363 5.2392 5.2399 5.3155 5.3158 5.316 5.3162 5.3164 5.3165 5.3166 5.3167 5.3168 5.2124 5.2112 5.2101 5.2092 5.1877 5.1867 5.1859 5.1851 4.1501 3.4356 2.3956 2.3776 1.4233 0.111 0.1111 0.1428 0.1428 0.1746 0.1747 0.1748 0.1749 0.175 0.2067 0.2067 0.2068 0.2068 0.2069 0.2069 0.207 5.8952 11.434 17.0122 22.6502 28.3107 28.3109 28.3112 28.3114 28.3117 28.3119 28.3121 28.3123 28.3125 28.3127
3.6238 3.9057 4.1105 4.3965 4.4101 4.6622 4.8506 4.9426 5.0452 5.0545 5.0615 5.1971 5.2336 5.2352 5.2364 5.2374 5.2404 5.3153 5.3157 5.316 5.3163 5.3165 5.3166 5.3168 5.3169 5.317 5.3171 5.2123 5.211 5.1896 5.1883 5.1871 5.1861 5.1852 4.617 3.4528 2.4113 2.3904 1.4312 1.4157 0.111 0.1111 0.1427 0.1428 0.1746 0.1747 0.1748 0.1749 0.175 0.2067 0.2067 0.2068 0.2068 0.2069 0.2069 0.207 5.8849 11.4239 17.0039 22.6455 28.3105 28.3108 28.3111 28.3113 28.3116 28.3118 28.312 28.3123 28.3125 28.3127 28.3129
3.9039 4.1167 4.391 4.4122 4.6614 4.7782 4.9428 5.0451 5.0571 5.1951 5.1981 5.2345 5.2364 5.2378 5.241 5.3151 5.3156 5.316 5.3164 5.3166 5.3168 5.317 5.3171 5.3172 5.3173 5.2136 5.2121 5.1905 5.189 5.1876 5.1864 5.1853 5.1844 4.6144 3.9094 2.4066 2.3842 1.4232 0.3613 0.111 0.111 0.1427 0.1428 0.1746 0.1747 0.1748 0.1749 0.175 0.2067 0.2067 0.2068 0.2068 0.2069 0.2069 0.207 0.207 11.4124 16.9945 22.6401 28.3103 28.3106 28.3109 28.3112 28.3115 28.3117 28.312 28.3122 28.3124 28.3126 28.3128 28.313
4.118 4.3791 4.4147 4.6589 4.7801 4.9428 4.9562 5.0607 5.1955 5.1995 5.2358 5.2381 5.2397 5.3147 5.3155 5.316 5.3165 5.3168 5.3171 5.3173 5.3174 5.3175 5.3177 5.3177 5.2135 5.1917 5.1899 5.1882 5.1868 5.1855 5.1844 4.6203 4.6113 2.889 2.8671 2.3769 1.4139 0.3614 0.1109 0.111 0.1427 0.1428 0.1429 0.1747 0.1748 0.1749 0.175 0.2067 0.2067 0.2068 0.2069 0.2069 0.207 0.207 0.2071 11.3995 16.9838 22.634 28.3102 28.3105 28.3108 28.3111 28.3114 28.3116 28.3119 28.3121 28.3124 28.3126 28.3128 28.313 28.6956
4.3548 4.4167 4.6081 4.7824 4.9423 4.9621 5.1878 5.1958 5.2014 5.2378 5.2406 5.2424 5.3152 5.316 5.3166 5.3171 5.3174 5.3176 5.3178 5.318 5.3181 5.3182 5.2153 5.1933 5.191 5.189 5.1873 5.1857 5.1844 5.1833 4.617 3.874 3.4831 2.8613 2.3683 0.8306 0.3615 0.1109 0.111 0.1426 0.1428 0.1429 0.1746 0.1747 0.1749 0.175 0.2066 0.2067 0.2068 0.2069 0.2069 0.207 0.207 0.2388 11.3848 16.9717 22.627 22.6817 28.3103 28.3106 28.311 28.3113 28.3115 28.3118 28.3121 28.3123 28.3126 28.3128 28.313 28.6955 28.6958
4.5182 4.6131 4.786 4.929 5.0918 5.1838 5.1961 5.2043 5.241 5.2444 5.3146 5.316 5.3169 5.3175 5.3179 5.3182 5.3184 5.3186 5.3187 5.3188 5.3188 5.1954 5.1925 5.19 5.1879 5.186 5.1844 5.183 4.7544 4.613 4.1891 3.4776 2.8544 1.78 0.8309 0.3617 0.1109 0.111 0.1111 0.1427 0.1429 0.1746 0.1747 0.1748 0.175 0.2066 0.2067 0.2068 0.2069 0.2069 0.207 0.207 0.2388 11.3679 11.4582 22.6191 22.6775 28.3101 28.3105 28.3108 28.3111 28.3114 28.3117 28.312 28.3123 28.3125 28.3128 28.313 28.6954 28.6958 29.1831
4.5759 4.8072 4.9443 5.0882 5.108 5.1962 5.2383 5.2463 5.3133 5.3158 5.3173 5.3183 5.3188 5.3192 5.3194 5.3196 5.3196 5.3197 5.3196 5.2562 5.1946 5.1914 5.1887 5.1864 5.1844 5.1827 5.1813 4.7506 4.197 4.1845 3.4709 1.7943 1.7786 0.8312 0.3619 0.3604 0.1109 0.1111 0.1427 0.1428 0.1746 0.1747 0.1748 0.175 0.2066 0.2067 0.2068 0.2069 0.2069 0.207 0.2071 0.2388 5.8862 11.4447 17.0343 22.6726 28.3099 28.3103 28.3106 28.311 28.3113 28.3116 28.3119 28.3122 28.3125 28.3127 28.313 28.6953 28.6957 28.6961 29.1837
4.8464 4.9618 5.0839 5.1186 5.1957 5.2436 5.2817 5.3149 5.3181 5.3197 5.3205 5.3209 5.3211 5.3211 5.3211 5.321 5.3578 5.3014 5.1975 5.1933 5.1897 5.1868 5.1843 5.1823 5.149 4.7555 4.2076 4.1923 4.1787 3.4626 1.7942 1.7769 0.8316 0.3621 0.3605 0.1109 0.111 0.1427 0.1428 0.1745 0.1747 0.1748 0.175 0.2066 0.2067 0.2068 0.2069 0.207 0.207 0.2071 0.2388 0.2388 11.4291 17.0223 22.6669 28.3097 28.3101 28.3105 28.3108 28.3112 28.3115 28.3118 28.3121 28.3124 28.3127 28.313 28.6953 28.6957 28.696 29.1836 29.1844
4.9474 5.0924 5.1633 5.1988 5.2677 5.3081 5.3191 5.3231 5.3243 5.3244 5.3572 5.3575 5.3577 5.3579 5.358 5.3035 5.2017 5.196 5.1912 5.1874 5.1842 5.1816 5.1483 5.1468 4.7413 4.2029 4.1862 3.4716 2.4149 1.7942 1.7749 0.8322 0.8276 0.3606 0.1109 0.111 0.1426 0.1428 0.1745 0.1747 0.1748 0.1749 0.2066 0.2067 0.2068 0.2069 0.207 0.207 0.2388 0.2388 0.2388 11.4112 17.0083 22.6602 28.3094 28.3099 28.3103 28.3107 28.311 28.3114 28.3117 28.3121 28.3124 28.3127 28.3129 28.3132 28.6956 28.696 29.1835 29.1843 29.1851
5.1475 5.1788 5.2292 5.2652 5.2971 5.3299 5.3566 5.3579 5.3583 5.3584 5.3585 5.3585 5.3585 5.3585 5.3032 5.2 5.1934 5.1882 5.184 5.1495 5.1472 5.1454 4.7493 4.2177 4.1967 4.1785 3.4007 2.4152 2.3981 0.8387 0.8329 0.8277 0.3607 0.1108 0.111 0.1425 0.1427 0.1744 0.1746 0.1748 0.1749 0.2066 0.2067 0.2068 0.2069 0.207 0.2071 0.2388 0.2388 0.2388 11.3905 16.9921 22.6524 28.3091 28.3096 28.31 28.3105 28.3109 28.3113 28.3116 28.312 28.3123 28.3126 28.3129 28.3132 28.6955 28.6959 29.1833 29.1842 29.1851 29.1859
5.1277 5.2545 5.3527 5.3202 5.3545 5.3746 5.366 5.3625 5.361 5.3602 5.3598 5.3595 5.3334 5.2749 5.1968 5.1893 5.1742 5.1701 5.1669 5.1645 4.7605 4.745 4.2117 4.1885 3.4197 3.3979 2.4154 2.3961 1.4423 0.8338 0.8279 0.3609 0.1107 0.1109 0.1425 0.1427 0.1429 0.1746 0.1748 0.1749 0.2066 0.2067 0.2068 0.2069 0.207 0.2071 0.2388 0.2388 0.2388 11.3665 11.5052 22.6432 28.3088 28.3093 28.3098 28.3103 28.3107 28.3111 28.3115 28.3119 28.3122 28.3126 28.3129 28.3132 28.6954 28.6959 29.1832 29.1841 29.1851 29.1859 29.1867
5.1833 5.3297 5.3515 5.3729 5.3752 5.3781 5.37 5.3654 5.3631 5.3618 5.3362 5.2787 5.2725 5.1821 5.1741 5.1683 5.1641 5.161 5.1588 4.7565 4.7391 4.2037 4.178 3.4189 3.3941 2.4154 2.3936 1.4442 0.8351 0.8283 0.3611 0.3588 0.1109 0.1424 0.1426 0.1428 0.1745 0.1747 0.1749 0.2066 0.2067 0.2068 0.2069 0.207 0.2071 0.2388 0.2388 0.2388 11.3387 11.4862 17.0774 22.7169 28.309 28.3095 28.31 28.3105 28.3109 28.3114 28.3118 28.3122 28.3125 28.3129 28.3132 28.6953 28.6958 29.183 29.184 29.185 29.1859 29.1868 29.1876
5.3555 5.3843 5.3911 5.384 5.3786 5.3731 5.3696 5.3516 5.3469 5.3337 5.2725 5.1857 5.1737 5.1652 5.1593 5.1343 5.1053 5.1038 4.7508 4.7312 4.193 3.4513 3.4175 2.4444 2.4152 2.3903 1.4467 0.8366 0.8288 0.3614 0.3588 0.1108 0.111 0.1426 0.1428 0.1745 0.1747 0.1749 0.2066 0.2067 0.2069 0.207 0.2071 0.2072 0.2388 0.2388 0.2567 5.699 11.4636 17.0793 22.7116 28.3086 28.3092 28.3097 28.3103 28.3107 28.3112 28.3116 28.3121 28.3124 28.3128 28.3132 28.6952 28.6957 29.1828 29.1839 29.1849 29.1859 29.1868 29.1877 29.1885
5.4009 5.4585 5.4671 5.4516 5.4332 5.3947 5.3893 5.3288 5.271 5.2614 5.1516 5.1401 5.1324 5.1275 5.0986 5.097 4.7691 4.7429 4.1977 4.1597 3.4548 3.4151 2.4486 2.4147 2.386 1.4501 0.8387 0.8296 0.3619 0.3588 0.1107 0.111 0.1425 0.1428 0.1744 0.1747 0.1749 0.2066 0.2067 0.2069 0.207 0.2071 0.2388 0.2388 0.2388 0.2567 0.2568 11.437 17.0603 22.7049 28.3082 28.3088 28.3094 28.31 28.3105 28.311 28.3115 28.312 28.3124 28.3128 28.3131 28.6951 28.6957 28.6962 29.1837 29.1849 29.1859 29.1869 29.1878 29.1887 29.1895
5.4101 5.4535 5.4985 5.5011 5.4148 5.3575 5.284 5.1946 5.1962 5.0922 5.0799 5.072 5.0675 5.0856 5.0853 4.7179 4.2574 4.2024 4.1564 3.4584 3.4112 2.4535 2.4136 2.3804 1.4546 0.8416 0.8307 0.3625 0.3588 0.1106 0.1109 0.1424 0.1427 0.1743 0.1746 0.1749 0.2065 0.2067 0.2069 0.207 0.2072 0.2388 0.2388 0.2388 0.2567 0.2568 11.4054 17.0375 22.6968 28.3078 28.3084 28.3091 28.3097 28.3103 28.3108 28.3113 28.3118 28.3123 28.3127 28.3131 28.695 28.6956 28.6961 29.1836 29.1848 29.1859 29.1869 29.1879 29.1888 29.1897 29.1905
5.3975 5.4389 5.4876 5.4367 5.3192 5.2713 5.2018 5.1839 5.0975 5.077 5.0644 5.0582 5.0559 5.0558 4.7254 4.2762 4.2076 4.151 3.4617 3.4051 2.4592 2.4118 2.373 1.4607 0.8454 0.8323 0.8212 0.359 0.1105 0.1108 0.1423 0.1426 0.1743 0.1746 0.1749 0.2065 0.2067 0.2069 0.2071 0.2072 0.2388 0.2388 0.2388 0.2567 0.8268 11.3679 11.5363 17.1691 28.3073 28.308 28.3087 28.3094 28.31 28.3106 28.3112 28.3117 28.3122 28.3126 28.3131 28.3135 28.6955 28.6961 29.1834 29.1847 29.1859 29.187 29.188 29.189 29.1899 29.1908 29.1915
5.3677 5.3804 5.3934 5.3401 5.2572 5.2156 5.1883 5.1103 5.0741 5.0514 5.0416 5.0399 5.0418 4.735 4.3006 4.2136 3.5513 3.4644 3.3955 2.4658 2.409 2.3633 1.4685 1.4423 0.8346 0.8212 0.3593 0.1103 0.1107 0.1421 0.1426 0.1741 0.1745 0.1749 0.2065 0.2067 0.2069 0.2071 0.2073 0.2388 0.2388 0.2388 0.2567 0.8269 6.2809 11.5092 17.1525 28.3067 28.3075 28.3082 28.309 28.3097 28.3103 28.3109 28.3115 28.3121 28.3126 28.313 28.3135 28.6953 28.696 29.1832 29.1845 29.1858 29.187 29.1882 29.1892 29.1902 29.1911 29.2899 29.2904
5.2916 5.2947 5.3559 5.3003 5.1637 5.1862 5.1551 5.0721 5.0324 5.0094 5.0097 4.9479 4.7475 4.3332 4.2203 3.5747 3.4652 3.3805 2.4734 2.4048 2.3504 1.4778 1.4476 0.838 0.8216 0.3597 0.3545 0.1105 0.1419 0.1424 0.1429 0.1745 0.1749 0.2065 0.2068 0.207 0.2072 0.2074 0.2388 0.2388 0.2566 0.2567 0.827 0.8303 12.047 17.1317 23.3345 28.3069 28.3077 28.3085 28.3093 28.31 28.3107 28.3113 28.3119 28.3125 28.313 28.3135 28.6952 28.6959 29.1829 29.1844 29.1858 29.1871 29.1883 29.1894 29.1904 29.1914 29.2902 29.2907 29.2912
5.2212 5.1846 5.1709 5.2267 5.1992 5.1494 5.0707 5.045 4.923 4.9093 4.9203 4.708 4.6241 4.228 3.6011 3.4619 3.357 2.4825 2.3989 1.5368 1.4912 1.4535 0.8431 0.8224 0.3605 0.354 0.1104 0.1109 0.1423 0.1428 0.1744 0.1749 0.2065 0.2068 0.207 0.2073 0.2388 0.2388 0.2388 0.2567 0.2568 0.8271 0.8308 12.0052 12.1989 23.3187 28.3062 28.3071 28.308 28.3089 28.3097 28.3104 28.3111 28.3117 28.3124 28.3129 28.3134 28.695 28.6958 29.1826 29.1843 29.1858 29.1872 29.1884 29.1896 29.1908 29.1918 29.2905 29.2911 29.2916 29.4368
5.1447 5.1768 5.1792 5.2149 5.1591 5.0548 4.9809 4.9171 4.8212 4.8646 4.7399 4.635 4.1651 3.6262 3.4497 3.3205 2.4937 2.3915 1.5715 1.5111 1.4616 0.8508 0.8241 0.3617 0.3535 0.1101 0.1107 0.1421 0.1427 0.1743 0.1748 0.2065 0.2068 0.2071 0.2074 0.2388 0.2388 0.2388 0.2567 0.2568 0.8274 0.8315 6.3213 12.1705 17.82 27.7096 28.3064 28.3074 28.3084 28.3092 28.3101 28.3108 28.3116 28.3122 28.3128 28.3134 28.6948 28.6957 29.1823 29.1841 29.1857 29.1872 29.1886 29.1899 29.1911 29.1922 29.2908 29.2914 29.4368 29.4371 29.4374
