normal_rasters/0772100000296999.ascii
ncols 162 
nrows 154 
xllcorner 158408.431
yllcorner 383854.386993
cellsize 0.25
nodata_value -9999 
[rows 31 to 61 of 154, columns 71 to 141 of 162]
5.0386 5.0711 5.1783 5.0368 4.9434 4.8195 4.8203 4.8559 4.8475 4.7554 4.6427 4.1863 3.9689 3.4193 3.2647 2.5096 2.3851 1.6242 1.5415 1.4745 0.8629 0.8272 0.3636 0.353 0.1097 0.1105 0.1418 0.1426 0.1741 0.1748 0.2064 0.2069 0.2072 0.2075 0.2388 0.2388 0.2388 0.2567 0.8227 0.8278 0.8323 6.2863 12.1343 17.7926 27.7093 28.3056 28.3067 28.3078 28.3087 28.3097 28.3105 28.3113 28.3121 28.3127 28.3134 28.6946 28.6956 28.6964 29.1839 29.1856 29.1873 29.1888 29.1902 29.1914 29.1926 29.2912 29.2919 29.4371 29.4374 29.4377 29.5156
4.8644 4.986 4.9146 4.9117 4.7887 4.6171 4.6307 4.6792 4.5871 4.4978 4.1633 3.894 3.3568 2.7153 2.5396 2.3888 1.7071 1.5898 1.4956 1.4236 0.8331 0.3669 0.3527 0.1092 0.1102 0.1414 0.1425 0.1739 0.1747 0.2064 0.2069 0.2073 0.2077 0.2388 0.2388 0.2565 0.2567 0.8225 0.8283 0.8334 2.378 13.6264 20.4088 25.4352 27.7109 28.3059 28.3071 28.3082 28.3092 28.3102 28.3111 28.3119 28.3126 28.3133 28.314 28.6954 28.6964 29.1836 29.1855 29.1873 29.189 29.1905 29.1919 29.2908 29.2916 29.2923 29.4374 29.4378 29.4381 29.5159 29.5161
4.749 4.7413 4.87 4.5823 4.5821 4.5654 4.5688 4.4625 4.3829 4.2311 3.7919 3.2458 3.0843 2.6145 2.4292 1.8417 1.6694 1.5316 1.428 0.8439 0.7923 0.3526 0.3386 0.1098 0.1409 0.1422 0.1736 0.1747 0.2064 0.207 0.2075 0.2388 0.2388 0.2388 0.2565 0.2567 0.8225 0.8291 2.361 2.3807 13.5616 16.4543 23.3498 27.7106 28.3049 28.3062 28.3075 28.3087 28.3097 28.3107 28.3116 28.3125 28.3133 28.314 28.6952 28.6963 29.1833 29.1854 29.1874 29.1892 29.1908 29.1923 29.2912 29.2921 29.2928 29.4378 29.4382 29.4385 29.5163 29.5165 29.6048
4.6088 4.51 4.4439 4.1482 4.1756 4.307 4.2996 4.2605 4.1664 3.6522 3.3723 3.0866 2.8171 2.5687 2.0632 1.8045 1.5951 1.4393 0.8642 0.7882 0.3531 0.3335 0.109 0.14 0.1418 0.1433 0.1746 0.2064 0.2072 0.2077 0.2388 0.2388 0.2388 0.2565 0.2568 0.8226 0.8302 2.362 2.3844 10.1037 16.41 23.3308 27.7102 27.7125 28.3053 28.3067 28.308 28.3092 28.3103 28.3114 28.3123 28.3132 28.314 28.695 28.6962 29.1829 29.1853 29.1874 29.1894 29.1912 29.1928 29.2917 29.2926 29.2934 29.4382 29.4386 29.5165 29.5167 29.6053 29.605 29.6047
4.3467 4.1931 3.9711 3.8836 3.875 3.8358 3.8866 3.8491 3.7195 3.4677 3.0447 3.0775 2.9424 2.3917 2.0323 1.7103 1.4663 0.903 0.7846 0.3552 0.326 0.1078 0.1386 0.1412 0.1432 0.1744 0.2064 0.2074 0.2081 0.2388 0.2388 0.2388 0.2565 0.8125 0.8229 0.8317 2.3638 2.3893 7.3333 16.3513 23.3049 23.3838 27.7121 28.3041 28.3057 28.3072 28.3086 28.3099 28.311 28.3121 28.3131 28.314 28.6947 28.696 29.1825 29.1851 29.1875 29.1896 29.1916 29.1933 29.2921 29.2931 29.4383 29.4387 29.4391 29.5169 29.5172 29.6055 29.6052 29.5587 29.5579
4.1 3.91 3.8036 3.8262 3.7702 3.6821 3.7038 3.667 3.6076 3.1034 2.9771 2.9215 2.6097 2.3724 1.9239 1.5301 0.9777 0.7815 0.3601 0.3141 0.1057 0.109 0.1401 0.1431 0.1742 0.2065 0.2077 0.2086 0.2388 0.2388 0.2388 0.2566 0.811 0.8235 0.8338 2.3667 2.3961 7.3324 16.2736 19.3748 23.3627 27.7115 27.7144 28.3045 28.3062 28.3078 28.3093 28.3106 28.3118 28.3129 28.3139 28.6944 28.6959 29.182 29.1849 29.1875 29.1899 29.192 29.2915 29.2927 29.2938 29.4387 29.4392 29.4397 29.5174 29.5177 29.6058 29.6054 29.5588 29.558 29.5573
3.8364 3.8327 3.8053 3.7415 3.6974 3.7041 3.6718 3.5095 3.2816 3.0382 2.5933 2.5251 2.3213 2.212 1.5796 1.2848 0.7665 0.3656 0.293 0.1018 0.1069 0.138 0.1428 0.1738 0.2067 0.2083 0.2093 0.2388 0.2388 0.2561 0.2566 0.8095 0.8245 0.8368 2.3711 4.6038 7.3317 12.82 18.0743 23.3326 25.6654 27.714 27.717 28.305 28.3069 28.3086 28.3101 28.3115 28.3128 28.3139 28.694 28.6957 28.6971 29.1846 29.1876 29.1902 29.1926 29.292 29.2933 29.2945 29.4393 29.4398 29.4403 29.518 29.5182 29.606 29.6056 29.5589 29.5581 29.5573 29.4606
3.7638 3.7625 3.7584 3.7223 3.5659 3.5427 3.5237 3.5013 2.9266 2.7623 2.4093 2.0681 1.9447 1.6578 1.451 0.6989 0.2882 0.2467 0.0949 0.1022 0.1332 0.142 0.1732 0.2071 0.2093 0.2388 0.2388 0.2388 0.256 0.2567 0.8078 0.8264 2.3284 2.378 5.7871 7.3314 7.395 17.9939 23.2902 23.4069 27.7131 27.7168 28.3036 28.3057 28.3077 28.3095 28.3111 28.3125 28.3138 28.6935 28.6954 28.6971 29.1843 29.1876 29.1905 29.1932 29.2926 29.294 29.2952 29.4399 29.4404 29.4409 29.5186 29.6068 29.6063 29.6059 29.559 29.5581 29.4615 29.4605 29.4319
3.5381 3.5673 3.5336 3.4926 3.1775 2.9566 2.7927 2.8534 2.7989 2.6828 2.2635 1.779 1.6191 1.1164 0.8307 0.1765 0.1532 0.0793 0.0921 0.1201 0.1392 0.1724 0.2081 0.2112 0.2388 0.2388 0.2389 0.2559 0.2568 0.806 0.8297 2.328 2.3886 5.7847 7.3319 8.565 15.7916 20.0408 23.3721 25.6913 27.7162 27.72 28.3043 28.3066 28.3087 28.3106 28.3122 28.3137 28.315 28.6951 28.697 29.1839 29.1876 29.1909 29.1938 29.2932 29.2948 29.4398 29.4406 29.4412 29.5189 29.5192 29.6071 29.6066 29.5601 29.5591 29.5581 29.4615 29.4604 29.4317 29.4309
3.2603 3.178 3.0071 2.4447 2.35 2.442 2.3719 2.4229 2.5997 2.6104 2.1544 1.5484 0.9867 0.8243 0.5755 0.2225 0.0793 0.0793 0.0828 0.1262 0.1728 0.2113 0.2151 0.2388 0.2389 0.2389 0.2559 0.7639 0.8044 0.8353 2.3298 3.5584 5.7826 5.8418 8.5673 10.8869 19.9597 23.3198 25.6775 27.715 27.7197 28.3024 28.3052 28.3076 28.3099 28.3119 28.3136 28.3151 28.6946 28.6969 29.1834 29.1876 29.1913 29.1946 29.2939 29.2957 29.4406 29.4413 29.442 29.5196 29.52 29.6074 29.6069 29.5603 29.5592 29.5581 29.4613 29.4325 29.4315 29.4306 29.4298
3.3918 2.8627 2.6816 2.3851 2.2657 2.1673 2.1475 1.8518 1.4322 1.1593 0.9676 0.9126 0.8088 0.6495 0.2694 0.0793 0.0792 0.089 0.0824 0.1915 0.2201 0.2218 0.2388 0.2389 0.2532 0.2558 0.7461 0.8033 1.18 2.3356 3.5679 5.7814 5.8559 8.5707 10.8902 15.8451 21.9168 24.7636 27.713 27.7189 27.724 28.3033 28.3063 28.309 28.3113 28.3134 28.3151 28.6941 28.6967 29.1827 29.1875 29.1918 29.2925 29.2947 29.2967 29.4414 29.4422 29.4429 29.5205 29.6085 29.6078 29.6072 29.5604 29.5592 29.5581 29.4334 29.4323 29.4313 29.4303 29.4295 29.4287
3.8163 2.9746 2.4998 2.2006 2.1874 2.1516 1.9232 1.4836 1.1615 0.8318 0.3362 0.2504 0.3754 0.1352 0.0988 0.0793 0.0854 0.1002 0.1624 0.2351 0.2326 0.2389 0.2389 0.2513 0.2557 0.7181 0.8036 1.1894 2.6779 3.9288 5.7825 5.8787 8.5758 10.8944 15.7456 21.8307 22.0276 25.7128 27.7172 27.7236 28.3009 28.3045 28.3078 28.3106 28.3131 28.3152 28.6934 28.6964 29.1818 29.1874 29.1923 29.2931 29.2957 29.2979 29.4423 29.4432 29.444 29.5215 29.609 29.6083 29.6076 29.5606 29.5593 29.4624 29.4333 29.4321 29.431 29.43 29.429 29.4282 26.367
4.4617 3.761 2.5948 2.1273 2.0246 1.9178 1.5363 1.1277 0.9803 0.479 0.3338 0.3135 0.2467 0.2041 0.1449 0.1032 0.0987 0.138 0.212 0.2292 0.239 0.239 0.2471 0.2549 0.2598 1.1048 1.2108 2.3517 3.9266 5.7886 8.4591 8.5838 10.9003 13.1337 18.4013 21.9532 24.798 27.7142 27.7224 27.7293 28.3021 28.3061 28.3096 28.3127 28.3152 28.6925 28.6961 29.1807 29.1872 29.1929 29.2939 29.2968 29.2993 29.4434 29.4444 29.5221 29.5226 29.6095 29.6087 29.608 29.5607 29.5593 29.4345 29.4331 29.4318 29.4306 29.4295 29.4286 29.4277 26.3626 26.3333
4.8395 4.1663 3.7507 2.372 1.7398 1.7129 1.0805 0.8434 0.7626 0.4673 0.3304 0.3027 0.2561 0.2319 0.2147 0.1566 0.1607 0.1729 0.2171 0.2389 0.239 0.2418 0.2501 0.2643 1.0504 1.2304 3.6892 3.9283 5.806 8.4197 8.5971 10.9089 13.1329 18.2711 21.8282 24.734 26.3311 27.7197 27.7288 28.2988 28.3039 28.3083 28.312 28.3151 28.6913 28.6956 28.6993 29.187 29.1936 29.2948 29.2982 29.4433 29.4447 29.4458 29.5234 29.5751 29.6101 29.6092 29.5626 29.5608 29.5592 29.4343 29.4328 29.4314 29.4301 29.429 29.428 29.4271 26.3572 26.3258 19.7052
5.6174 4.5876 3.8647 3.6594 3.2481 2.1187 0.9623 0.6641 0.454 0.4526 0.3273 0.2888 0.2657 0.2464 0.2363 0.2194 0.2043 0.2069 0.2389 0.239 0.2484 0.2478 0.3834 0.8056 1.2568 3.5089 3.9431 5.8498 8.3537 8.6211 11.4798 13.1302 15.6635 19.0029 22.0109 26.3068 26.3818 27.7269 27.737 28.3006 28.3063 28.3111 28.315 28.6896 28.6949 28.6994 29.1865 29.2911 29.2958 29.2998 29.4446 29.4462 29.4475 29.5249 29.6119 29.6108 29.6098 29.5628 29.5609 29.436 29.4341 29.4324 29.4309 29.4295 29.4284 29.4273 29.4264 26.3508 26.317 19.6962 19.6549
6.3317 5.5279 4.3658 4.0978 4.1178 2.5499 1.1044 0.5298 0.4651 0.4475 0.3339 0.2859 0.2425 0.2399 0.2438 0.2399 0.1991 0.2132 0.2105 0.2098 0.2249 0.2399 0.5201 1.4263 3.1798 3.9884 6.1416 8.2402 8.6693 11.4279 13.1233 13.2946 18.7999 21.8152 24.3387 26.3657 27.7223 27.7363 28.2959 28.3034 28.3096 28.3147 28.3188 28.6939 28.6995 29.1858 29.2914 29.2971 29.3018 29.4463 29.4481 29.4495 29.5776 29.6129 29.6116 29.6104 29.5631 29.5609 29.4358 29.4337 29.4319 29.4303 29.4288 29.4276 29.4265 26.3829 26.343 19.7344 19.6855 14.7868 14.7461
6.767 6.1222 5.6059 4.4626 4.2729 3.6431 1.4038 1.1461 1.0437 0.465 0.3581 0.3937 0.3345 0.3069 0.2599 0.2577 0.2423 0.1869 0.1845 0.2044 0.2799 0.3535 1.4999 2.4713 3.7457 6.0704 6.8514 8.7792 10.8418 13.1064 13.3724 15.7809 19.0007 24.1866 26.3222 26.4461 27.7329 27.7489 28.2988 28.3074 28.3142 28.3194 28.6924 28.6995 29.1848 29.2916 29.2986 29.3042 29.4483 29.4504 29.452 29.5792 29.6139 29.6124 29.6111 29.5633 29.4381 29.4355 29.4332 29.4312 29.4295 29.428 29.4266 29.4255 26.3768 26.3335 19.7258 19.6729 14.7781 14.7344 10.3232
7.5291 6.9093 5.926 5.7621 4.5958 4.1236 3.7561 3.0024 2.0267 1.3121 0.8255 0.5006 0.4846 0.4008 0.2732 0.2665 0.2182 0.1793 0.1593 0.3029 0.2271 0.2657 1.8911 4.2017 6.2717 7.6061 9.0836 10.8993 13.0678 13.5103 15.7524 16.9341 20.9609 24.3918 26.4189 27.7238 27.748 28.2915 28.3036 28.3131 28.3202 28.6901 28.6994 29.1831 29.2917 29.3005 29.3074 29.4508 29.4533 29.5811 29.5812 29.6151 29.6134 29.6118 29.5634 29.4379 29.435 29.4325 29.4303 29.4285 29.4269 29.4255 29.4243 27.2068 23.8908 19.7152 19.6579 14.7678 14.7207 10.3239 10.3093
7.8529 7.6086 6.6812 6.3015 5.8637 4.6295 4.1431 4.0588 3.5194 2.7183 2.0114 1.2035 0.7812 0.5063 0.2721 0.2633 0.2292 0.1682 0.1256 0.1862 0.1894 0.385 1.7367 6.1239 7.3965 10.314 11.1303 13.0357 13.7439 15.6719 16.9049 18.9859 23.7472 25.6214 26.9799 27.7412 27.7699 28.2971 28.3111 28.3212 28.6863 28.6991 29.1805 29.2916 29.303 29.4501 29.4541 29.457 29.5837 29.5836 29.6165 29.6145 29.5671 29.4414 29.4376 29.4343 29.4316 29.4292 29.4272 29.4255 29.424 27.2327 27.1982 23.8798 19.7023 19.64 14.7555 13.2191 10.3246 10.3087 10.2943
8.8152 7.8802 7.4811 6.9175 6.2921 5.7164 4.6178 3.7915 3.5091 2.8651 2.3551 2.0396 1.6035 0.6752 0.3443 0.3051 0.2298 0.1652 0.1108 0.1023 0.1473 0.3062 0.4294 4.9971 8.6548 11.0787 13.1481 14.0716 15.2257 16.8221 17.2981 21.4342 25.3795 26.937 27.0724 27.7696 28.285 28.307 28.3223 28.6799 28.6982 28.9121 29.2911 29.3061 29.4535 29.4585 29.4619 29.5869 29.6211 29.6182 29.6157 29.5675 29.4413 29.4369 29.4333 29.4303 29.4277 29.4256 29.4238 29.4223 27.2253 23.9284 23.8661 19.6865 18.1463 14.7408 13.2161 10.3254 10.308 10.2922 10.2779
9.2121 8.8123 7.8964 7.4666 6.8265 6.1652 5.4967 4.683 3.491 2.7155 2.283 2.3012 1.9756 0.9284 0.3613 0.2809 0.2313 0.1944 0.1214 0.1378 0.1048 0.3921 0.5926 1.5801 7.0265 12.6547 14.0832 14.55 17.1184 17.5123 19.2095 23.0495 25.5925 27.048 27.7528 27.8174 28.2984 28.3235 28.6682 28.6963 28.9139 29.2895 29.3105 29.4582 29.4647 29.591 29.5911 29.6238 29.6202 29.6172 29.4469 29.4409 29.4359 29.4318 29.4285 29.4258 29.4235 29.4216 29.4201 27.2157 23.9178 19.7515 19.667 18.1319 13.2405 13.2127 10.3263 10.3071 10.2898 10.2742 8.2156
9.8631 9.332 8.7024 7.9144 7.3685 6.7695 6.2244 5.4783 4.4733 3.3012 2.6394 2.1453 1.9968 0.9531 0.3534 0.2447 0.2329 0.1935 0.1315 0.1019 0.1489 0.3956 0.6934 1.2983 6.9547 12.5844 13.9505 15.0252 17.3988 19.0573 20.4549 23.6187 26.0357 27.2535 27.831 28.281 28.3242 28.3499 28.6916 28.8157 29.2857 29.3166 29.465 29.4735 29.597 29.5968 29.6273 29.6227 29.6188 29.4471 29.44 29.4343 29.4297 29.4261 29.4232 29.4208 29.4189 27.8818 25.4531 23.9038 22.3026 18.1708 18.1144 13.2398 13.2088 10.3273 10.306 10.287 10.2699 8.2146 8.2077
10.3116 9.9775 9.2089 8.5899 7.8235 7.1242 6.5592 6.0278 5.0706 4.3757 3.0844 2.4218 2.1136 0.8425 0.493 0.2705 0.2372 0.2473 0.1778 0.0826 0.1743 0.3688 1.1354 3.6937 7.1867 11.6265 13.5486 15.5975 17.3902 20.233 21.4677 24.3942 26.7832 27.5909 28.0483 28.3227 28.3692 28.6795 28.8244 29.2767 29.454 29.4756 29.4873 29.6059 29.6049 29.6318 29.6257 29.5604 29.4468 29.4384 29.4318 29.4267 29.4228 29.4197 29.2882 29.2862 27.8716 25.4439 22.3551 22.2841 18.1554 18.093 13.2391 13.2043 10.3285 10.3048 10.2836 10.2648 8.2134 8.2059 8.1992
10.4881 10.36 9.8909 8.9148 8.4361 7.7001 6.8526 6.3234 5.7508 4.836 4.4162 2.9601 2.1705 1.8576 1.0934 0.5579 0.2577 0.3421 0.2618 0.1796 0.187 0.3032 2.0533 5.3363 6.9959 8.9342 12.6981 17.0749 18.3246 19.6717 22.0397 24.2524 25.754 27.585 28.1828 28.2609 28.5896 28.8386 29.2555 29.4567 29.4937 29.6199 29.62 29.6172 29.638 29.6294 29.4592 29.4456 29.4354 29.4279 29.4223 29.4181 29.2866 29.2842 29.2823 25.5034 25.4309 22.3398 18.217 18.1361 13.2829 13.2383 13.199 10.3297 10.3032 10.2797 10.2589 8.212 8.2037 8.1964 7.3227
10.6329 10.5112 10.2981 9.8623 8.7119 7.9957 7.7812 6.7912 6.2122 5.6752 4.7183 4.4341 3.1828 2.4744 1.9408 1.2571 0.6418 0.4403 0.4189 0.36 0.3091 0.323 2.5378 4.6059 7.1399 9.231 12.1991 16.5417 19.3247 20.6595 21.9566 23.469 25.3319 26.2177 27.7518 28.5367 28.8406 29.0955 29.4547 29.5279 29.6478 29.6449 29.6641 29.6468 29.4854 29.4598 29.4425 29.4303 29.4218 29.4158 29.2841 29.281 29.2788 26.5439 25.4956 25.4123 22.3189 18.2029 18.1115 13.2886 13.2375 13.1929 10.3312 10.3012 10.2749 10.2519 8.2102 8.2011 8.1931 7.3163 7.3327
10.7173 10.5854 10.5555 10.1872 9.8538 8.5212 7.9029 7.7751 6.6841 6.3521 5.7344 4.8934 4.554 3.2125 2.6701 1.8675 1.3255 0.8905 0.6516 0.6388 0.5873 1.4142 2.4596 3.7942 8.8799 11.319 13.5852 16.076 17.7341 19.4649 21.7445 22.4782 24.1608 25.7828 26.8532 28.3842 29.0313 29.4506 29.592 29.7149 29.6975 29.691 29.6598 29.4904 29.4579 29.4358 29.4214 29.4121 29.2798 29.2758 29.2732 27.9595 26.5399 25.4823 22.4135 22.2899 18.1839 18.0802 13.2958 13.2367 13.1855 10.3328 10.2988 10.2691 10.2434 8.208 8.1979 8.1892 7.3086 7.3269 7.3442
10.727 10.6761 10.4827 10.2961 10.0806 9.6649 8.3744 8.0209 7.7654 6.6412 6.3182 5.7754 4.9606 4.4864 3.2696 2.3406 2.0128 1.7225 1.5805 1.2384 1.2064 1.2773 2.2349 3.2478 8.1994 12.9103 14.9888 16.3328 15.9729 16.9813 21.1622 22.5105 22.9687 25.6232 26.5998 27.117 28.9766 29.4231 29.9615 29.6653 29.4942 29.5429 29.437 29.3974 29.4217 29.2801 29.2715 29.2666 29.0873 29.0868 27.9563 26.5304 25.4605 24.2171 22.2497 18.1583 18.0397 13.3051 13.2359 13.1767 10.3347 10.2957 10.2621 10.2332 8.2053 8.1941 8.1845 8.1763 7.3198 7.3199 7.5059
10.7327 10.735 10.6868 10.455 10.29 10.0177 10.0248 8.4433 8.1941 7.9517 6.9396 6.4491 5.918 5.2369 4.854 3.6443 2.8031 2.2289 2.1564 1.9355 1.8409 1.6135 1.9802 2.8551 7.6776 12.2372 15.3881 16.2974 15.9375 16.4852 18.6646 21.8572 23.3188 24.4377 25.9387 26.5728 27.4226 29.1737 30.1326 29.5158 29.2895 29.4173 29.3688 29.0924 29.0881 29.086 29.0849 28.4109 28.3875 27.0819 26.5116 24.2949 24.1815 21.1217 18.1234 16.9336 13.3172 13.2352 13.1659 10.3369 10.2917 10.2533 10.2207 8.2019 8.1894 8.1788 7.0917 7.3111 7.3143 7.3377 8.2882
10.7248 10.7706 10.7788 10.7201 10.5197 10.4298 10.5908 10.1359 8.7296 8.4379 8.268 7.2893 6.7832 6.3811 5.655 4.7319 4.0477 3.1185 2.3956 2.3189 1.6188 1.6542 2.0086 2.0292 3.9847 10.7009 13.0739 16.3572 16.1064 16.319 17.7341 20.4086 23.7627 24.4507 23.6078 25.3715 26.5899 27.5359 29.2667 29.1868 29.3258 29.098 29.0861 29.0815 29.0801 28.4559 28.4159 27.5498 27.0668 25.4953 24.2622 21.2289 21.0808 17.0247 16.9235 13.3333 13.2347 13.1526 10.3395 10.2866 10.2423 10.2053 8.1975 8.1835 8.1718 7.0904 7.0944 7.3073 7.3335 8.2844 8.3017
10.6728 10.7829 10.8159 10.8555 10.9435 10.6582 10.7287 10.9398 10.5544 9.2542 8.7967 8.4787 7.8041 7.1521 6.4657 6.0114 4.9321 4.2925 3.4312 2.624 2.4437 2.2294 2.1777 2.0934 2.1171 6.7527 11.5673 14.0106 16.045 16.1484 17.2481 19.7556 22.0614 24.5798 24.2196 24.3739 25.2243 26.7486 28.3297 28.7626 29.0971 29.0728 28.6209 28.5647 28.4707 27.6497 27.5412 27.0296 25.459 24.2047 22.5871 19.5437 17.0383 15.9741 13.3552 13.2345 13.1357 10.3425 10.2799 10.2282 8.2111 8.1919 8.1761 8.1632 7.089 7.0935 7.2986 7.3282 8.2795 8.2991 8.7182
10.7142 10.7508 10.8793 10.971 11.0515 11.1496 11.1654 11.0708 11.0521 10.6104 9.4478 9.0469 8.4727 7.9288 7.074 6.325 5.9545 4.8756 4.4624 3.5741 3.3207 2.7462 2.1403 2.0745 2.1227 2.019 5.6121 12.1439 13.9049 16.6786 17.3144 19.5403 21.9022 24.4821 24.4411 24.4205 24.9834 25.568 26.3183 28.7737 28.821 28.7346 28.2565 28.0664 27.6729 26.6193 26.0609 25.3825 22.6539 22.5125 19.5488 17.0603 15.9824 13.3858 13.235 13.1139 10.3462 10.2708 10.2098 8.2068 8.1846 8.1667 8.1523 7.0872 7.0926 7.0973 7.3214 8.2507 8.2956 8.7599 8.9536
