normal_rasters/0772100000297600.ascii
ncols 75 
nrows 60 
xllcorner 159472.015991
yllcorner 383892.872009
cellsize 0.25
nodata_value -9999 
[rows 0 to 30 of 60, columns 0 to 68 of 75]
1.455 1.4512 1.4472 1.443 1.1835 1.1768 0.8419 0.8404 1.3016 1.4491 1.3796 1.3078 2.2217 2.2334 2.2461 2.2596 3.031 3.0436 10.3581 16.7925 17.0672 17.6976 17.5433 17.5993 17.6548 17.7084 17.0453 17.9792 9.9902 10.4211 10.1916 5.0703 5.0891 5.1092 5.1304 5.5802 5.603 6.2546 6.2355 5.083 5.3824 4.883 4.3981 3.8643 3.8635 3.6812 3.6858 3.9418 4.2586 4.276 12.6268 13.3034 14.5236 15.0698 15.4934 16.1843 16.5572 16.8879 17.148 17.322 17.4093 17.4211 17.375 17.5855 17.4254 17.9197 17.7385 17.5725 17.4227
1.4569 1.4529 1.4486 1.4441 1.1856 1.1783 1.1708 0.8406 1.2962 1.4455 1.3773 1.3847 2.2156 2.2281 2.2416 2.2562 3.0266 3.0404 3.0549 10.4882 16.9783 17.6576 17.543 17.606 17.6686 17.7292 17.094 18.0508 9.6844 10.4955 10.2386 5.0627 5.0834 5.1058 5.1297 5.58 5.6059 6.2632 6.242 5.0941 5.392 4.8906 4.8525 3.8625 3.8612 3.6795 3.6849 3.931 3.9597 4.2691 4.2922 12.8182 14.3409 14.9762 15.4991 16.3037 16.7891 17.216 17.5378 17.7318 17.8026 17.774 17.9791 17.7755 18.2157 17.9826 17.7713 17.5832 17.8063
1.4591 1.4548 1.4503 1.4454 1.4404 1.1802 1.172 0.8408 0.839 1.3026 1.3746 1.3825 1.3108 2.2217 2.2362 2.252 3.0215 3.0365 3.0524 10.4071 16.8712 17.6076 17.5405 17.6119 17.6829 17.7518 17.1513 17.0387 9.7501 9.9328 10.2993 4.9337 5.0758 5.1009 5.1278 5.5789 5.6085 6.2738 6.2503 5.7813 5.405 6.0084 4.8569 4.2266 3.8585 3.8576 3.6834 3.6906 3.9491 4.2592 4.2863 4.681 13.3218 14.8089 15.4611 16.4298 17.0844 17.6558 18.0617 18.2685 18.2963 18.1952 18.2467 17.969 18.3007 18.023 17.7804 17.9444 17.7503
1.4615 1.457 1.4522 1.447 1.4415 1.1823 1.1735 0.6686 0.8391 1.2962 1.3265 1.3799 1.3093 2.2142 2.2297 2.2468 2.2652 3.0317 3.0494 3.0679 11.2481 17.1249 17.5349 17.6162 17.6976 17.7767 17.2191 17.0946 17.9695 10.0152 10.3785 4.0985 5.0659 5.0939 5.1245 5.1571 5.6107 5.6449 6.2608 5.7867 5.4226 6.0181 4.8641 4.2332 3.8551 3.8533 3.681 3.6899 3.9342 4.2448 4.2766 4.6684 4.7082 14.5198 15.3364 16.547 17.4707 18.2726 18.7946 18.9885 18.918 18.9121 18.5244 18.7313 18.3513 18.4035 18.1085 17.8657 18.6522
1.4644 1.4596 1.4544 1.4488 1.4429 1.1849 1.1754 0.6706 0.8393 0.5835 1.3044 1.3767 1.3074 1.3148 2.2219 2.2403 2.2604 3.0259 3.0454 3.0661 11.1605 17.0068 17.7379 17.6184 17.7123 17.8039 17.8899 17.1618 18.0267 9.7425 9.823 4.0856 4.9372 5.0841 5.119 5.1567 5.6122 5.6522 6.5923 6.2408 5.4464 6.0333 4.8753 5.4029 4.2048 3.8478 3.9486 3.6882 3.851 4.2241 4.2609 4.6485 4.6996 14.0304 15.0387 16.6101 17.9894 19.1907 19.8718 19.9732 19.9143 19.3401 19.3439 18.7953 18.6955 18.3039 17.9932 18.7144 18.5212
1.4677 1.4626 1.4571 1.4511 1.4446 1.4378 1.1776 1.1667 0.6671 0.5834 1.2966 1.3727 1.3835 1.313 2.2124 2.2323 2.2543 3.0186 3.0403 3.0636 11.053 16.8593 17.672 17.617 17.7265 17.8336 17.9341 17.2436 18.0987 9.8413 9.9117 4.0678 4.9313 5.0705 5.1104 5.1545 5.6125 5.6599 6.5946 6.2538 5.7955 5.4103 5.9777 5.4082 4.2115 3.8407 3.9373 3.955 3.8513 4.2345 4.2359 4.2934 4.6828 4.7647 14.3977 16.4886 18.6946 20.672 21.5502 21.3202 20.6466 19.7336 19.4228 19.0731 18.5335 18.1268 18.7643 18.533 18.3544
1.4714 1.4661 1.4602 1.4537 1.4467 1.4393 1.1803 1.1684 0.6693 0.6625 0.5829 1.3223 1.3796 1.3106 1.3202 2.2224 2.2465 2.2731 3.0338 3.0601 3.0878 11.2566 17.8533 17.6103 17.7394 17.8661 17.985 17.3442 18.1904 17.8641 10.0302 9.6141 4.9229 4.9425 5.0975 5.1493 5.2052 5.6678 7.9066 6.5836 5.8079 5.4444 5.9987 5.4221 4.223 4.1605 3.9208 3.9428 3.7001 3.8705 4.1972 4.2642 4.6493 4.7699 13.106 15.8118 19.5779 23.3409 24.3277 23.0457 21.2984 20.3541 19.5621 18.7877 18.2451 18.7784 18.5045 18.8793 19.8612
1.4758 1.4701 1.4638 1.4569 1.4493 1.4411 1.1837 1.1705 0.672 0.6645 0.5825 0.5822 1.3748 1.3075 1.3181 2.2102 2.2364 2.2659 3.0254 3.0552 3.0871 11.1288 17.6893 17.5955 17.7493 17.9014 18.0439 17.7709 17.2449 17.9281 9.8125 9.6951 4.0757 4.9332 5.0781 5.1395 5.2073 5.6755 7.8801 6.5847 5.8255 6.7555 6.0349 5.898 5.2956 4.1619 3.9238 3.9235 3.96 3.8782 4.1767 4.2112 4.6944 4.7675 10.6033 13.6765 19.9317 28.8532 28.87 24.1864 22.0068 20.1474 19.0052 19.1656 18.7029 18.3936 19.8667 19.7189 19.6141
1.4808 1.4749 1.4682 1.4607 1.4524 1.4434 1.4339 1.1732 1.158 0.6669 0.5822 0.5816 1.3686 1.3034 1.3151 1.3281 2.2236 2.2563 3.0144 3.0485 3.0854 10.965 17.4742 17.9336 17.7538 17.9392 18.1128 17.8516 17.3702 18.0156 9.956 9.8127 4.2676 4.9189 4.9515 5.1225 5.206 5.6825 7.8484 7.8318 6.5665 6.7674 6.0947 5.9276 5.3048 5.1796 3.8998 3.8915 3.9424 4.0257 4.2805 4.3352 4.5699 4.7266 5.2535 8.938 15.9868 27.7663 26.8601 22.8522 20.4806 18.9271 18.9113 18.4147 18.116 19.5948 19.4741 19.3961 19.3449
1.7246 1.4805 1.4734 1.4653 1.4563 1.4464 1.4357 1.1767 1.1597 0.67 0.66 0.581 0.5053 1.2979 1.311 1.3256 2.2072 2.2434 2.9999 3.0391 3.0823 10.7544 11.2904 17.7976 17.7486 17.9786 18.1944 17.9494 17.5335 18.1373 10.1492 9.9727 4.2257 4.8971 4.9349 5.094 5.1987 5.6878 7.8095 7.7858 6.5644 6.7879 6.7419 5.9908 5.3448 5.0881 4.627 4.6756 3.9146 3.9808 4.4096 4.4394 4.3106 4.5791 5.2178 5.5584 7.5793 15.7202 18.429 18.6152 17.6563 17.9337 17.6501 19.1747 19.0977 19.0653 19.0556 19.0579 19.0663
1.7282 1.487 1.4795 1.4709 1.4611 1.4501 1.4382 1.4255 1.162 0.6738 0.6625 0.5802 0.5038 1.2585 1.3052 1.3217 1.3402 2.2262 2.273 3.026 3.0769 3.1315 11.0866 17.6798 17.7261 18.0175 18.2918 18.0703 18.001 18.3102 14.4788 10.5021 4.1727 4.2621 4.9059 4.9699 5.1809 5.3305 7.7609 7.7264 7.9227 8.5868 6.7768 6.1106 5.4471 4.9959 4.7675 4.4859 4.5995 3.963 4.2462 4.3727 3.709 4.6144 4.8793 5.9128 6.5173 7.2793 7.9157 9.372 9.5973 11.1357 11.3207 11.4118 11.4508 13.3767 13.4272 13.4587 16.155
1.7324 1.7277 1.4869 1.4776 1.467 1.4549 1.4415 1.4271 1.1652 0.6785 0.6658 0.5793 0.578 0.5056 1.2973 1.3159 1.3372 2.2032 2.256 3.0076 3.0682 3.1346 10.8086 14.3662 20.1393 18.0515 18.4099 18.2226 18.1418 17.547 14.6283 10.9914 4.1937 4.1891 4.8563 4.933 5.0554 5.3523 7.6969 7.6467 7.6092 8.2657 6.848 6.7201 6.7264 5.0476 4.4558 3.9183 4.5354 4.6705 3.4818 5.2446 5.8451 6.1598 6.2301 8.3474 8.1043 7.9784 9.9273 10.8605 11.4553 11.7639 13.3242 13.4814 13.5591 15.7231 15.8124 16.2211 16.2966
1.7374 1.7326 1.7267 1.4859 1.4744 1.461 1.446 1.4295 1.1696 1.1437 0.6701 0.6544 0.5763 0.5033 1.2864 1.3073 1.332 1.3603 2.2319 2.9813 3.0542 3.1363 10.4297 14.0776 19.8991 18.0708 18.5551 18.4198 18.3245 17.8552 14.865 14.2577 9.819 4.1051 4.2367 4.8519 5.0266 5.3872 6.8716 7.5298 7.4756 7.9868 8.6177 8.0873 6.7422 5.7673 5.0676 3.6361 4.0961 5.9866 6.1651 8.0159 9.06 10.0191 10.376 10.4125 12.1578 12.2011 13.326 12.1614 14.2312 14.7847 15.0041 15.7187 15.8454 16.2421 16.3456 18.2555 18.3605
1.7433 1.7384 1.7323 1.4961 1.4836 1.4689 1.4519 1.433 1.4126 1.1457 0.6758 0.6575 0.4375 0.5001 0.4265 1.2947 1.3233 1.3573 2.1978 2.9435 3.0315 3.135 5.8404 13.6492 14.5249 20.4312 18.7377 18.6837 18.5682 18.4149 15.2617 14.3866 9.9489 4.1352 4.0948 4.6844 4.8954 5.414 5.8912 7.2747 7.3212 7.5706 8.7342 8.8871 7.2325 4.9259 8.904 9.2165 10.4685 10.4425 11.457 12.0966 13.3352 13.9178 14.3625 14.8628 14.6659 15.0739 15.087 16.3465 15.787 15.5393 16.0936 16.1293 17.7235 17.8163 20.3532 20.4252 20.4726
1.7503 1.7455 1.7393 1.7314 1.4953 1.4791 1.4599 1.4381 1.4141 0.9605 0.756 0.662 0.4417 0.3547 0.4222 1.2766 1.3092 1.3501 1.398 2.2454 2.995 3.1273 5.7386 13.0143 14.1991 20.1073 18.9763 19.0561 18.9025 18.7333 15.9739 14.6376 13.522 4.1874 3.9777 4.0573 4.4338 5.4542 7.4001 6.4721 7.7379 7.0062 11.2986 11.8331 10.0478 10.4268 15.215 16.5821 15.5466 16.4396 15.115 16.0642 17.4245 16.5651 17.3071 17.7758 16.8569 16.5755 16.5987 17.4647 17.7373 18.6242 18.101 19.9572 20.3472 20.4663 20.5348 20.9024 20.9277
1.7585 1.7541 1.748 1.7398 1.7292 1.4924 1.4707 1.4454 1.417 0.9664 0.7609 0.6682 0.4941 0.4293 0.4429 0.5606 1.2867 1.3356 1.3969 2.1916 2.9355 3.1069 3.3093 5.9952 13.6394 15.1547 19.3986 19.6405 19.3712 19.2324 17.449 15.1643 12.3206 5.2754 4.054 3.9351 4.2695 3.9272 8.0331 9.4897 13.231 11.5625 16.3177 18.615 17.8602 18.9143 17.4309 21.1685 21.1277 19.8126 19.9172 19.5059 19.9707 20.247 19.4734 19.3079 19.4887 19.184 18.2859 18.5512 19.4846 20.0434 20.2575 20.6144 21.6882 21.7254 21.7386 21.7403 22.3672
1.7682 1.7644 1.7587 1.7505 1.7393 1.7248 1.4855 1.456 1.422 1.3852 0.7678 0.7467 0.4998 0.4334 0.3502 0.4213 0.5711 1.3084 1.3868 1.4832 2.8393 3.0608 3.3473 5.8902 12.3253 14.5722 17.1524 20.7903 20.0618 20.0677 19.2916 16.2687 11.0609 6.4894 5.2548 5.1052 5.1665 4.9255 16.9834 18.6505 19.2053 22.543 24.952 25.2103 23.411 23.2895 24.8242 22.9635 22.8809 23.4568 22.6849 23.8283 21.8168 21.3805 21.0129 21.1719 21.1397 20.68 21.0921 20.7485 21.2546 21.7587 21.8889 21.9282 21.9179 21.8908 22.8267 23.4803 23.4993
1.7793 1.7766 1.7719 1.7643 1.7529 1.737 1.5058 1.4714 1.4303 1.3847 0.9555 0.7516 0.5081 0.4847 0.3504 0.4088 0.5548 1.2592 1.3572 1.4939 2.2012 2.9674 3.7507 5.7147 10.1525 13.0623 18.0139 23.8045 21.9694 20.2803 27.1032 17.7642 10.0833 2.32 6.3354 8.1861 8.6511 18.3795 21.7088 24.1001 27.1678 28.75 27.7911 29.5065 29.4424 27.1606 27.2882 27.5927 26.2424 24.8176 24.0176 25.9572 25.4084 23.0831 22.3526 22.049 21.8866 22.1483 21.8234 22.1102 22.5242 22.5815 22.4066 22.9453 23.428 23.476 23.506 23.5246 23.7283
1.7919 1.791 1.788 1.7819 1.7711 1.7544 1.7303 1.494 1.4438 1.3865 0.9665 0.7594 0.5695 0.4908 0.3516 0.3366 0.4166 0.5741 1.2866 1.4755 2.0732 2.8169 3.6849 5.4598 5.8647 10.5736 20.1734 27.7527 36.9209 9.3284 7.4048 22.7177 13.253 7.6137 10.4456 13.6552 20.4581 22.6743 26.0028 30.6177 30.5861 31.5578 31.2759 30.5091 30.853 30.9525 30.2532 32.4194 29.6172 28.7071 26.2837 25.9112 25.2428 24.7224 23.5614 23.2602 22.5128 22.7323 22.9159 22.9928 22.9165 23.5344 23.514 23.4997 23.5371 23.8265 23.746 23.7524 23.2371
1.8058 1.8075 1.8073 1.804 1.7955 1.7793 1.7527 1.714 1.4657 1.3923 1.0946 0.7721 0.5793 0.5013 0.3835 0.33 0.3857 0.5319 1.1409 1.3599 1.8829 2.7759 3.5396 4.5139 5.1827 10.1078 18.2756 23.9806 19.2001 6.7318 21.3564 26.1938 16.2556 10.8679 12.7599 19.3524 29.5869 30.2468 31.4711 33.589 34.0164 34.0469 34.621 34.562 33.2142 32.9616 33.8493 31.8469 29.5284 29.709 27.9646 26.8217 25.1903 24.7318 24.2757 23.4946 23.2372 23.1289 23.5486 23.7801 23.9315 23.7256 23.8656 23.8806 24.0567 24.0607 23.5707 23.5327 23.5071
1.8208 1.8258 1.8298 1.8312 1.8277 1.8151 1.788 1.7413 1.557 1.405 1.1003 0.793 0.7273 0.5575 0.3938 0.307 0.3343 0.3864 0.5613 1.0864 1.3938 3.3563 3.5176 4.5901 5.3222 13.145 16.389 28.5094 23.5308 25.3765 32.4671 24.9877 14.6573 13.0133 20.6008 25.5894 34.937 40.0594 39.6851 41.5844 43.4898 39.3748 36.3459 37.2758 36.8539 34.8715 34.5366 32.8103 31.3501 29.1492 28.2394 26.8161 25.3666 24.6577 24.2127 23.6316 23.4371 23.4184 23.7704 24.2211 24.4847 24.3574 24.2393 24.0996 24.0791 23.5788 23.5196 23.4851 23.4659
1.836 1.8452 1.8546 1.8633 1.8689 1.8658 1.8442 1.7908 1.7001 1.4799 1.1145 0.912 0.7366 0.5703 0.4145 0.3356 0.2233 0.2448 0.396 0.626 1.118 2.6781 3.9753 4.0618 5.4385 7.2438 15.6845 26.8136 37.4811 40.3798 36.9996 20.9503 13.704 19.5814 30.4416 41.6044 43.9867 44.5555 43.0307 42.9797 43.5458 41.9732 38.9292 38.5764 36.7699 35.3352 33.8851 32.3648 30.7704 28.9697 27.9898 26.0275 25.4103 24.385 23.6223 23.5857 23.4831 23.4198 23.5869 24.2901 24.4289 24.2932 24.2086 23.9009 23.7027 23.5985 23.4354 23.4179 22.8256
2.1031 1.8641 1.88 1.8983 1.918 1.9346 1.9342 1.8845 1.7556 1.4905 1.1454 0.9451 0.7681 0.6057 0.451 0.3162 0.1692 0.1181 0.2617 0.5376 1.1832 2.0846 3.3809 3.7167 4.694 5.9583 8.5008 25.6391 38.0674 40.4154 40.8975 28.0432 18.2716 25.9126 39.9849 46.0511 43.4625 45.0848 42.7067 42.6128 40.7729 39.6605 37.5854 36.0694 35.9445 34.3634 32.0535 30.9793 29.1058 28.1082 26.3384 25.7166 24.4476 24.1568 23.389 23.1103 23.3599 23.5133 23.6234 23.389 24.0669 24.0349 23.985 23.6431 23.4378 22.8793 22.7943 22.7479 22.7221
2.1133 2.1189 2.1265 1.9997 2.0325 2.0174 2.0706 2.0745 1.8837 1.5073 1.2979 0.9212 0.8169 0.6405 0.4956 0.3252 0.2089 0.1797 0.3324 0.6308 1.123 1.923 2.1998 3.0781 4.2795 5.096 6.3886 10.4874 33.4323 37.243 35.8838 26.8143 21.4342 21.2754 30.4723 46.9605 36.61 40.2763 41.8994 39.2778 37.3565 36.2848 32.8934 31.6376 31.2502 30.0808 30.0745 29.4374 27.5183 25.7773 25.2032 23.9816 23.2629 23.198 22.7649 22.6504 22.6239 23.0221 23.3016 22.869 22.8501 23.4734 23.32 22.3883 22.3327 22.304 22.2785 22.2628 22.2542
2.1227 2.1303 2.141 2.1568 2.1825 2.1291 2.2511 2.4268 2.2309 1.5945 1.3924 1.0804 0.8609 0.6349 0.4969 0.3441 0.1848 0.2605 0.5226 0.9361 1.1136 1.6022 2.0942 2.2733 3.2714 3.9094 5.7849 8.2347 12.6521 22.9605 19.505 21.6617 27.2363 25.5748 20.7819 27.8777 44.4802 29.7344 32.0711 30.7238 29.7881 30.1775 29.3798 29.117 27.2857 26.8716 25.2525 26.444 25.5754 24.4701 23.1867 22.7569 22.4649 21.9809 21.8633 21.7319 21.9547 21.7934 22.082 22.559 22.1921 22.024 21.8083 21.763 21.926 22.02 22.081 21.8273 21.8251
2.1309 2.1398 2.1519 2.1694 2.1969 2.2454 2.3432 2.5184 2.3537 1.7604 1.5372 1.1108 0.8897 0.7394 0.4622 0.2414 0.2112 0.3907 0.5128 0.8805 1.1151 1.2198 1.8378 2.2546 2.3696 2.523 4.4606 8.8654 13.5985 15.4839 17.1514 18.2852 25.6258 21.2351 18.6221 18.745 23.1831 28.3128 24.6169 23.4514 24.1206 23.8059 24.5642 25.2369 24.8488 24.2968 23.4148 22.2781 23.3597 23.0436 22.007 21.5524 21.4351 21.3405 21.1257 20.9842 20.8903 20.9833 20.9574 21.2407 21.3917 21.5756 20.7669 20.743 20.7971 21.2248 20.9658 20.3756 20.344
2.1377 2.1472 2.1595 2.1758 2.1982 2.2294 2.2688 2.2781 2.0437 1.9505 1.6087 1.4575 1.0496 0.7382 0.5536 0.3855 0.3652 0.4246 0.5002 0.5661 0.9957 1.3305 1.936 2.2304 2.3511 2.4351 2.5007 3.8615 9.1234 8.5905 17.2378 17.9248 19.0338 18.714 18.7018 18.7957 18.9196 19.6565 22.1201 22.0042 21.6053 22.2317 22.7755 22.3996 22.0273 22.007 21.658 21.2756 20.8692 21.3462 21.3426 20.8484 20.5465 20.306 20.3902 20.5583 20.2538 20.5163 20.3251 20.2656 20.2646 20.0339 20.1126 20.2649 20.2723 20.2792 20.2775 20.2692 20.2525
2.3053 2.3101 2.3158 2.3226 2.3303 2.3371 2.3374 2.3179 2.273 2.0608 1.8074 1.5013 1.2904 0.7987 0.5021 0.4908 0.4182 0.4599 0.5592 0.5888 0.6766 1.134 1.4797 1.7639 2.2609 2.4156 2.499 2.683 9.0607 14.4916 14.8369 17.9764 18.4806 18.8757 18.8932 19.0499 19.1321 19.36 20.1459 20.7478 20.8268 20.9851 21.0837 21.2454 20.9281 20.5563 20.7211 20.7178 20.4798 20.5182 20.5373 20.242 20.1965 20.1138 20.1022 20.1474 20.155 20.066 20.05 20.0622 19.976 19.9369 19.8796 19.891 19.8942 19.8978 19.9042 19.9034 19.9035
2.3077 2.3125 2.4589 2.46 2.4604 2.4599 2.4587 2.4635 2.4193 2.5337 2.2894 1.5132 1.2426 0.8516 0.5747 0.449 0.4395 0.4742 0.4816 0.5913 0.639 0.732 1.07 1.3406 1.7823 2.1948 2.3573 4.053 13.1099 18.0288 15.8797 17.7114 18.8681 18.9166 18.9585 19.1144 19.2785 19.4893 19.5758 19.7959 19.9844 20.0557 20.365 20.204 20.2617 20.2244 20.1727 20.2061 20.3934 20.3714 20.0913 20.0256 19.9782 20.0148 20.0255 20.0271 20.0419 20.0178 19.9911 19.9785 19.9635 19.8781 19.848 19.8587 19.8587 19.8658 19.8684 19.8688 19.8747
2.4562 2.4572 2.4583 2.4594 2.4607 2.4629 2.4686 2.39 2.4514 2.5107 2.4233 1.9283 1.1261 0.7699 0.5484 0.4001 0.4168 0.3988 0.3451 0.4164 0.6119 0.6993 0.8873 1.1747 1.2554 1.7914 2.2188 2.5839 6.3704 13.6374 15.0434 15.0713 15.6402 18.8681 18.9463 19.0376 19.2127 19.3379 19.3815 19.5156 19.6507 19.8036 19.8207 19.9936 20.0265 20.0015 19.9655 19.9496 20.0039 20.0121 19.9844 19.9747 19.9747 19.9763 20.0056 20.0248 20.0271 20.0271 20.0258 19.9936 19.9728 19.9574 19.89 19.8761 19.8655 19.8761 19.8763 19.876 19.8758
2.456 2.4571 2.4583 2.4598 2.6693 2.5549 2.6071 2.6004 2.5369 2.4238 2.4222 1.9342 1.4246 0.6558 0.409 0.346 0.2957 0.3257 0.3359 0.4034 0.4903 0.6034 0.9056 1.195 1.2095 1.1354 1.655 1.2232 0.99 5.5255 13.394 10.0739 16.8948 14.7924 18.9405 19.1007 19.1435 19.2261 19.3131 19.383 19.5691 19.6969 19.8513 19.9324 19.9563 19.9503 19.9306 19.9348 19.9669 19.9747 19.9747 19.9747 19.9747 19.9747 19.982 20.0073 20.0238 20.0283 20.0476 20.0679 20.0033 19.9415 19.9264 19.8852 19.882 19.8815 19.8788 19.8777 19.8831
