normal_rasters/0772100000302913.ascii
ncols 47 
nrows 66 
xllcorner 159157.427002
yllcorner 384394.026001
cellsize 0.25
nodata_value -9999 
[rows 0 to 42 of 66, columns 0 to 46 of 47]
44.1512 44.1531 44.1558 44.1595 44.1642 44.3601 44.3645 44.3695 44.508 44.6111 43.2605 43.2554 43.1016 43.4182 43.4051 43.3911 43.3378 43.3322 43.3277 43.2039 43.204 43.2054 44.1944 45.3547 46.2116 47.9052 47.8944 47.883 47.5856 47.5796 47.3265 47.3088 47.2909 47.2737 46.507 46.4862 46.4672 46.1735 46.1546 46.1383 46.1244 46.1331 46.1216 45.8366 45.8279 45.8204 45.8141
45.3495 44.1455 44.148 44.1515 44.1563 44.1624 44.3581 44.3639 44.3701 44.6135 44.5886 43.2644 43.2569 43.4228 43.4073 43.39 43.3329 43.3252 43.319 43.1971 43.1974 43.1996 44.1652 45.337 46.2498 47.9134 47.9004 47.8865 47.5958 47.5885 47.3371 47.3151 47.2932 46.5395 46.5122 46.4873 46.1921 46.1681 46.1477 46.1307 46.1367 45.8494 45.8376 45.8277 45.8194 45.8125 45.8066
45.3538 45.3281 44.1389 44.1421 44.1469 44.1532 44.3503 44.357 44.3644 44.4943 44.5897 43.2753 43.2689 43.1131 43.4116 43.3901 43.3276 43.3168 43.3078 43.1881 43.1888 43.1923 44.1265 45.3136 46.3029 47.9243 47.9082 47.6152 47.609 47.5999 47.3496 47.3217 46.5856 46.5485 46.5148 46.2168 46.1852 46.1591 46.1378 46.1402 45.8516 45.8378 45.8266 45.8174 45.8099 45.8036 45.7984
45.3608 45.3323 44.1283 44.131 44.1355 44.142 44.1507 44.3483 44.3575 44.4905 44.5929 44.5567 43.2842 43.371 43.1762 43.3929 43.3222 43.3066 43.2929 43.1755 43.1769 43.1828 44.0749 45.3612 46.3789 47.9393 47.9185 47.6334 47.6265 47.3993 47.3651 47.3284 46.6025 46.5543 46.2508 46.2074 46.1729 46.1457 46.1432 45.8528 45.8368 45.8241 45.814 45.8058 45.7992 45.7938 45.7894
45.3714 45.34 45.3048 44.1179 44.1217 44.128 44.1372 44.1495 44.3484 44.4867 44.4741 44.5575 43.5009 43.3761 43.2053 43.4006 43.3602 43.2947 43.2724 43.1566 43.1596 43.1706 44.0057 45.3813 47.2301 47.961 47.9329 47.6577 47.6516 47.4325 47.3847 46.6891 46.6152 46.553 46.2376 46.1898 46.1539 45.8769 45.8522 45.8336 45.8193 45.8083 45.7997 45.7929 45.7875 45.7832 45.2181
45.1986 45.1758 45.3131 45.2687 44.1049 44.1104 44.1197 44.1332 44.1511 44.3522 44.4683 44.5618 43.501 43.6678 43.4455 43.1937 43.3639 43.2825 43.2433 43.1257 43.1325 43.1548 43.8425 45.4256 48.0206 47.9952 47.9543 47.6911 47.692 47.4845 47.4099 46.7194 46.6157 46.2801 46.2102 46.1613 45.8779 45.8479 45.8264 45.8108 45.7992 45.7905 45.7839 45.7789 45.2147 45.2041 45.1955
45.2059 45.18 45.1497 45.277 45.2196 44.0883 44.0967 44.111 44.1318 44.1586 44.4623 44.4424 43.4995 43.6699 43.4893 43.5011 43.1609 43.276 43.2022 43.0672 43.0848 43.1375 43.4911 45.5152 48.0708 48.0566 47.9904 47.735 47.7725 47.5783 46.9287 46.7253 46.3426 46.233 46.1641 45.8719 45.8363 45.8125 45.7963 45.785 45.777 45.7712 45.2085 45.1956 42.4009 42.3672 42.3394
44.9033 44.8478 45.1554 45.1138 45.2266 44.0605 44.0664 44.0802 44.1037 44.1372 44.4555 44.4334 44.5017 43.6724 43.6919 43.5621 43.2441 43.2953 43.1586 42.9291 42.9888 43.1355 43.5265 45.8499 47.8288 48.1701 48.0792 47.7607 47.9878 47.4686 46.9467 46.434 46.2486 45.9057 45.8496 45.8102 45.7867 45.7721 45.7629 45.7571 44.5519 44.5417 42.4248 42.379 42.3422 42.3127 42.2888
44.9664 44.9131 44.8426 45.1218 45.0619 45.0888 44.0261 44.0363 44.0608 44.1025 44.1582 44.4249 44.3841 43.6736 43.7124 43.7663 43.5215 43.3794 43.2092 42.664 42.9205 43.207 43.6491 46.0671 47.6698 48.1435 48.3115 47.5467 47.9485 47.2943 46.5012 46.2052 45.8477 45.7889 45.7561 45.7402 45.7326 44.5826 44.5617 44.5462 42.4615 42.3962 42.3455 42.3061 38.7273 38.67 38.6244
45.677 44.9968 44.9304 44.8381 45.0742 44.9825 44.9685 43.9732 43.9927 44.0411 44.1212 44.4147 44.3675 44.2984 43.7539 43.8243 43.7258 43.5389 43.6108 43.4236 44.5242 43.4045 45.2246 46.4573 47.6136 48.2285 48.7488 46.7657 46.6356 46.2176 45.8953 45.1684 45.1832 45.1895 45.192 44.6169 44.5795 44.5534 43.6603 42.4231 42.3489 42.2938 38.7248 38.6489 37.5727 37.5366 37.5088
45.7638 45.7252 45.0461 44.9622 44.837 43.9011 44.8512 43.734 43.8825 43.9233 44.0284 44.2707 44.3299 44.2023 43.815 43.9017 43.7766 43.5951 43.6951 43.6492 43.2531 44.4413 45.9065 45.9176 46.5715 47.0785 46.0466 45.9611 45.303 45.0604 45.1486 45.1906 45.1997 44.7007 44.6185 44.5663 43.6821 43.6297 42.3513 41.2877 41.2341 37.602 37.5391 37.4932 37.4597 32.2319 32.1792
46.4989 46.4851 45.8044 45.1307 45.024 44.79 43.8819 43.6129 43.5736 43.6629 43.737 44.2004 44.0929 43.9585 43.6955 43.8547 43.919 43.8179 43.7212 43.24 42.7069 45.0091 46.016 45.7888 45.6925 45.6666 45.1829 44.9676 45.0402 45.1404 45.2326 45.2732 44.8551 44.7287 43.7132 43.6173 41.3859 41.2587 41.1793 37.5682 37.48 37.4205 32.3065 32.2171 27.7724 27.7035 22.015
46.5602 46.5616 46.5566 46.5386 45.8798 45.1557 44.8551 44.4723 43.3055 43.143 43.3549 44.3487 45.6911 44.0506 43.5866 43.7277 43.9355 43.9242 43.5613 42.7633 42.9005 43.0448 44.4588 45.078 45.1932 45.1534 44.9584 45.04 45.3278 45.4491 45.3607 44.8624 43.8144 43.6053 41.4129 41.1767 37.7118 37.497 37.3664 37.2885 32.315 32.1886 27.7604 27.6706 22.0575 21.9777 21.9137
46.6209 46.6387 46.6575 46.6756 46.6871 46.6738 45.9948 45.0551 44.2162 42.5576 42.2736 44.1642 43.883 43.3532 43.708 43.7695 43.8855 43.9327 43.9062 43.4948 43.0287 43.0634 43.6936 44.2497 44.5655 45.0713 45.2118 45.5185 45.602 45.6298 44.9438 43.0693 43.0681 40.9916 37.7543 37.3356 37.1221 32.4082 32.3187 32.129 27.7258 27.6052 22.1187 22.0062 21.9194 21.8522 21.734
46.6761 46.7087 46.7494 46.802 46.8725 46.9712 47.1084 46.7076 45.8187 43.5133 43.1368 42.9171 43.0897 43.3146 43.76 43.9306 43.8776 43.938 43.8996 43.3609 43.1788 43.3689 43.6702 44.2052 44.3835 45.0192 45.3113 45.1944 42.245 42.8858 41.7108 41.1351 38.4946 37.1635 34.3 32.5606 32.0928 27.9031 27.6358 27.4687 22.2121 22.0437 21.9202 21.8291 21.6978 18.8852 18.8599
46.7945 46.835 46.8896 46.9661 47.079 47.4768 47.7107 48.2949 48.5716 45.9498 45.5638 42.8059 42.9534 43.252 43.5437 43.6137 43.5163 43.7795 43.6722 43.1881 43.1988 43.4703 43.6736 44.1896 44.0226 44.5184 41.5842 41.4719 40.7618 39.6319 39.4332 37.3633 34.7026 33.3915 31.8311 27.674 25.0474 24.7698 22.3636 22.0916 21.9053 21.7772 18.4347 18.8598 18.8278 18.8055 18.79
46.7515 46.7822 46.8234 46.8809 46.965 47.0955 47.3154 47.8444 48.126 46.649 45.1511 42.616 42.9429 42.9513 43.2294 43.3168 43.2821 43.2079 43.1586 43.1471 43.3332 43.1276 43.5595 41.9055 41.4111 39.653 38.6741 38.0891 39.0012 37.3251 34.9844 32.3855 31.1997 27.0566 25.5207 24.8142 24.5043 22.1346 21.8387 21.6537 18.407 18.8104 18.7701 14.5987 14.5997 19.9883 20.0519
46.7015 46.7191 46.7414 46.7705 46.8093 46.8624 46.9404 47.1925 46.5405 45.3402 43.3055 42.6052 42.5825 42.6875 42.8996 42.9009 43.1054 43.0329 42.431 42.3669 42.9546 41.7104 39.5834 39.4424 37.4321 37.704 37.0016 34.983 34.2188 33.9756 32.2505 27.3655 26.9611 24.5949 23.8294 22.0829 21.5751 16.4054 18.3315 16.8544 14.5954 14.6033 14.6076 19.9218 20.0156 22.8409 22.9278
45.9669 45.9837 46.0022 46.0218 46.0406 46.0553 46.0595 45.8274 44.7775 42.8818 42.709 42.8099 43.0462 42.8723 42.8892 42.8684 42.3585 41.7258 41.0913 40.5343 39.5061 36.8288 36.2174 35.1664 34.7024 33.724 33.6422 32.1936 29.0231 26.4773 27.494 24.7714 18.4452 19.1967 17.7907 16.3246 14.1725 14.5258 14.5702 14.5983 14.6138 17.3673 17.5345 22.7624 22.8904 22.9866 23.0593
45.8941 45.892 45.8838 45.8641 45.8226 45.7365 44.9582 44.6336 43.3554 43.0674 43.0705 43.2472 43.3863 43.463 43.2281 42.1362 41.3705 39.2459 38.9735 36.8263 35.7712 34.2356 33.063 32.7678 31.3728 30.8012 28.9539 27.6763 23.9372 21.6765 18.329 16.3233 15.0345 15.254 13.0056 14.1621 14.4104 14.5468 14.6098 17.1878 17.4859 22.6313 22.8375 22.9819 23.0839 23.1566 23.2087
45.8249 45.8068 45.7771 44.8195 44.8042 44.7473 44.5992 43.6271 43.1929 43.3992 43.3967 43.7364 43.1648 43.3102 42.1961 41.017 38.5413 36.3117 34.5444 34.0632 32.8481 31.7371 31.0273 30.5925 29.5164 25.616 24.8253 21.837 18.027 12.4286 11.2565 9.212 9.5192 8.2793 12.0277 14.1906 14.5757 16.7381 17.3462 22.3775 22.7589 22.9977 23.1488 23.2455 23.3078 28.205 28.3204
45.7631 44.753 44.7437 44.7211 44.6744 44.7179 43.273 43.3047 43.3976 43.4131 43.3468 42.567 42.4781 41.2536 38.4306 36.6345 33.8105 33.4843 33.1296 30.6402 29.5861 29.0889 27.7224 23.8051 21.7391 20.7752 19.7323 13.2869 11.8478 7.8165 6.5597 6.419 7.7006 10.0644 13.4351 15.727 16.9273 21.7584 22.642 23.0992 23.3346 23.4559 23.5169 29.1403 33.3905 33.4829 33.5467
44.7019 44.6883 44.8024 44.7556 44.6809 43.2856 43.3083 42.6592 42.663 42.8864 42.1898 39.3912 36.659 36.4683 35.5613 33.3831 31.5545 30.4841 30.2376 28.5231 26.3862 22.0438 21.3546 18.5715 15.3763 13.6919 12.067 8.8027 4.6347 4.018 9.1753 10.1918 15.986 19.2454 18.9292 19.6564 22.5706 23.6611 23.9912 24.0541 24.029 33.3084 33.5046 36.661 36.7159 36.7524 37.7765
44.7917 44.7651 44.7261 43.858 42.5157 42.507 42.4105 42.3818 42.2942 40.9767 39.0276 37.0981 34.996 33.5062 32.5938 29.7197 29.2773 27.6056 23.3217 22.574 20.4725 17.3784 10.8086 7.5206 9.5506 7.4684 8.3778 7.9963 9.2308 15.0603 15.7818 19.7153 22.2125 25.5341 26.1883 28.2146 28.6223 28.0778 29.1382 36.2142 36.4835 36.6466 36.7435 36.8004 37.7799 39.4723 39.5221
44.7441 44.712 43.856 42.4566 42.4383 42.3292 42.288 40.8085 40.6062 39.0612 35.7264 34.1833 32.6439 29.539 26.8925 25.8165 23.6004 21.4392 18.3131 14.5536 12.6191 11.4725 6.2604 5.9924 8.0143 10.0022 11.1553 12.8533 15.8917 20.9482 22.3934 25.8406 29.7154 29.6685 31.7853 33.3066 33.4626 34.9848 36.1891 36.6 36.808 36.9069 37.8709 39.508 41.1598 41.175 41.1853
44.7055 42.434 42.421 42.4011 42.2917 38.5266 36.9561 36.573 35.0013 34.1888 30.9818 28.4271 26.3265 24.9142 20.918 19.6976 20.3938 14.3487 10.6506 8.0445 7.1257 4.0995 4.2633 6.7649 12.2773 13.8533 18.5621 21.0938 23.6456 24.9813 27.6293 30.6588 31.655 32.7681 34.5922 34.7514 35.2647 36.4555 37.0048 38.425 39.3591 39.4206 41.1538 41.18 41.1961 41.7328 41.7344
42.4124 42.3993 38.4594 38.3533 36.6159 30.6336 30.3579 29.8348 28.8944 22.4442 18.8091 19.2705 21.5838 17.003 16.9619 13.9015 8.5955 8.4453 5.3582 2.5361 7.9824 7.6688 9.6808 12.6489 18.7395 21.1969 23.108 27.9885 29.4421 30.7245 30.6651 33.1986 33.8051 34.5719 36.1594 36.7771 38.0988 39.2858 40.1459 40.8907 40.9307 41.1885 41.7269 41.7317 41.7345 41.7363 41.7374
38.3045 38.2162 31.9766 31.744 29.8851 29.5408 28.9966 23.6568 21.2946 13.0184 13.5068 14.0557 11.8783 8.7314 7.4845 5.8788 4.2016 6.8937 7.2331 7.8526 12.063 14.4721 16.1977 18.8956 24.4857 25.832 29.5152 30.1633 31.8754 32.7031 33.6562 35.2897 35.7584 36.4292 37.8491 38.2572 39.1442 41.0325 41.0457 41.1734 41.7172 41.7294 41.7353 41.7382 41.7397 41.7405 41.7408
31.7265 31.5442 29.6862 24.86 24.4914 23.9585 23.1983 9.6036 9.7442 9.8684 9.8575 9.3658 8.2331 3.1642 2.9649 7.1178 6.0098 10.5409 14.3882 15.0228 17.5517 20.8579 23.052 27.8925 28.7026 30.6872 30.7523 32.4251 33.1203 34.268 35.7379 36.6006 36.8268 37.8526 39.9563 40.058 40.8215 41.5175 41.6827 41.7237 41.7397 41.7447 41.746 41.746 41.7455 41.7449 41.7443
24.8996 24.7154 24.4645 24.1234 18.8687 11.1676 11.1806 11.1742 11.1241 10.9785 10.6378 6.7253 6.1791 5.2978 6.0085 10.6582 11.3802 14.4626 18.1028 19.8029 23.2036 25.5375 27.531 29.6576 30.5974 31.6602 33.173 33.9107 35.2448 37.0892 37.234 38.3729 39.8174 40.3479 40.3239 40.5321 41.2873 41.7419 41.7973 41.8121 41.8105 41.8075 41.7573 41.7539 41.7513 42.2084 42.2153
24.455 19.2154 18.9695 11.0188 11.0187 11.0083 10.9801 10.9209 12.8847 8.9986 7.6722 8.0187 8.6503 11.7878 12.5022 15.7759 15.8428 18.8498 21.4972 24.5911 26.7398 27.6032 30.0399 31.258 32.7546 34.3055 35.6446 35.8314 37.3887 38.833 39.9804 41.6581 41.0834 41.0067 40.875 41.1626 41.7421 41.7799 41.8731 42.079 42.1786 42.2271 42.2524 42.2668 42.2756 42.2813 42.2852
19.0303 13.0764 13.0662 13.0502 13.0259 12.9893 12.9348 12.8547 9.0516 7.7316 11.2577 10.3015 14.9012 14.9389 18.3873 18.8365 22.23 22.6057 25.0771 25.9937 28.263 29.4234 31.9084 33.2707 34.5762 36.409 36.7418 38.1826 39.6511 40.4358 41.2125 41.4978 41.8234 41.4714 41.9239 42.308 42.3935 42.8256 42.3243 42.2905 42.3035 42.3064 42.3063 42.3056 42.1519 42.143 42.1367
13.0403 13.028 13.0109 12.9871 12.9542 12.9091 12.497 11.1305 11.2488 15.0225 16.7148 16.7231 16.9885 18.0579 20.7301 21.7826 23.036 25.4446 25.8722 28.6976 29.9512 31.7364 33.1398 34.2306 35.8347 37.0307 37.9266 38.8948 38.9707 39.7304 39.9335 40.6893 41.2877 40.9391 41.5519 42.6106 42.9833 44.1036 43.4954 42.897 42.725 42.6713 42.6541 42.6502 42.6514 42.6548 42.6589
13.0021 12.9855 12.9636 15.0392 15.0046 11.1413 15.1353 15.202 17.9404 17.9919 18.1277 18.4467 20.3524 22.5038 22.8548 23.3391 25.468 26.8178 28.8781 29.9604 32.786 33.2988 34.2035 35.5577 36.4297 36.0803 36.8034 37.6376 37.769 38.2329 39.0539 40.0437 40.0618 40.8521 40.9636 42.2702 42.0528 42.9642 42.8438 42.7616 42.6767 42.6474 42.6394 42.64 42.6439 42.6489 42.6542
15.1002 15.0819 15.0603 15.1867 15.2219 18.1359 18.1664 18.2209 18.3161 18.4816 18.7704 20.9723 23.3991 23.6431 24.9155 25.4595 26.9093 29.1539 30.1454 31.443 32.8736 33.3927 33.457 34.5748 35.4927 34.9786 35.0882 35.9124 36.998 37.7492 37.6583 38.2174 39.1086 40.3368 40.656 41.0544 41.7793 41.6126 41.5299 42.223 42.4652 42.5796 42.1662 42.1827 42.1924 42.1987 42.2033
15.0949 15.2389 15.2675 18.2379 18.2674 18.3116 18.3776 18.4768 18.627 20.7455 20.9845 24.0917 25.1357 25.2651 26.3775 27.8676 29.27 30.6772 31.9626 31.5394 30.8027 32.0344 31.578 31.9876 32.4016 34.1804 33.5578 33.6597 33.716 34.5477 34.8456 36.5566 37.4611 37.0121 39.0968 40.4291 41.69 41.637 41.3552 41.4816 41.5288 41.5495 42.2752 42.317 42.3444 42.3627 42.1887
18.2752 18.2936 18.3189 18.3535 18.4009 18.4663 18.5571 21.7233 21.8715 24.4972 24.5803 26.0178 26.1033 26.9633 28.2895 28.6647 29.3539 29.476 29.0305 29.2331 28.9853 28.9153 30.3664 30.0383 30.8237 30.9876 31.76 32.2069 32.3703 32.0195 32.8166 33.7905 35.4033 35.6678 37.3122 39.2806 41.2495 41.8702 41.6277 41.5644 41.5585 41.5621 41.5665 41.5702 41.5732 41.5756 42.357
18.3476 18.3749 18.4103 18.4565 18.517 21.7291 21.8213 21.9475 25.0042 26.0867 25.9917 26.064 27.3957 27.3945 28.1353 27.9908 27.8367 26.9228 26.2538 26.7823 26.5591 26.3606 26.7559 28.6885 29.4779 29.1091 28.4836 30.2526 31.1335 31.3214 30.1865 32.6403 33.299 33.9527 35.3267 37.2598 40.2486 41.0824 41.4913 41.5893 41.5756 41.5718 41.5719 41.5733 41.575 41.5766 41.5781
18.414 18.4482 18.4913 21.7339 21.7964 23.4417 25.9457 25.9616 25.9853 26.0207 26.073 27.2981 27.3089 27.9761 27.018 25.4661 25.7288 24.6762 24.3041 23.2518 23.6811 24.5351 25.6052 26.2161 28.3168 28.2901 29.3579 30.1283 29.9653 30.3574 29.799 37.2344 31.4167 35.1012 34.2018 36.6028 38.0715 39.9314 40.8051 40.8229 40.8226 41.5758 41.5751 41.5756 41.5765 41.5776 41.5787
21.7018 21.7375 21.7825 23.4277 25.9566 25.9674 25.9824 26.003 26.0313 24.9888 24.9697 25.6537 25.5614 24.6586 24.5221 23.7724 22.5211 20.1747 19.4376 20.8379 21.1506 21.483 23.7528 25.3286 28.2901 28.9402 30.2719 31.6079 31.7897 31.0981 34.9869 43.9972 49.0424 38.7967 37.3818 37.6614 37.6275 38.2832 39.8323 40.6904 40.7317 40.7458 41.5764 41.5768 41.5775 41.5784 41.5793
23.3699 23.4189 25.963 25.9708 25.9811 25.9945 26.012 24.8749 24.8471 24.8041 24.5598 24.4981 24.3868 24.1916 22.3676 21.8106 19.0009 17.1527 17.2974 17.5186 18.3981 19.8475 21.7625 24.84 27.2627 29.6835 30.6026 31.2391 34.4826 35.6025 36.0101 35.022 37.3778 38.5503 35.9453 37.6293 37.502 37.9554 38.2495 39.768 40.6577 40.6879 40.7029 40.7094 41.5782 41.5789 41.5797
25.9671 25.973 25.9805 25.9899 24.8369 24.8182 24.7924 24.7564 24.7057 24.4546 24.3971 24.2875 22.3769 22.197 20.3203 17.0266 16.5665 14.6395 14.8715 15.2557 17.3002 18.9295 21.4114 24.243 26.4357 28.5016 30.4523 31.2285 35.0575 40.1602 49.0188 41.5866 40.0981 37.2543 37.9259 37.6115 39.0206 37.8045 38.0433 39.3022 39.7265 40.6415 40.6638 40.677 40.6843 40.688 41.5801
25.9803 25.9872 24.805 24.7881 24.766 24.7372 24.6991 24.4618 24.4 20.8511 20.7778 20.6572 17.9135 15.2809 15.0174 13.5289 12.5276 11.984 11.1514 11.8754 15.8319 17.9805 21.3376 23.6614 26.5057 29.0048 31.7141 33.2027 31.4523 29.5232 38.0158 38.3601 38.0869 39.3839 40.4784 35.9987 37.1871 39.1029 37.924 38.0632 39.2926 39.3667 40.6322 40.6492 40.6602 40.6673 40.6715
