normal_rasters/0772100000297599.ascii
ncols 74 
nrows 57 
xllcorner 159474.484009
yllcorner 383886.199005
cellsize 0.25
nodata_value -9999 
[rows 0 to 30 of 57, columns 0 to 69 of 74]
1.6511 1.6489 1.4221 1.4164 1.4104 1.404 0.9688 0.7691 0.7674 0.7672 0.7391 0.7827 0.9786 0.9823 0.9862 0.9902 1.2735 1.2754 4.6471 8.2037 8.3154 15.4603 15.5715 19.1235 19.1257 19.2586 19.2596 19.2607 19.4005 19.5728 19.6259 19.7862 19.9051 19.9069 19.9684 19.9689 19.9694 19.9699 19.9852 19.9747 19.9846 19.9747 19.9847 19.9849 19.9851 19.9854 19.9953 19.9956 19.9956 19.9954 19.9953 19.9959 19.9965 19.9973 19.9977 19.998 19.998 20.0312 20.0325 20.0337 20.0348 20.0358 20.0715 20.0724 20.0902 20.0906 20.0908 20.0911 20.0912 20.0913
1.6525 1.6502 1.6477 1.4195 1.413 1.4061 1.3499 0.9628 0.7677 0.5746 0.7678 0.7394 0.9772 0.9812 0.9855 0.9899 0.9944 1.2745 4.6154 4.6877 8.2691 11.8776 15.5443 19.1228 19.1251 19.2581 19.2591 19.2603 19.3987 19.5701 19.6243 19.785 19.9045 19.9066 19.9682 19.9688 19.9694 19.97 19.9951 19.9848 19.9846 19.9747 19.9844 19.9848 19.9851 19.9854 19.9951 19.9955 19.9955 19.9954 19.9953 19.9957 19.9966 19.9974 19.998 19.9982 19.9982 20.0312 20.0328 20.0343 20.0356 20.0366 20.0721 20.073 20.0906 20.0909 20.0912 20.0914 20.0915 20.0916
1.6541 1.6516 1.6489 1.423 1.4161 1.4087 1.4008 0.9653 0.7682 0.5748 0.5739 0.7385 0.7838 0.9799 0.9845 0.9894 0.9944 1.2735 4.5779 4.6566 8.213 8.3579 15.5097 19.1218 19.1245 19.1273 19.2586 19.2599 19.3965 19.5667 19.5753 19.6303 19.7888 19.9061 19.9681 19.9688 19.9695 19.9702 19.9951 19.9848 19.9846 19.9844 19.9747 19.9846 19.9849 19.9853 19.9856 19.9953 19.9955 19.9953 19.9952 19.9955 19.9965 19.9976 19.9984 19.9985 20.0293 20.0313 20.0333 20.0351 20.0366 20.0717 20.073 20.0906 20.091 20.0913 20.0916 20.0917 20.0918 20.0919
1.6559 1.6533 1.6504 1.6473 1.4196 1.4117 1.4031 0.9684 0.7687 0.7663 0.5739 0.7375 0.7525 0.9783 0.9834 0.9888 0.9943 1.2723 1.2749 4.6189 8.1446 8.3042 15.4656 15.6731 19.1236 19.1267 19.2578 19.2593 19.261 19.3997 19.5721 19.6286 19.7874 19.9054 19.9083 19.9687 19.9695 19.9703 19.9952 19.9947 19.9847 19.9845 19.9747 19.9842 19.9847 19.9852 19.9857 19.9859 19.9955 19.9952 19.9951 19.9951 19.9965 19.9979 19.9988 19.999 20.029 20.0316 20.0342 20.0363 20.0709 20.0727 20.0905 20.0912 20.0916 20.0919 20.092 20.0921 20.0922 20.0922
1.6579 1.6552 1.6521 1.6488 1.4237 1.4152 1.4059 1.3961 0.9601 0.7666 0.574 0.5729 0.5893 0.9763 0.9819 0.9879 0.9941 1.0005 1.2737 4.5733 4.6775 8.2371 11.9414 15.5927 19.1224 19.126 19.2569 19.2586 19.2605 19.3969 19.5677 19.626 19.7855 19.9045 19.9079 19.9685 19.9695 19.9705 19.9952 19.9946 19.9847 19.9846 19.9747 19.9837 19.9844 19.985 19.9856 19.9861 19.9952 19.9951 19.9948 19.9948 19.9964 19.9983 19.9993 19.9995 20.0287 20.0323 20.0355 20.038 20.0722 20.0742 20.0913 20.0919 20.0922 20.0924 20.0925 20.0926 20.0926 20.0925
1.6603 1.6574 1.6541 1.6505 1.6466 1.4193 1.4092 1.3984 0.9633 0.7671 0.5741 0.5727 0.5869 0.7541 0.98 0.9867 0.9937 1.0009 1.2722 4.5177 4.6327 8.1527 8.3703 15.5463 15.7181 19.1249 19.1293 19.2577 19.2598 19.2622 19.491 19.6225 19.6363 19.7916 19.9071 19.9682 19.9695 19.9708 19.9719 19.9944 19.9848 19.9847 19.9843 19.9834 19.9838 19.9846 19.9855 19.9863 19.9865 19.9949 19.9943 19.9945 19.9962 19.9988 19.9999 20.0003 20.0286 20.0335 20.0377 20.071 20.0741 20.0916 20.0924 20.0928 20.093 20.0931 20.0931 20.093 20.093 20.0929
1.663 1.66 1.6565 1.6526 1.6483 1.4242 1.4132 1.4014 0.9673 0.6085 0.5742 0.5725 0.5839 0.7517 0.9776 0.9851 0.993 1.0011 1.2704 1.2742 4.5765 8.046 8.2904 12.0124 15.6894 19.1234 19.1285 19.2565 19.2589 19.2617 19.3982 19.4967 19.6338 19.7893 19.9059 19.9679 19.9695 19.971 19.9724 19.9943 19.9847 19.9849 19.9845 19.9834 19.9829 19.9839 19.9852 19.9864 19.9872 19.9943 19.9934 19.9936 19.9903 19.9997 20.0005 20.0015 20.0288 20.0358 20.0681 20.0737 20.092 20.0932 20.0938 20.0939 20.0939 20.0938 20.0937 20.0935 20.0667 20.0654
1.6661 1.663 1.6593 1.6552 1.6505 1.6453 1.4181 1.405 0.9722 0.6115 0.7645 0.5723 0.5706 0.7487 0.7568 0.9829 0.9919 1.0012 1.2229 1.2724 4.5055 7.9105 8.1855 11.9296 15.6478 19.1213 19.1273 19.2549 19.2577 19.261 19.3589 19.493 19.6297 19.7856 19.9039 19.9106 19.9693 19.9714 19.9732 19.9942 19.9845 19.9852 19.9848 19.9835 19.9747 19.9828 19.9843 19.9865 19.9884 19.9878 19.9914 19.991 19.9919 20.0025 20.0007 20.0039 20.0298 20.0402 20.0722 20.0928 20.0948 20.0953 20.0953 20.0951 20.0948 20.0945 20.0687 20.0667 20.0652 20.0639
1.6697 1.6665 1.6627 1.6582 1.6531 1.6474 1.4239 1.4095 1.3939 0.6153 0.6063 0.5721 0.5699 0.5846 0.7537 0.98 0.9903 1.0011 1.012 1.224 4.4155 4.5973 8.0469 11.8156 15.5877 15.7589 19.1254 19.1331 19.2559 19.2599 19.2644 19.4875 19.6231 19.6875 19.9008 19.9092 19.969 19.9718 19.9742 19.9938 19.9842 19.9853 19.9854 19.9838 19.9817 19.981 19.9825 19.9859 19.9903 19.9911 19.9841 19.9836 19.9913 20.0152 19.9946 20.0109 20.0276 20.0671 20.0826 20.0983 20.0984 20.0977 20.097 20.0963 20.0721 20.069 20.0665 20.0646 20.0455 20.0339
1.6738 1.6706 1.6666 1.6618 1.6563 1.65 1.4311 1.4151 1.3977 0.9648 0.6099 0.601 0.569 0.5793 0.7497 0.7612 0.9879 1.0005 1.0133 1.2234 1.3001 4.5044 4.7251 8.2755 12.055 15.703 19.1225 19.1318 19.2535 19.2582 19.2639 19.4793 19.4993 19.6828 19.8007 19.9064 19.9684 19.9725 19.9756 19.9932 19.9837 19.9853 19.9864 19.9846 19.9814 19.9747 19.9747 19.983 19.9923 20.0022 19.9883 19.9753 19.9812 19.9945 19.9858 19.9944 20.041 20.1035 20.1086 20.1048 20.102 20.0999 20.0848 20.073 20.0688 20.0658 20.0461 19.9913 19.9889 19.9871
1.6786 1.6754 1.6713 1.6663 1.6603 1.6533 1.6454 1.4222 1.4025 0.9717 0.6145 0.6018 0.5679 0.565 0.7442 0.7574 0.9844 0.9993 1.0145 1.2226 1.2252 4.3801 4.6333 8.0943 11.9094 15.6132 15.8953 19.1296 19.2501 19.2557 19.2629 19.3579 19.4917 19.674 19.7929 19.901 19.9186 19.9736 19.9779 19.9921 19.9901 19.9854 19.9878 19.9859 19.9815 19.9747 19.9747 19.9747 19.9878 20.0146 20.0034 19.9783 19.9747 19.9747 19.9723 19.9794 20.0594 20.1363 20.1116 20.1004 20.0922 20.0863 20.0733 20.0677 20.0468 19.9933 19.9895 19.9869 19.9851 19.9838
1.6841 1.681 1.6769 1.6717 1.6653 1.6575 1.6486 1.4856 1.4089 1.3845 0.6206 0.6059 0.4071 0.5626 0.5795 0.7519 0.7694 0.9971 1.0154 1.1967 1.2246 1.3006 4.5022 4.817 11.6892 15.4689 15.8215 19.1255 19.1416 19.2517 19.261 19.3511 19.4789 19.6578 19.773 19.8203 19.9164 19.9758 19.9819 19.9897 19.9865 19.9856 19.9901 19.9872 19.9821 19.9747 19.9747 19.9747 19.9747 19.9758 19.983 19.9747 19.9747 19.9729 19.9559 19.9705 20.0034 20.0842 20.1353 20.0962 20.0864 20.0567 20.0114 20.0042 19.99 19.986 19.9835 19.9819 19.9809 19.9444
1.9418 1.6876 1.6836 1.6783 1.6715 1.663 1.6529 1.6412 1.4171 1.3891 0.6287 0.6116 0.4108 0.5595 0.42 0.7438 0.7647 0.9934 1.0158 1.1962 1.2237 1.2963 4.3137 4.6914 11.355 15.2224 15.6793 16.208 19.1395 19.2452 19.2573 19.2734 19.3935 19.5096 19.7302 19.8035 19.9086 19.9872 20.008 19.9867 19.9805 19.9854 19.9984 19.9817 19.9821 19.9747 19.9747 19.9747 19.9747 19.9703 19.9738 19.9639 19.974 19.9681 19.9385 19.9383 19.9393 19.9969 20.0604 20.045 20.0172 20.0032 19.9965 19.9823 19.9791 19.9775 19.9428 19.9427 19.9428 19.9429
2.0178 1.9428 1.6917 1.6864 1.6794 1.6701 1.6587 1.645 1.4795 1.3955 0.6394 0.6196 0.416 0.3978 0.4142 0.5814 0.757 0.7863 1.0153 1.1953 1.2223 1.2515 1.3264 4.4889 5.0973 11.8499 15.4043 16.1366 19.1344 19.231 19.2501 19.302 19.3829 19.4886 19.6684 19.7615 19.8595 20.0074 20.0195 19.9982 19.9764 19.9787 20.0103 19.9958 19.9798 19.9747 19.9747 19.9747 19.9747 19.9622 19.9395 19.9357 19.9436 19.9415 19.9306 19.9306 19.9306 19.938 19.9433 19.9456 19.9416 19.9327 19.9311 19.938 19.9387 19.9394 19.94 19.9405 19.941 19.9414
2.0373 2.0199 1.7012 1.6964 1.6893 1.6795 1.6666 1.6506 1.4871 1.4044 1.0781 0.6309 0.6031 0.4009 0.4058 0.5702 0.7446 0.7816 1.0132 1.1936 1.1984 1.2275 1.319 4.1627 4.9579 11.3645 15.0442 15.9205 19.0398 19.1649 19.2337 19.2925 19.3505 19.4152 19.5662 19.69 19.8325 19.9301 20.0087 20.0242 19.9933 19.9776 19.982 19.9789 19.9747 19.9747 19.9747 19.9707 19.9696 19.9443 19.9331 19.9306 19.9306 19.9306 19.9306 19.9306 19.9306 19.9306 19.9216 19.9036 19.9033 19.9098 19.9126 19.9145 19.9157 19.9165 19.917 19.9174 19.9176 20.2619
2.1536 2.0405 2.0223 1.7085 1.7019 1.6919 1.6776 1.6589 1.636 1.4631 1.0856 0.7459 0.6131 0.4059 0.3937 0.4109 0.5875 0.7718 0.8268 1.1908 1.1966 1.226 1.2626 1.327 4.5833 8.41 14.3009 15.6184 19.0324 19.1561 19.2113 19.2589 19.3662 19.4107 19.5061 19.651 19.7785 19.9575 19.9702 20.0231 20.022 19.9943 19.9747 19.9747 19.9747 19.9713 19.9679 19.9483 19.9389 19.9326 19.9306 19.9306 19.9306 19.9306 19.9306 19.9306 19.9306 19.9306 19.9184 19.9038 19.9058 19.9102 19.9138 19.9158 19.9168 19.9174 19.9177 20.2508 20.275 20.4813
2.1576 2.1553 2.0444 2.0252 1.7178 1.7082 1.6931 1.6714 1.643 1.4697 1.423 0.7601 0.629 0.4144 0.3747 0.3935 0.566 0.7523 0.8298 1.1862 1.1925 1.2096 1.2609 1.3166 3.8855 5.5022 11.2214 15.0418 17.2653 19.1415 19.1814 19.2935 19.3662 19.3936 19.5226 19.6128 19.7671 19.8717 19.966 19.9889 19.9988 19.9782 19.9747 19.9747 19.9719 19.9583 19.9556 19.939 19.9332 19.9306 19.9306 19.9306 19.9306 19.9306 19.9341 19.9364 19.9266 19.9164 19.9258 19.9132 19.892 19.9124 19.9168 19.918 19.9536 19.9572 20.4513 20.8649 20.8985 20.9215
2.3699 2.1603 2.1574 2.0492 2.0388 1.7298 1.7149 1.6905 1.6552 1.6107 1.4188 0.8143 0.746 0.5042 0.3743 0.367 0.3977 0.609 0.8301 1.054 1.1849 1.2008 1.2566 1.2884 1.3373 4.5242 6.8403 16.9542 17.5423 19.0519 19.1799 19.2128 19.3373 19.3977 19.5146 19.6002 19.6636 19.8705 19.9706 19.9747 19.9786 19.9747 19.9747 19.9747 19.969 19.9521 19.9616 19.9447 19.9366 19.9306 19.9306 19.9306 19.9306 19.9374 19.9479 19.9471 19.9274 19.8879 19.9062 19.9323 19.9495 19.945 19.9543 20.2764 20.4695 20.5269 20.9016 20.9361 20.9575 20.9707
2.3766 2.369 2.1637 2.1598 2.1543 1.758 1.7457 1.72 1.6767 1.616 1.4138 0.8411 0.7707 0.5234 0.3762 0.3317 0.3483 0.5496 0.8233 1.0817 1.175 1.1746 1.2209 1.314 1.3248 1.3787 5.2985 10.4581 14.5966 17.2632 19.0643 19.2238 19.3368 19.366 19.5069 19.6524 19.6809 19.7416 19.9399 19.9747 19.9747 19.9747 19.9747 19.9747 19.9747 19.9701 19.9643 19.9535 19.9375 19.9306 19.9334 19.9306 19.9306 19.9344 19.9611 19.9587 19.945 19.9497 19.9002 19.9536 19.9943 20.1063 20.327 20.5271 20.7459 20.9795 21.2087 21.2187 21.2228 21.2239
2.3851 2.3778 2.3678 2.1681 2.1626 2.1549 1.7882 1.7661 1.7158 1.6312 1.4081 0.8836 0.8402 0.6184 0.4316 0.2242 0.189 0.3814 0.7287 1.1407 1.1654 1.1673 1.2093 1.2678 1.3178 2.5057 8.068 9.2489 8.0641 18.5289 19.0389 19.1887 19.3168 19.4118 19.5222 19.6295 19.6864 19.7102 19.7593 19.9028 19.9657 19.9747 19.9747 19.9747 19.9705 19.96 19.9697 19.9525 19.9342 19.9483 19.9531 19.936 19.9306 19.9345 19.9557 19.9722 19.9701 19.981 20.0459 20.1546 20.3164 20.5027 20.8347 21.2351 21.2814 21.2968 21.2989 21.2958 21.2908 21.2853
2.4385 2.3893 2.38 2.3666 2.1739 2.166 2.1548 1.836 1.7868 1.6708 1.5003 0.9892 0.9051 0.6517 0.5036 0.2569 0.1764 0.1237 0.4731 1.0569 1.1515 1.1675 1.1982 1.222 1.2926 1.7935 5.0248 13.6201 14.3038 18.7608 18.887 19.052 19.2076 19.2957 19.4979 19.5149 19.6137 19.726 19.7407 19.767 19.9403 19.9784 19.9747 19.9747 19.9725 19.9407 19.9688 19.9621 19.9572 19.9695 19.9747 19.9596 19.9422 19.947 19.9758 20.024 20.0179 20.0503 20.1541 20.304 20.7199 21.0534 21.2898 21.371 21.3748 21.3602 21.3434 21.3282 21.6399 21.6443
2.4492 2.4443 2.4365 2.3845 2.3654 2.1818 2.1697 2.1545 1.974 1.7644 1.4867 1.0471 1.0375 0.7919 0.4862 0.3249 0.2427 0.1507 0.2763 0.6884 1.1225 1.1951 1.2042 1.2032 1.2209 1.3205 6.8534 6.2532 13.4808 15.6389 17.2632 19.0324 19.1754 19.2934 19.4537 19.4998 19.5388 19.6392 19.7344 19.7781 19.9615 19.9937 19.9788 19.9747 19.9795 20.0121 19.9792 19.9821 19.9756 19.9747 19.9747 19.9856 20.0062 19.9976 20.0645 20.2379 20.26 20.4112 20.5105 20.6138 21.0207 21.2684 21.6248 21.5488 21.4746 21.6589 21.6609 21.6632 21.6646 21.665
2.4618 2.4595 2.4549 2.446 2.4295 2.3656 2.1925 2.1751 2.096 1.979 1.5201 1.1429 1.04 0.7173 0.5108 0.3438 0.2484 0.1843 0.24 0.5808 1.0005 1.1459 1.1469 1.2008 1.2208 1.2616 4.8067 12.1218 10.5144 8.5687 11.5915 17.8176 19.1627 19.3178 19.4735 19.4975 19.5037 19.5746 19.7138 19.8104 19.9974 20.0107 19.9965 19.9806 19.9952 20.0234 20.0166 20.0227 20.0035 19.9883 19.9771 20.0832 20.1768 20.1679 20.1536 20.4506 20.5404 20.7871 21.0786 21.3211 21.3805 21.8182 21.9141 21.8179 21.7242 21.7084 21.9752 21.9867 21.8242 21.8611
2.4759 2.4774 2.4778 2.476 2.469 2.4498 2.4022 2.2049 2.2059 2.0175 1.6717 1.2043 0.9189 0.6772 0.5387 0.3977 0.2934 0.243 0.1902 0.2681 0.9116 1.0843 1.118 1.1402 1.2154 1.2593 2.1774 7.3947 15.9854 11.9075 5.6047 16.9483 19.2437 19.2862 19.449 19.502 19.506 19.554 19.6703 19.8295 19.9432 19.9882 20.0195 19.9997 19.9804 20.0071 20.0271 20.0271 20.0271 20.0222 20.0754 20.1933 20.5028 20.564 20.5909 20.906 21.0187 21.545 21.5433 21.7895 22.3134 22.2395 22.1782 22.2265 22.2804 22.1499 22.1563 21.8719 21.8598 21.8512
2.6355 2.6365 2.6375 2.5116 2.5213 2.5313 2.5357 2.5011 2.1988 1.8346 1.6113 1.4541 0.9847 0.8028 0.5234 0.3999 0.4067 0.2967 0.2821 0.5117 0.708 0.9285 1.0887 1.1585 1.092 1.2013 1.1662 2.6966 15.6109 17.5112 17.0429 16.7495 19.2205 19.2729 19.3235 19.4601 19.5023 19.5472 19.5802 19.7706 19.8908 19.9849 20.0183 20.0224 19.9998 19.9867 20.0165 20.0271 20.0552 20.2372 20.3602 20.3596 20.6933 21.138 21.3888 21.3486 21.739 22.1591 22.4852 22.5674 22.5334 22.7492 22.596 22.4163 22.1976 22.1828 21.8725 21.8551 21.1696 20.2769
2.6503 2.6555 2.6628 2.6736 2.6906 2.6875 2.7493 2.8577 2.7716 1.962 1.7578 1.6341 1.3336 1.0176 0.8593 0.5236 0.5317 0.3975 0.2981 0.4057 0.7338 0.8527 0.9915 1.0228 1.0141 1.038 1.1286 2.545 10.0677 16.0521 17.3171 18.858 19.1122 19.2767 19.3189 19.3647 19.4762 19.5519 19.5703 19.6557 19.8425 20.0084 20.022 20.0225 20.0167 20.0141 20.0221 20.1533 20.5076 20.5171 20.5883 21.0476 20.893 21.6112 21.7697 22.099 22.3349 22.9282 23.036 22.9321 22.88 22.9139 22.5226 22.3136 22.23 22.1787 20.8116 20.3661 20.2391 19.719
2.6635 2.672 2.6838 2.7467 2.8092 2.8279 2.8614 2.933 2.9574 2.4387 1.7143 1.5104 1.3019 1.1388 0.9549 0.8121 0.5955 0.4576 0.2873 0.2064 0.5234 0.9699 0.9976 0.9743 0.9964 1.0 1.0262 2.812 7.338 3.1038 15.7855 16.4837 17.47 19.1484 19.3262 19.3629 19.4247 19.5237 19.582 19.6455 19.723 19.9156 20.025 20.0271 20.0232 20.0221 20.0491 20.4939 20.849 21.0108 21.4096 21.619 21.9324 22.3841 22.5841 22.525 22.9622 22.9987 23.06 23.1555 22.9906 22.6519 22.269 22.1052 21.57 20.8334 20.6303 19.7258 19.6431 19.6022
2.4874 2.4955 2.5062 2.521 2.5425 2.5749 2.6255 2.8323 2.752 2.4322 1.2116 0.9477 1.3173 1.1669 0.9734 0.8534 0.7485 0.6093 0.3719 0.2603 0.3441 0.5938 0.8758 0.904 0.9528 0.9956 1.0064 1.1168 5.9552 12.8612 9.8545 12.4655 17.5039 18.9104 19.163 19.3593 19.4277 19.4892 19.5545 19.6015 19.733 19.8396 19.9841 20.0322 20.0773 20.2812 20.4766 20.8494 21.2361 21.6944 21.9814 22.5982 22.9444 23.1681 23.6859 23.7435 23.4679 23.4133 23.4771 23.2476 22.6663 22.2196 21.8829 21.474 20.7829 19.8013 19.5744 19.4895 19.4669 19.4696
2.464 2.4653 2.4662 2.4658 2.4622 2.4511 2.4238 2.3631 2.6897 2.2053 0.7703 0.634 0.655 1.2741 1.103 0.8349 0.7292 0.5779 0.4161 0.3537 0.4111 0.5313 0.6849 0.7934 0.8697 0.9454 0.9535 1.0344 3.5659 15.5758 15.5591 15.6845 18.87 18.9033 19.0385 19.1944 19.3763 19.4128 19.5452 19.5674 19.6601 19.885 20.0246 20.3353 20.5061 20.6294 20.9315 21.5126 22.221 22.3784 23.9723 24.1448 24.0951 24.1585 24.1074 24.42 24.4233 23.9394 23.6754 23.387 22.772 21.9992 21.4538 21.1542 19.7531 19.2289 18.7988 18.7704 18.5308 18.5073
2.4403 2.4351 2.4264 2.4115 2.3852 2.3363 1.9755 1.6462 1.1725 1.0635 0.6351 0.4638 0.85 1.4079 1.3561 0.9761 0.6765 0.6125 0.5692 0.426 0.4425 0.5361 0.6422 0.7317 0.7329 0.8117 0.8782 0.8762 2.3866 6.6833 10.0923 16.891 18.6964 18.9512 19.0638 19.0975 19.2175 19.4092 19.522 19.6576 19.7139 19.9071 20.1929 20.5491 20.9631 21.4677 22.0494 22.1926 23.6907 25.2815 25.3183 25.5502 25.9568 25.7777 25.1149 24.78 24.6795 24.4681 23.6778 23.4131 23.1039 21.8041 21.1672 19.3648 18.488 18.4288 18.5256 18.3799 17.1779 17.0818
2.4183 2.4076 2.5595 2.4836 2.4556 2.3957 2.3386 1.9867 1.8849 1.896 1.3842 0.492 0.5959 1.2819 1.3167 1.3448 1.0252 0.8025 0.7656 0.6072 0.6044 0.6427 0.65 0.703 0.6456 0.6358 0.746 0.7726 0.6307 7.0937 16.9267 10.13 18.3443 17.6258 19.0031 19.0722 19.1526 19.3729 19.4747 19.6157 19.8244 20.0854 20.6699 21.1014 21.7622 22.013 24.324 25.4756 25.7956 27.0768 28.1002 27.2438 27.3457 27.3262 27.0185 25.5942 24.7664 24.1487 23.5896 22.9407 22.1806 21.7447 19.7252 19.2015 17.8851 17.759 17.1577 16.9323 15.2594 14.9826
