normal_rasters/0772100000302909.ascii
ncols 46 
nrows 66 
xllcorner 159136.747009
yllcorner 384385.017029
cellsize 0.25
nodata_value -9999 
[rows 0 to 43 of 66, columns 0 to 45 of 46]
39.1761 39.7333 39.7445 39.9323 39.9664 40.0073 40.0553 41.0055 41.0601 42.358 42.3595 42.3611 42.3866 42.386 42.4756 42.4735 42.4715 43.3758 43.4043 44.3438 44.4112 44.4812 45.5853 45.9943 46.7594 46.743 46.4066 46.405 46.3769 46.3667 46.3563 46.3464 46.3375 46.3296 46.3229 46.3173 46.3126 46.3088 46.3712 46.3689 46.367 46.3656 46.3644 46.0208 46.0204 46.02
39.1681 39.1684 39.7203 39.8949 39.9299 39.9734 40.026 40.0876 41.0407 41.9137 42.3589 42.3609 42.3629 42.3869 42.4755 42.4728 42.4703 42.468 43.3855 44.3136 44.3982 44.4862 45.5857 46.0086 46.7624 46.7433 46.4171 46.4147 46.3841 46.3709 46.3579 46.3459 46.3354 46.3266 46.3193 46.3135 46.3088 46.37 46.3672 46.3652 46.3636 46.0219 46.0213 46.0208 46.0203 46.0199
39.1592 39.1587 39.1594 39.7055 39.8854 39.9308 39.9877 40.0567 41.0135 41.0936 42.358 42.3604 42.363 42.3882 42.3871 42.4722 42.4688 42.4658 43.3608 44.2744 44.3836 44.497 45.5894 46.3116 46.7661 46.4288 46.431 46.4273 46.3926 46.3752 46.3586 46.344 46.3318 46.3221 46.3144 46.3085 46.3682 46.365 46.3627 46.361 46.0225 46.0218 46.0212 46.0207 46.0202 46.0198
41.0707 39.1477 39.1474 39.1488 39.6889 39.8773 39.9379 40.0145 40.1072 41.0694 41.9266 42.3595 42.3629 42.3665 42.389 42.4717 42.4669 42.4628 43.3275 44.2218 44.3675 44.5187 45.3026 45.9537 46.7706 46.4466 46.4504 46.4443 46.4027 46.3788 46.3573 46.3397 46.326 46.3156 46.3079 46.3657 46.362 46.3593 46.0242 46.0232 46.0224 46.0217 46.0211 46.0205 45.22 45.2092
40.6745 39.1355 39.1336 39.1336 39.1362 39.6706 39.873 39.9568 40.0631 41.0322 41.9077 42.3577 42.3623 42.3674 42.3919 42.4716 42.4646 42.4585 43.2802 44.1479 44.3511 44.6719 45.3534 45.9989 46.7753 46.4719 46.4793 46.4683 46.414 46.3802 46.3525 46.3318 46.3169 46.3066 46.362 46.3576 46.0266 46.0252 46.024 46.023 46.0222 46.0215 45.228 45.214 45.2024 45.1927
40.6866 40.6289 39.118 39.1158 39.1166 39.1215 39.6516 39.8779 39.9983 40.1506 41.1293 41.9518 42.3604 42.368 42.3756 42.3937 42.4618 42.4519 43.2091 43.3612 44.338 44.7183 45.9488 46.6234 46.7778 46.414 46.5265 46.4825 46.4251 46.3759 46.3412 46.3184 46.3038 46.356 46.0305 46.0282 46.0263 46.0249 46.0237 46.0227 46.0219 45.2205 45.2051 45.1927 45.1825 45.1743
40.7067 40.6428 40.5692 39.0953 39.0928 39.0953 39.1047 39.6351 39.9036 40.0841 41.0784 41.9238 42.3558 42.3669 42.3803 42.4031 42.4591 42.4405 43.0946 43.2923 44.4438 44.8323 46.0655 46.5886 46.5386 46.4707 46.6157 46.5354 46.4286 46.3583 46.3192 46.2977 46.3457 46.0332 46.0299 46.0275 46.0257 46.0243 46.0232 45.2296 45.2085 45.1919 45.1788 45.1685 45.3456 45.3409
41.8491 40.6679 40.5849 40.4883 39.0645 39.0621 39.0684 39.541 39.6308 39.9762 40.8401 41.7368 42.0083 42.3605 42.3849 42.4077 42.4607 42.4157 42.8994 43.1514 44.4353 45.1296 46.7758 46.514 46.1682 46.5428 46.8277 46.6246 46.396 46.3156 46.283 46.0441 46.0364 46.0318 46.0287 46.0265 46.0248 45.2433 45.2126 45.1894 45.172 45.3427 45.3354 45.33 41.3759 41.3161
41.8903 41.7956 40.6173 40.5053 39.0315 39.0207 39.0193 39.0357 39.5054 39.806 40.7363 41.6716 41.8524 42.2812 42.3805 42.4425 42.4938 42.3421 42.6292 42.6932 44.7703 46.1817 46.8328 46.0903 46.0324 46.3634 47.3532 46.6823 46.2814 46.2457 46.0523 46.0389 46.0328 46.0293 46.0269 45.2659 45.2174 45.1831 45.3409 45.3278 45.4235 45.4198 41.4585 41.3885 41.3324 41.2875
41.9508 41.8548 41.7297 41.5675 40.3896 38.9708 38.9538 38.9578 39.0041 39.5093 39.9588 40.9703 41.8112 42.2379 42.3027 42.5071 42.5837 42.5126 42.5181 43.9682 45.7496 47.5794 46.5432 45.9392 45.8436 45.8467 46.6407 46.2441 46.1555 46.0423 46.0333 46.0306 46.0283 46.0264 45.2231 45.347 45.4226 45.4092 45.4016 45.3978 41.4841 41.3872 41.3121 41.2541 38.7169 38.6749
42.0341 41.9443 41.8207 41.6494 41.4128 40.208 38.8708 38.8416 38.8717 39.025 39.5973 40.7411 41.6925 42.0783 42.2141 42.4662 42.5912 42.8717 43.0207 43.8379 43.4163 45.452 45.688 45.8807 45.5539 45.0917 45.2984 45.787 45.8523 46.0035 46.0255 46.0264 45.426 45.3433 45.3919 45.3704 45.3614 41.7159 41.5262 41.3843 41.2791 38.7304 38.6628 38.6125 32.2405 32.1146
42.9354 42.0684 41.9614 41.8015 41.5583 41.1876 40.6443 38.6839 38.6341 38.8262 39.5745 40.2473 41.3287 41.9807 42.1773 42.274 42.9475 43.169 43.2648 43.5164 44.2024 44.2037 44.6534 44.8672 44.9726 45.0182 45.504 45.7412 45.9694 46.1538 45.7236 45.4292 45.2742 45.2173 43.4119 41.9154 41.6021 41.3779 41.2207 38.6551 38.5687 38.509 32.2147 25.9695 25.8162 25.6937
43.0829 43.0184 42.9157 42.0405 41.8433 41.4938 40.8641 39.8122 38.3118 38.4174 39.5428 39.8512 41.225 41.6332 42.1448 42.4513 43.1154 43.218 43.3213 43.4831 43.8061 43.9075 44.251 44.6153 44.9811 45.1974 45.568 45.9056 46.2007 46.0341 45.3901 45.0711 44.1793 43.2904 41.7557 41.3641 38.6822 38.5033 38.3927 38.326 32.1631 26.0421 25.8305 25.6669 20.5766 20.4733
43.2373 43.2145 43.1772 43.1055 42.9965 42.1129 41.693 40.6448 38.639 38.7348 40.6883 40.4666 41.1057 41.9328 42.4406 42.8918 43.1647 43.2821 43.3649 43.4059 43.4831 44.0949 44.1632 44.985 45.0652 45.5077 45.5674 45.3953 46.3188 45.8962 43.4668 43.6293 42.9117 39.2372 38.661 38.3471 38.1877 38.1148 25.369 26.1563 25.849 25.6211 20.512 20.3841 18.578 21.9225
43.6816 43.7035 43.7344 44.4649 44.515 43.6609 43.8606 43.5803 43.4386 40.3075 40.1967 40.1668 41.0122 42.5322 42.6972 43.16 43.2935 43.3935 43.4602 43.3894 43.6438 44.0976 44.6085 45.071 45.1431 44.665 44.3884 43.554 42.4868 42.594 41.6417 41.2073 37.3048 36.5871 36.3097 36.2373 25.6132 25.1159 25.8736 25.5389 20.3854 20.2266 17.1202 21.8431 21.9003 23.5108
43.7423 43.7815 43.8385 43.9268 45.4712 45.6759 46.1389 46.9891 49.51 45.8145 40.4415 40.3934 40.6386 42.5989 43.0069 43.3238 43.4719 43.4238 43.4785 43.4499 43.7403 43.9359 44.7219 43.7369 43.6568 42.4641 41.4116 41.168 39.9445 38.5489 36.5438 34.2464 33.297 30.9272 25.8822 25.1249 24.6155 19.185 18.8907 18.7011 16.1089 17.0795 21.7986 21.8736 23.3189 23.409
44.2442 44.2638 44.2913 45.1797 45.1866 45.2178 45.3343 45.7426 45.3637 43.5815 42.2616 40.6961 40.8689 42.3104 42.6421 43.3549 43.6446 43.5309 43.2281 43.2155 43.1003 42.4988 43.1015 42.0136 40.7466 39.102 38.4497 37.9151 36.8827 34.6979 33.3299 29.2335 25.1007 22.0077 19.1425 19.2984 15.3786 15.1475 16.0877 16.0272 17.0158 21.7407 23.2131 23.3498 23.4543 23.534
44.1529 44.1466 44.1356 44.1157 44.0779 44.0018 43.8446 43.6116 42.8699 41.2809 40.6525 40.7841 41.1942 42.121 42.9268 43.2646 43.5267 43.2594 42.4278 41.3992 42.2394 39.1838 38.987 36.4381 36.9575 36.1135 34.8198 34.509 32.6089 30.3967 28.5022 25.7465 22.4874 18.7814 15.7624 15.2252 13.9542 15.9146 15.8831 19.0899 23.0124 23.24 23.4058 23.5263 23.6139 23.6775
44.0662 44.0373 43.9944 43.6062 43.5207 42.6379 42.7166 42.8565 42.1486 41.0414 40.9615 41.2915 41.525 42.0761 42.7902 43.2997 42.3034 41.8361 40.1057 38.4263 36.1368 36.6541 34.769 33.7344 33.1554 33.7691 31.6048 29.186 27.4624 25.1832 20.0701 19.4294 14.8746 13.6547 13.6207 13.5668 15.586 15.6243 20.2121 23.0088 23.3052 23.5063 23.6425 23.7347 27.7952 27.8433
42.3076 42.3172 42.3291 42.3438 42.3614 42.3793 42.3775 42.2512 41.6441 41.5736 41.7225 41.7721 41.9436 42.3698 41.9833 40.3078 40.0556 37.337 36.0261 34.6258 33.7145 32.6603 32.7506 32.2272 30.7806 28.7481 29.4859 23.5367 20.7216 17.4802 16.7058 9.7884 8.356 9.9705 12.1796 15.3197 18.7948 20.1276 23.0597 23.4516 23.6903 23.835 27.8615 27.9248 27.965 30.5554
42.2948 42.3 42.3052 42.309 42.3085 42.2956 42.2526 41.7796 41.8386 42.096 42.4491 42.5765 41.7521 40.6203 40.6944 38.2445 36.533 34.7241 34.4176 32.9803 31.6544 30.2486 28.3361 28.9828 26.8474 21.7791 20.0476 18.6565 15.6922 12.7142 6.2775 5.1683 9.5678 13.1126 16.407 18.5033 21.4498 23.273 23.7822 26.4587 27.9953 30.5788 30.5932 30.5993 33.0222 33.0667
42.1749 42.1754 42.1735 42.3218 42.2998 42.2576 41.4477 41.7628 41.9622 41.8312 41.4557 40.3402 39.1598 38.2143 36.7196 35.5451 33.1149 32.0078 29.834 29.7841 27.2378 25.1901 25.0285 21.9596 20.4544 19.9607 12.5502 11.6815 9.2535 6.783 2.8936 9.2135 16.669 15.1418 18.5136 21.8247 26.3474 26.7728 30.5977 30.6523 30.6725 30.6761 33.0316 33.0958 33.1404 35.4504
42.3077 42.299 42.2847 42.2617 41.6448 39.9651 38.7176 39.1287 39.7521 40.4629 39.1689 37.4725 36.2662 35.4411 32.6881 30.5279 29.2393 29.0282 28.241 25.5549 23.1774 21.4912 19.1338 17.9559 11.2494 9.8029 8.4631 9.9315 9.4509 10.1901 13.6685 20.2367 20.4031 23.2307 26.735 30.1146 30.6896 30.8306 30.8508 30.8344 33.0492 33.5708 35.3863 35.444 35.4846 36.7772
42.2801 40.4455 37.885 37.9066 37.9244 37.9275 37.8831 37.6918 37.0267 34.5368 33.6174 33.8935 31.5041 29.8108 29.8911 27.5677 27.1771 24.91 24.0213 20.6674 17.2866 12.9692 12.4267 5.379 5.637 4.2194 6.9089 10.4717 11.9741 15.6474 19.1554 24.3369 22.7156 26.7704 30.2695 31.5747 31.4297 31.2577 33.4282 35.1941 35.3502 35.4465 35.5067 35.5449 36.8774 36.9659
37.7187 37.7075 37.6855 37.6442 37.5667 37.4186 35.095 34.284 32.1072 30.8787 30.4791 28.3369 29.4899 27.1731 25.337 23.6174 20.3156 18.7515 13.7654 12.3785 10.7432 5.1465 7.3333 3.4959 6.7068 9.4782 11.4437 14.4947 20.4699 24.2051 26.2497 27.5958 31.2839 31.6802 33.0288 33.035 33.1717 34.9566 35.3141 35.4956 35.5857 35.6302 36.9217 38.3087 40.6048 40.6717
37.5985 37.5603 35.254 35.1698 35.0274 34.7863 32.1745 29.5213 29.5498 29.2777 27.9835 25.569 23.7194 23.8138 20.6304 17.2367 15.0094 9.2196 5.7117 4.9735 5.3801 4.7313 9.0834 8.8931 15.1895 18.4712 22.0168 24.6292 26.8123 29.0837 29.9001 31.4817 32.7631 35.2364 34.7706 34.6874 35.5037 35.836 35.9163 35.9066 37.45 39.3084 41.6026 42.9157 42.9554 42.9822
35.1651 35.1053 35.017 34.8857 31.7669 31.6173 29.2683 29.2217 29.0625 25.5404 23.2456 19.2613 17.4124 12.9885 11.1168 10.6758 7.0786 6.1322 5.8814 6.126 8.0705 11.286 15.8166 19.7046 19.9843 25.7261 26.027 29.9926 30.0814 31.35 34.031 35.3501 35.9934 36.4463 37.4206 37.774 38.8462 38.8157 39.2222 40.7684 42.1243 42.4697 42.9476 42.9924 43.0196 43.036
35.0189 34.9372 31.7401 31.6562 26.9364 26.8705 26.7272 26.4242 25.0656 17.504 15.5405 15.175 12.6756 9.0783 5.8656 6.8454 2.9001 6.7345 8.2028 9.0426 13.5957 18.2959 20.6818 23.9004 28.0583 29.4289 31.8181 32.2532 33.6593 35.0386 35.8561 36.9527 37.6971 38.1936 38.6117 39.7528 40.1485 40.2209 41.541 42.3939 42.5345 43.0181 43.0614 43.8861 43.8927 43.8962
29.8703 29.7898 26.7894 26.7387 26.6532 26.5086 20.5356 19.9258 16.5218 15.2766 11.1274 5.5922 3.9801 0.7285 5.8661 6.6008 8.9196 11.056 15.4797 18.3085 20.845 23.3748 24.8119 27.3063 30.349 31.7536 32.8515 33.7114 33.9529 36.211 37.3247 37.7753 38.8796 40.2491 40.5649 40.7774 40.7833 41.0772 42.5211 42.7062 43.879 43.9042 43.9141 43.9173 43.9174 43.916
26.718 26.6805 22.2421 22.0608 21.7838 20.1556 16.8394 15.0102 10.4304 9.9834 9.0202 5.8524 7.3385 9.1087 11.0185 12.3612 13.3446 15.7388 19.5088 20.4937 23.5609 26.9165 28.4483 31.1275 32.0932 33.7312 34.7179 36.0754 36.7159 38.4744 40.3339 40.4041 41.3595 41.1826 41.4186 41.1496 41.5263 42.8616 43.5562 43.9605 43.9705 43.9659 43.9581 43.95 43.9426 43.9359
22.1241 21.9945 21.8134 21.5582 20.0003 15.3214 12.341 10.4933 9.6586 9.4314 9.3783 9.8522 11.1623 13.1804 15.1157 16.8974 19.4413 21.9387 22.7254 25.0616 27.7883 29.0833 31.7904 33.0901 33.9639 35.05 37.0491 38.1323 39.8224 40.5782 41.6298 41.7235 41.8793 42.1316 42.4316 42.4207 42.4744 44.2356 44.1839 44.1104 44.0595 44.0244 43.9993 43.9805 43.966 43.9545
21.8395 21.6714 16.8853 13.1864 13.0018 10.6657 9.9062 9.8316 9.7442 9.994 10.3042 13.0915 13.5726 16.1594 18.0877 20.2111 22.1576 23.5152 26.3255 27.2141 29.7566 30.3182 33.2036 35.1365 35.5918 37.8399 38.4941 40.3257 41.4345 41.3281 41.8738 42.1733 42.6324 42.6658 43.1605 43.0155 44.0647 44.5424 44.3654 44.2477 44.1951 44.1598 44.0315 44.0053 43.9857 43.9704
16.9575 13.2505 13.1323 12.9806 10.0011 9.9665 10.8481 10.1112 10.2169 11.537 13.3633 13.615 15.4403 17.8837 19.9848 21.5817 24.201 26.3361 28.4742 30.7333 32.2406 33.6475 35.1328 36.5921 37.6232 37.8877 38.5444 39.9838 40.5687 41.231 41.197 42.1846 42.44 42.5283 43.0907 43.5318 43.8395 44.385 44.3782 44.3541 44.3401 44.3311 44.3249 44.3203 44.3167 44.3138
13.2099 13.1084 10.9937 10.9782 10.9632 10.951 10.2289 11.4892 11.6574 16.0466 16.2564 18.6195 19.0956 22.2966 22.7565 24.7483 26.3223 28.6702 30.3027 31.7409 33.4205 34.1543 35.7255 35.9336 36.9896 37.3525 37.6234 38.6565 39.5265 40.1144 40.6299 41.2116 41.7399 41.4027 42.6987 43.5361 43.6101 43.8692 44.1707 44.3029 44.3119 44.3132 44.3124 44.311 44.3096 44.3082
11.0435 11.0348 11.0266 11.0199 11.0166 11.4994 13.2138 13.4285 16.4876 16.7493 19.1556 19.6757 24.1975 26.204 26.542 27.5269 28.5106 29.2131 31.6956 31.5366 32.876 33.9088 33.9648 34.5759 34.9002 36.2343 36.7164 37.3827 37.5149 37.954 39.0816 40.6368 41.2532 41.1941 41.7726 43.3275 43.3634 43.1415 43.901 43.9764 44.1816 44.294 44.2989 44.3011 44.3019 44.3022
11.066 11.062 13.1436 13.216 13.3194 13.4666 16.5544 16.7145 16.9604 19.3298 21.815 26.5874 27.4684 27.3626 27.1476 28.3991 29.1743 29.6845 30.754 30.5351 31.2258 31.4489 32.3313 33.4063 33.6539 34.3186 34.699 34.3224 35.6537 36.9281 36.7176 37.3039 39.5142 40.7523 40.6032 41.4884 41.9911 42.6747 42.7541 42.7746 43.3715 43.9893 44.1829 44.2916 44.2945 44.2962
13.034 13.2939 13.3724 13.4776 13.6194 16.6765 16.8236 20.6825 25.1799 25.4521 27.5526 27.5441 27.5386 27.5595 27.7174 28.1625 28.6298 28.9238 28.2778 28.1385 29.0672 29.2808 30.0585 30.7646 32.6434 32.3505 32.6553 33.8438 33.8388 34.1575 35.9029 36.7984 37.1982 37.9738 39.727 41.2527 40.7321 41.2951 41.5012 41.644 41.7173 41.7563 42.4016 43.5919 44.1832 44.2906
13.4006 13.4789 13.5797 13.71 18.6599 20.6747 24.5901 27.56 27.5533 27.5453 27.5359 27.5259 27.2004 27.2163 27.2414 27.1956 26.4658 26.9621 26.262 25.6545 25.6814 27.6026 29.4545 30.1735 31.3092 31.9703 31.9031 33.187 33.4285 33.7466 34.6335 36.2998 36.9761 36.9616 37.9491 38.7189 39.3689 39.5426 39.5503 40.199 40.2566 41.6213 41.673 41.7065 41.7289 42.3875
13.5514 15.8248 18.6592 20.4492 24.5798 24.6867 27.5557 27.5484 27.5394 27.1755 27.1682 27.1571 27.1369 26.5452 24.9338 25.5097 24.7903 22.6391 21.032 23.8108 23.8765 25.2087 27.4364 30.107 31.8446 31.7958 32.1538 32.8151 31.9767 32.8249 33.9459 39.9469 38.8644 37.275 36.0611 37.3682 38.4706 39.1214 39.2898 39.3649 40.049 40.1255 40.1753 40.2083 41.6692 41.6941
20.332 20.4352 24.5732 24.6483 27.5596 27.1819 27.1778 27.1725 27.1656 27.1561 24.7196 24.0872 24.083 24.0275 23.8165 22.2766 19.9244 19.1669 18.4256 19.5759 22.2862 22.9967 25.8152 27.4684 31.5 32.0895 32.6654 33.2481 33.1374 31.4653 34.5152 47.4697 42.8813 38.9484 36.7076 36.2871 38.0414 38.4994 39.0846 39.2175 39.2925 39.3371 40.062 40.1139 40.1511 40.1783
24.5683 24.6239 27.1845 27.1816 27.1781 24.6192 24.6114 24.5971 24.5727 24.5321 23.8648 23.8001 23.6723 20.9714 19.4211 18.5188 16.3365 14.3264 16.2529 16.1518 18.452 21.7604 24.4735 28.1737 29.128 32.445 33.3429 33.9071 35.0848 38.2407 40.9407 43.9721 44.3089 39.9991 38.9827 36.2255 36.4088 38.3625 38.5803 38.7147 39.2077 39.2683 39.3088 40.0337 40.0817 40.1179
25.1671 25.1595 24.5669 24.5594 24.5484 24.5322 24.5087 24.4745 23.7967 21.202 21.1104 20.9545 20.6867 19.2613 18.0848 16.9213 14.2488 13.3975 13.1253 13.6215 17.3944 20.6076 24.5263 27.8468 29.828 32.1737 33.9751 35.124 34.0675 31.288 40.7587 42.4667 45.6926 42.5715 39.5252 38.0849 36.312 37.1658 38.5126 38.6373 38.7239 39.2165 39.2637 39.2978 39.3228 40.066
24.5321 24.5238 24.5127 24.4977 24.4777 21.8684 21.8093 21.1245 21.061 20.9669 20.826 20.613 18.5614 18.2635 14.3558 14.2463 13.677 12.2414 13.2298 13.7386 14.5981 18.899 25.7482 26.9906 31.8057 33.015 33.2819 33.9341 35.4639 40.7543 45.2933 44.9054 45.5278 46.0873 44.5104 41.6289 38.1391 36.3366 37.2163 38.5959 38.6762 38.7361 38.7803 39.2668 39.295 39.3167
24.4912 21.8826 21.856 21.8212 21.7754 21.0888 21.0431 20.9806 20.8947 20.7756 20.6096 16.6207 12.1176 11.2476 11.1269 10.8493 9.889 9.2333 8.553 10.3064 15.646 17.6606 23.1684 29.2554 30.9015 32.2125 33.1868 34.5441 35.5504 40.4247 45.7297 46.6775 44.2743 45.3534 45.1088 42.4794 40.1261 38.4822 38.3269 37.24 38.6479 38.7038 38.7475 38.7814 39.273 39.2962
