normal_rasters/0772100001000755.ascii
ncols 66 
nrows 58 
xllcorner 158259.208008
yllcorner 383860.053986
cellsize 0.25
nodata_value -9999 
[rows 0 to 29 of 58, columns 0 to 65 of 66]
39.8081 39.8107 40.9273 41.3013 41.5215 39.1894 39.1639 35.8797 35.8238 33.6067 33.5559 28.83 24.9601 24.9435 24.9252 22.4612 20.2672 20.2131 16.0814 13.8873 13.8197 8.9721 8.7602 8.7974 10.7389 10.8303 18.8896 18.9655 19.0517 22.2753 22.3029 23.7869 27.4831 32.3499 38.6964 40.5674 42.9049 42.958 43.0213 43.0945 43.1754 44.6165 45.6905 45.7129 45.7336 46.2926 46.2836 46.2756 46.2115 46.0713 45.9941 45.9927 45.9916 45.9906 46.0976 46.1012 46.1043 46.107 46.1092 46.1112 46.2898 46.2931 46.4257 46.4288 46.4315 46.4337
39.8065 39.8092 40.2112 40.9309 41.3037 41.5225 39.1863 39.1578 35.8679 33.6421 33.5895 33.5322 24.9752 24.9583 24.9394 24.9184 22.4579 20.2561 20.1934 16.0624 13.8616 8.9959 8.9513 8.7619 8.8061 10.7662 10.8758 18.9014 18.9932 22.2545 22.2838 22.3183 27.381 32.2233 34.32 38.7375 42.866 42.9232 42.9946 43.0805 43.1792 44.6123 45.6912 45.7196 45.7455 46.2925 46.2809 46.2709 46.1313 45.9953 45.9934 45.9917 45.9904 46.0944 46.0989 46.1028 46.1062 46.109 46.1113 46.2899 46.2938 46.4263 46.4299 46.4329 46.4353 46.4373
39.8047 39.8075 39.8105 40.2133 41.3002 41.5211 39.2111 39.1823 39.1503 35.8532 33.628 33.5684 33.5033 24.975 24.9557 24.9339 24.9097 22.4532 20.2408 20.1675 13.9115 13.8276 8.9768 8.9241 8.765 10.6887 10.804 18.8233 18.9202 19.0331 22.2593 22.2964 23.7807 27.4209 32.2377 35.0204 38.8052 42.8738 42.9525 43.0528 43.174 44.7374 44.7012 45.7279 45.7611 46.2922 46.2767 46.2639 46.0706 45.9946 45.9922 45.9903 46.09 46.0958 46.1009 46.1052 46.1087 46.1116 46.2902 46.2948 46.4272 46.4314 46.4347 46.4374 46.4396 46.4413
39.8028 39.8056 39.8087 39.812 40.967 41.3029 41.5221 39.2096 39.1772 35.9076 35.8348 33.6104 33.5424 28.8291 24.9743 24.952 24.9268 22.4728 22.4463 20.2197 16.5879 13.8824 13.7825 8.9512 8.7167 8.7702 10.7152 10.857 18.8293 18.95 22.2283 22.2675 22.3157 23.8103 28.1423 31.2839 35.0938 42.8048 42.8881 43.0026 43.1514 44.7211 44.7118 45.7386 45.7826 46.2915 46.2699 46.2534 45.997 45.9934 45.9905 45.9884 46.0914 46.0983 46.1039 46.1085 46.112 46.2908 46.2963 46.4286 46.4334 46.4372 46.4401 46.4425 46.6675 46.9193
39.8006 39.8035 39.8067 39.8101 40.213 41.1949 41.5204 41.5234 39.2074 39.1706 35.8947 33.6589 33.5882 33.5101 24.9957 24.973 24.9469 24.9174 22.4681 22.4366 20.1907 16.5642 13.8421 8.9853 8.9163 8.7128 7.6649 10.7548 10.9324 18.8434 18.9966 22.2294 22.2812 22.3462 23.8574 31.1079 31.3475 36.5622 42.7916 42.916 43.0954 43.3319 44.8465 45.7535 45.814 46.2901 46.2581 46.1208 45.9962 45.9915 45.988 46.0848 46.0943 46.1022 46.1083 46.2831 46.2919 46.4235 46.4308 46.4364 46.4406 46.4438 46.4462 46.9179 46.9195 46.9208
39.4222 39.8011 39.8044 39.808 39.8119 40.4792 41.3017 41.5215 41.525 39.2041 39.162 35.8779 33.6418 33.5601 33.4695 24.9972 24.9706 24.9399 24.9049 22.4607 22.4228 17.9361 13.9164 13.7862 8.953 8.8685 8.7095 7.6896 10.8144 16.6642 18.8713 19.0699 22.2335 22.3051 23.8092 27.973 31.113 34.9586 36.7388 42.772 42.9758 43.2876 44.8471 44.9981 45.865 46.2865 46.2358 46.0023 45.9945 45.9881 46.0743 46.0882 46.0996 46.1083 46.2826 46.294 46.4253 46.4342 46.4406 46.4454 46.4488 46.6963 46.9179 46.9197 46.9212 46.9758
39.4219 39.7985 39.8018 39.8055 39.8096 40.2126 41.1926 41.5193 41.523 41.527 39.1994 39.1507 33.7044 33.6195 33.5242 28.8305 24.9983 24.9668 24.9301 22.4898 22.4494 20.2284 17.9136 13.8687 9.0008 8.9069 5.803 7.5991 7.7266 10.9063 16.6891 18.9227 22.1681 22.2442 22.3484 23.8851 27.9663 31.1479 36.4722 40.5335 42.7403 43.1243 44.7984 45.2668 45.9637 46.2771 46.1906 46.0036 45.9906 45.9818 46.0774 46.0956 46.1087 46.2826 46.298 46.4287 46.4396 46.4471 46.4522 46.4556 46.9155 46.918 46.9201 46.9748 46.9759 46.9768
39.4215 39.4222 39.799 39.8028 39.807 39.8116 40.4789 41.1961 41.5206 41.5248 39.2419 39.1928 36.9447 33.6898 33.5901 33.4776 25.0308 24.9988 24.9608 24.9163 22.4823 22.4324 17.9799 16.5559 13.7983 8.9592 5.8121 6.1048 7.6144 10.7194 12.6275 16.7385 19.015 22.1549 22.2693 23.7976 24.0274 30.1821 31.2692 36.7721 40.4837 42.6813 43.5785 45.5424 46.2565 46.2492 46.0635 46.0053 45.9795 46.0556 46.0878 46.1105 46.2844 46.3059 46.4353 46.4486 46.457 46.4622 46.9182 46.9152 46.9183 46.9733 46.9748 46.9761 46.9771 46.9923
39.4211 39.4218 39.4226 39.7996 39.8039 39.8088 40.2118 40.4818 41.5178 41.5222 41.5271 39.241 39.1835 36.9264 33.6695 33.5509 33.4165 25.0368 24.9981 24.9516 24.8966 22.4695 22.4065 17.9568 15.7037 9.0304 8.8955 5.8092 6.0928 7.6416 12.4245 15.6273 16.8354 22.0271 22.1415 22.3296 23.9375 25.0321 30.0086 33.4613 37.573 40.376 42.5963 45.3692 46.5265 46.1796 46.0037 45.9864 45.9998 46.0668 46.1491 46.2915 46.358 46.4487 46.4643 46.4729 46.6856 46.9173 46.915 46.9708 46.9731 46.975 46.9764 46.9914 46.9932 47.022
39.4206 39.4214 39.4222 39.796 39.8005 39.8055 39.8111 40.4784 41.1932 41.5191 41.5243 41.53 39.2387 39.1707 33.7648 33.641 33.498 33.3352 25.0433 24.9956 24.9375 22.5168 22.4481 18.0561 17.9175 15.6186 8.9757 5.8223 5.8025 4.7282 7.6912 12.5454 15.702 17.0267 21.9415 22.1356 22.4862 24.9815 25.2374 29.5204 35.1775 38.3655 40.3498 43.9797 46.7219 46.3105 46.1202 45.8863 45.9923 46.1867 46.3462 46.3884 46.4774 46.493 46.8552 46.8934 46.9163 46.9663 46.9702 46.9732 46.9754 46.9771 46.9924 46.9943 47.0226 47.0235
39.42 39.4208 39.4217 39.4227 39.7965 39.8017 39.8075 40.2105 40.4819 41.1984 41.5208 41.527 41.9768 39.2343 38.0949 33.7512 33.6006 33.4255 25.0976 25.05 24.9898 24.9153 22.5032 22.4128 18.0385 15.7342 12.3314 8.8825 5.816 4.7264 4.7724 9.3513 15.4801 15.8808 18.6968 21.7878 22.1757 24.0454 25.2345 26.6108 31.2547 35.4475 37.7562 41.9687 44.0163 46.3086 46.3161 46.1358 46.3941 46.4847 46.4737 46.7442 46.7434 46.8536 46.8915 46.9641 46.9644 46.9697 46.9735 46.9762 46.9782 46.9939 47.0223 47.0235 47.0244 47.0251
39.3165 39.4202 39.4212 39.4222 39.4233 39.7972 39.8033 39.8102 40.4775 41.1888 41.5167 41.5232 41.5305 41.9784 39.2267 38.0763 33.7292 33.5426 33.3243 25.1169 25.0565 24.9784 24.8802 22.4765 22.3539 17.999 15.6095 9.0194 5.8368 5.7995 4.7734 6.8356 9.5181 15.5867 16.3096 18.8593 21.4948 22.4358 24.9715 26.034 28.1948 32.14 35.7483 40.4673 42.1987 45.6949 46.3645 46.3736 46.6767 46.7469 46.7672 46.8433 46.8712 46.9198 46.9585 46.9619 46.9696 46.9746 46.9779 47.0307 47.0333 47.0236 47.0248 47.0257 47.0737 46.6319
39.3154 39.3172 39.4205 39.4216 39.4228 39.4459 39.7983 39.8056 39.8139 40.4819 41.1946 41.5185 41.5263 41.9749 41.8663 38.162 35.9473 33.6938 33.4578 30.5983 25.1409 25.0619 24.957 22.5657 22.4258 18.9846 17.9152 14.8247 8.8719 5.8188 4.7581 4.8665 6.9751 14.9518 15.9856 18.6215 19.5898 21.0619 22.9848 24.4397 25.9597 29.4861 34.3289 36.9774 41.9322 43.6452 46.448 46.7902 46.6767 46.829 46.8717 46.8941 46.9044 46.9486 46.9646 46.9706 46.9773 46.9811 47.0319 47.0349 47.0256 47.0268 47.0741 46.9081 46.6325 46.6223
39.3141 39.316 39.4197 39.4208 39.4221 39.4235 39.7925 39.8 39.8087 40.476 40.4877 41.5127 41.521 41.5308 41.9771 41.8708 38.1507 35.9289 33.6368 33.331 29.5482 25.1715 25.0641 24.9167 22.5345 22.3297 18.9458 15.0378 10.8914 5.8635 5.7599 4.8419 5.1221 8.8802 14.4569 17.4731 18.5246 20.252 21.5192 23.7906 26.1027 28.4516 30.6594 36.4059 38.1588 41.8166 43.6172 46.4977 46.9694 46.9661 46.8985 46.843 46.9232 46.9615 47.0062 47.0145 47.0297 47.0346 47.0378 47.0288 47.113 47.0735 46.9085 46.8641 46.6206 46.6108
39.1276 39.3145 39.3167 39.4199 39.4213 39.4228 39.4461 39.7933 39.8023 39.813 40.4814 41.1882 41.5143 41.5247 41.9721 41.9806 40.8293 36.0764 35.8951 33.5436 31.8469 27.0066 26.9271 25.0575 24.8383 22.4583 19.1836 18.8299 14.8242 10.5238 5.8009 4.712 5.1305 7.7263 11.1053 15.6294 16.7402 19.4492 20.3522 22.5246 24.4602 26.668 27.8546 32.2041 36.9043 39.1412 40.7335 45.0074 46.9744 47.0173 47.0153 46.8907 46.9868 47.0164 47.0234 47.0359 47.0402 47.0664 47.1123 47.1121 46.9144 46.9089 46.9048 46.6177 46.4654 46.4329
37.0413 39.1287 39.3151 39.4189 39.4203 39.4219 39.4458 39.4465 39.7947 39.8059 40.4733 40.4891 41.4662 41.5168 41.5302 41.9751 41.8734 40.8296 36.0819 35.8336 32.0306 29.5631 27.0395 26.9231 25.0285 22.6774 22.2818 19.1585 15.3951 13.4801 6.908 5.4817 4.3523 7.3586 9.6743 14.2259 15.8766 17.6963 20.553 21.0867 22.9252 25.6576 28.125 28.9537 33.9444 38.2916 39.3747 40.1062 44.2838 46.5332 47.0564 47.0947 47.0891 47.0519 47.0496 47.0502 47.0746 47.111 47.0815 46.9164 46.9091 46.9038 46.4731 46.436 46.4303 46.4262
34.5372 39.1265 39.3132 39.3159 39.4191 39.4208 39.4228 39.4462 39.447 39.797 39.8111 40.4802 40.6187 41.4672 41.5208 41.9675 41.9806 42.1909 38.5739 36.0759 35.7196 31.893 29.4892 27.0903 26.9039 24.9384 22.5696 20.2747 18.9524 14.3773 11.756 6.5917 3.3695 3.193 6.9718 11.3727 15.5555 17.2177 18.3878 21.0556 22.5126 23.9003 26.6695 28.5211 30.1565 33.9496 38.7031 39.2856 40.0975 43.2827 46.46 47.1417 47.0966 47.0545 47.0726 47.1054 47.1094 47.0828 47.0812 46.9085 46.7209 46.4443 46.4338 46.4265 46.2966 46.2603
34.5171 34.5569 39.1277 39.3138 39.3171 39.4194 39.4215 39.4458 39.4467 39.786 39.8007 40.0783 40.4907 40.8954 41.4692 41.5275 41.972 41.9905 40.8758 38.6139 36.0419 34.0146 29.6547 29.3675 27.1751 26.8294 23.9663 21.796 19.9953 17.6075 14.5804 10.5664 4.2431 2.6158 3.6235 8.3863 14.1914 16.7275 17.941 19.185 21.9321 23.288 24.5226 28.0718 28.9336 31.9971 35.454 39.1515 39.8767 41.1189 43.4116 45.8244 46.8833 47.0568 47.1082 47.1077 47.0867 47.0823 46.8136 46.722 46.4453 46.4302 46.2968 46.292 46.2617 46.2596
34.3742 34.535 37.0506 39.1294 39.3146 39.4177 39.42 39.4226 39.4463 39.4475 39.7875 39.8069 40.4771 40.6232 41.4491 41.4732 41.9592 41.9816 42.1972 41.2306 39.718 35.9387 33.7776 29.6033 27.8607 27.629 25.9167 23.8847 21.2837 19.2252 16.143 13.8164 8.9412 4.1989 3.4954 6.8625 10.1345 15.3041 17.712 18.694 20.3697 23.1967 24.2955 25.934 27.4112 30.2027 32.644 36.2905 39.2983 41.3701 41.2059 43.5643 46.4419 47.1279 47.1411 47.1353 47.1012 46.8166 46.7231 46.4469 46.4235 46.2903 46.258 46.2544 46.091 46.0918
34.3631 34.5077 34.5596 39.1258 39.1317 39.3158 39.418 39.4208 39.4456 39.447 39.4901 39.7908 40.2315 40.612 40.8973 41.4465 41.5182 41.9663 42.0016 41.3328 39.8975 39.6301 34.2416 31.5503 29.4266 28.265 27.6784 24.847 22.8335 20.637 17.6579 15.2671 12.089 8.2189 3.8104 5.5073 8.88 10.9308 16.6436 18.434 19.5889 21.2765 23.6977 25.3447 26.9981 28.5983 31.0513 34.1169 36.9809 39.3139 42.6973 42.2802 46.2746 47.1202 47.149 47.1009 46.8182 46.6236 46.45 46.2928 46.2779 46.2455 46.0872 46.0886 46.0899 46.091
34.3494 34.3709 34.5293 34.5939 39.1276 39.3122 39.3176 39.4184 39.4221 39.4462 39.4481 39.491 39.7975 40.2414 40.6302 40.906 41.4439 41.5849 41.9863 42.2196 41.3666 39.8973 37.5111 34.0358 31.2679 29.7458 28.9039 26.1902 24.2702 23.2369 20.1174 16.2269 13.7432 11.5289 5.7213 1.7885 7.4308 9.2843 11.7206 17.665 18.5783 19.7929 21.9181 24.0904 26.0888 27.819 29.9292 32.216 35.2867 38.2931 39.0942 41.0552 46.783 47.0955 47.0745 46.876 46.6732 46.4559 46.2713 46.2508 46.0797 46.0826 46.0852 46.0873 46.089 46.0589
34.3323 34.3553 34.3825 34.5606 37.0705 39.1303 39.3134 39.3577 39.4192 39.4451 39.4472 39.4498 39.6233 40.2185 40.6103 40.8991 41.1855 41.4426 41.9506 42.2197 41.6117 41.403 39.6589 37.4302 33.7478 30.5665 29.5083 28.5552 25.5121 24.2641 20.9639 17.3866 17.2423 13.1011 10.8116 5.4625 3.5558 9.0817 11.3221 12.7776 18.0683 19.7468 20.5421 22.6602 24.4534 27.0709 29.0261 30.8005 32.8862 36.8077 38.3753 39.9135 45.1554 46.6113 46.7673 46.409 46.4917 46.2054 46.0595 46.0673 46.0747 46.08 46.054 46.0568 46.0587 46.06
34.3112 34.3352 34.3647 34.4001 34.6071 39.1241 39.2158 39.3276 39.3584 39.4208 39.4458 39.4488 39.492 39.6301 40.2314 40.8854 40.9151 41.1874 41.6156 42.0072 42.3278 41.8719 40.6627 37.2375 35.2581 33.4961 31.9014 28.8689 27.5468 25.9304 20.973 17.4259 18.1149 16.3463 12.3425 8.5847 4.9834 4.9382 10.4533 12.5657 13.2987 19.0002 20.0207 21.4703 23.6239 24.6868 28.0584 29.5406 31.6909 32.6444 37.8588 39.7345 42.3506 46.24 46.6877 46.4018 46.1115 45.981 46.0325 46.0601 46.0471 46.0533 46.0568 46.059 46.0605 46.0615
34.2852 34.3096 34.3409 34.3801 34.5567 34.6781 39.127 39.2175 39.328 39.3597 39.4436 39.447 39.452 39.4956 39.9027 40.2647 40.8961 41.1671 41.1981 41.9182 42.4888 42.6705 41.2412 38.966 35.8583 34.9267 33.4632 31.5309 30.9165 29.8582 23.0378 20.2833 17.8253 17.4199 15.3055 11.9044 8.4773 4.896 5.2645 11.7024 13.743 15.0581 19.4423 20.3033 22.1529 23.5067 26.3335 29.1477 30.662 31.8235 33.2569 39.0579 40.2453 44.6107 46.429 46.5808 46.1392 45.9846 46.0359 46.0505 46.0563 46.0592 46.0609 46.062 46.0627 46.0633
34.2534 34.277 34.3093 34.3519 34.4058 34.6231 36.9751 39.2123 39.2202 39.3547 39.3621 39.4437 39.4497 39.495 39.6499 39.9258 40.8486 40.928 41.1664 41.3531 42.01 42.8821 42.4696 40.5669 37.7292 35.2693 34.2866 33.4266 33.2817 30.7974 28.0483 25.5712 21.7213 19.8131 16.6381 14.8619 12.3155 5.9192 5.2052 7.9614 12.6092 14.5676 17.3204 20.2945 21.347 23.1273 25.0259 27.6269 29.2649 31.3472 31.8061 35.5296 40.3075 43.4761 44.8008 46.5189 46.2635 46.1477 46.118 46.1086 46.0678 46.0661 46.0655 46.0652 46.0651 46.0652
34.2147 34.236 34.2675 34.3122 34.3727 34.4505 36.9431 39.0709 39.2133 39.2594 39.3551 39.367 39.4445 39.457 39.507 39.8619 40.0175 40.7308 40.9936 41.3592 41.8006 42.4001 43.0698 42.2349 40.3187 37.3283 35.1311 34.0907 32.7652 31.0701 28.9098 27.1918 23.1746 21.1444 18.0363 16.475 14.5488 10.1604 6.2218 6.1743 9.0857 14.3031 15.5763 18.6944 21.0168 22.3716 24.2614 25.9556 28.1861 30.2985 32.0299 33.9706 35.0823 42.496 45.1954 46.3449 46.3199 46.1984 46.1435 46.1284 46.121 46.1176 46.1161 46.1156 46.0675 46.067
34.1686 34.1849 34.2126 34.2566 34.3221 34.4137 34.5321 37.0463 39.0767 39.2154 39.2611 39.3572 39.4336 39.4481 39.5123 39.6401 39.9402 40.3273 40.7068 40.9485 41.3259 41.5846 42.413 42.4146 41.6837 39.8993 37.2293 34.88 33.3474 32.0355 29.687 28.6652 25.5941 23.05 19.6051 17.2053 15.9701 13.9511 10.5235 6.8501 7.822 11.614 15.3063 17.7633 20.7186 21.9207 23.8791 25.6058 27.5186 28.4592 31.0511 32.4948 34.7303 37.3219 42.8917 44.4943 45.6513 45.8335 46.2326 46.1386 46.13 46.1249 46.1218 46.1201 46.119 46.1184
34.1148 34.1226 34.142 34.1797 34.2451 34.3492 34.4996 36.997 39.0083 39.1998 39.2474 39.2655 39.3777 39.4191 39.4831 39.5693 39.7102 40.1935 40.3452 40.4963 40.8588 41.5434 42.0482 42.3432 41.7373 40.9858 37.8195 36.6032 34.4412 32.3532 31.4081 28.7666 27.4741 25.2287 22.1235 19.8427 17.264 16.701 13.0652 11.2699 8.1176 9.3283 14.4628 16.946 19.1866 22.5653 23.6026 25.1426 27.0895 28.5285 29.0907 32.7818 34.2193 35.7893 39.6406 43.4821 45.3274 45.635 45.7073 45.652 46.1353 46.1299 46.1262 46.1238 46.1221 46.1211
34.0544 34.0493 34.0537 34.0758 34.1296 34.2369 34.4231 34.697 38.8988 39.0797 39.1762 39.2344 39.2807 39.3537 39.3634 39.5274 39.5488 39.9589 40.155 40.4481 40.4298 41.2502 42.612 42.4298 42.4502 40.9327 40.2075 36.6283 35.0119 33.8373 32.1158 31.4407 28.4129 27.1371 23.1582 22.0428 19.3329 17.2188 16.2491 11.188 8.8147 11.0011 12.6533 16.1096 18.1351 21.6066 23.6355 25.2898 26.6378 27.76 29.5054 30.7974 33.2524 34.1199 36.3365 39.3094 43.6565 45.5226 45.5911 45.6616 45.5852 46.133 46.1293 46.1266 46.1247 46.1233
33.9897 33.9675 33.9491 33.9422 33.963 34.0456 34.2513 34.649 35.1994 39.0 39.0926 39.1644 39.183 39.27 39.251 39.3787 39.4531 39.8754 40.1109 40.3007 40.5853 40.8081 41.9836 42.6814 42.8132 41.582 40.5197 39.5033 36.6292 34.0989 33.331 31.4774 30.3039 28.3142 25.3602 21.8355 21.6027 19.1299 17.2817 15.2087 11.2217 10.92 12.412 15.4622 18.5281 20.9413 24.0043 25.9621 26.6135 28.169 29.228 30.5113 31.4164 33.0955 35.1761 36.5002 39.0461 45.4911 45.5876 45.599 45.6422 45.55 45.5687 46.1287 46.1267 46.1251
