normal_rasters/0772100000296471.ascii
ncols 116 
nrows 99 
xllcorner 159510.505005
yllcorner 383964.743988
cellsize 0.25
nodata_value -9999 
[rows 0 to 31 of 99, columns 0 to 70 of 116]
8.7692 8.7729 15.072 19.6461 19.7047 19.7662 18.5089 19.6103 19.5643 21.6115 21.5644 21.5162 21.4673 15.3237 15.3096 11.3018 11.2953 10.8353 10.7936 9.9773 9.904 9.8286 4.8628 4.8031 4.8101 5.9427 5.9678 5.4365 5.0498 5.0493 5.0483 5.0468 5.0446 5.0419 4.976 3.4738 3.2919 3.2613 3.2298 3.1981 3.1667 1.7344 3.3744 3.4432 4.6929 4.7568 6.093 6.1134 6.138 6.1669 6.2002 6.2376 7.3304 7.3523 7.5439 7.5951 8.4129 8.4174 6.6991 10.1266 9.2898 9.3339 16.5013 15.6567 15.821 15.6353 11.5955 11.2941 10.9547 10.6014 10.2623
8.767 8.7708 15.0439 15.1044 19.6807 19.7461 18.5093 18.5319 19.5865 21.6253 21.5746 21.5225 21.4696 14.7468 15.3163 11.3139 11.3076 10.8564 10.8117 10.0007 9.9212 9.8392 9.7556 4.8453 4.8064 5.9305 5.9574 5.4357 5.0537 5.0534 5.0525 5.051 5.0488 5.0459 4.9837 4.9533 3.3007 3.2666 3.2316 3.1963 3.1612 1.7289 2.1227 3.4123 3.9605 4.7259 5.2815 6.0857 6.1113 6.1421 6.1784 6.2201 7.3188 7.3437 7.3711 7.5862 8.4131 8.4186 6.7334 6.6812 9.2703 9.3211 9.3812 15.6021 15.9216 15.7721 11.7911 11.4239 10.9957 10.5433 10.112
8.7646 8.7686 15.0123 15.076 19.6533 19.7228 19.796 18.534 19.6118 19.5566 21.5868 21.5304 21.4729 14.7465 15.3239 15.3072 11.3213 11.8905 10.8328 10.7812 9.9417 9.8523 9.7607 4.8543 4.8021 4.8106 5.9451 5.9764 5.4463 5.0578 5.0572 5.0558 5.0536 5.0505 4.9929 4.9591 3.3112 3.2732 3.2339 3.1942 3.1549 1.7224 1.7342 3.375 3.4619 3.9925 5.261 5.2792 6.079 6.1116 6.151 6.1974 6.2503 7.3322 7.3642 7.5732 8.4129 8.4197 7.6096 6.7197 9.2429 9.301 9.3733 16.6511 15.9061 16.066 15.638 11.6194 11.0658 10.4678 9.9025
8.7618 8.766 8.7705 15.0439 15.1159 19.696 19.7743 18.5359 19.6407 19.5822 21.6014 21.5402 21.4776 14.7457 14.7539 15.3145 11.3367 11.9085 10.8573 10.8015 9.9663 9.8684 9.7678 4.8651 4.7971 4.8061 5.9305 5.9642 5.4458 5.0628 5.0624 5.0612 5.0591 5.0559 5.0515 4.9663 3.4761 3.2812 3.2369 3.1921 3.1477 3.1048 1.7271 3.33 3.4247 3.9668 4.0337 5.2548 5.278 6.0738 6.1163 6.1678 6.2282 7.3167 7.3544 7.3956 8.5562 8.4204 8.4294 6.7721 9.2046 9.2697 9.3567 16.0798 15.8539 16.1861 15.9298 11.9262 11.1895 10.367 9.5979
8.7588 8.7631 8.7679 15.0073 15.0835 19.665 19.7488 18.5373 18.5673 19.6118 21.619 21.5525 21.484 21.4147 14.753 15.3228 11.3541 11.3461 10.8861 10.8256 9.9959 9.8883 9.7774 5.3029 4.8415 4.8008 5.9131 5.9495 5.4447 5.0683 5.0683 5.0675 5.0654 5.0621 5.0574 4.9753 3.485 3.2912 3.2409 3.1898 3.1393 3.0907 1.7185 2.1069 3.3788 3.9346 4.0092 5.2254 5.2485 5.7311 6.0719 6.1288 6.1977 6.2773 7.3401 7.3903 8.548 8.4204 8.4322 7.6354 6.7484 9.2215 9.325 9.4641 15.7307 16.3296 16.5918 12.4304 11.4189 10.2281 9.1325
8.7554 8.7599 8.7648 8.7703 15.0463 19.6291 19.7189 19.8141 18.5717 19.6463 19.5743 21.5677 21.4926 21.4163 14.7515 15.3321 15.3109 11.3663 11.9191 10.8542 10.0316 9.9129 9.7901 5.7681 4.8537 4.7945 4.8061 5.9316 5.4428 5.0743 5.075 5.0746 5.0728 5.0695 5.0644 4.9865 3.4959 3.3036 3.246 3.1874 3.1294 3.0739 1.7081 1.7249 3.3223 3.8941 3.9776 5.19 5.2121 5.2427 5.725 6.0771 6.1555 6.2494 7.319 7.3811 8.5364 8.4187 8.4345 7.6927 6.8381 9.1483 9.2664 9.4488 15.2391 16.1661 16.9558 16.2609 11.8719 10.0323 8.2279
8.7517 8.7563 8.7614 8.7671 15.0034 15.0963 19.6837 19.7865 18.5758 19.6863 19.6094 21.5866 21.5039 21.4195 14.7492 14.7603 15.3199 11.3895 11.9449 10.8885 10.4977 9.9435 9.8067 5.7704 5.2916 4.7871 4.7994 5.91 5.9572 5.46 5.0824 5.0828 5.0815 5.0783 5.0728 5.0007 3.5092 3.4724 3.2528 3.1849 3.1178 3.0537 2.9947 1.7131 3.2527 3.3879 3.9369 4.033 5.1671 5.1965 5.2388 5.7243 6.0963 6.2075 7.2872 7.3655 7.4512 8.5401 8.4351 8.0936 6.9736 9.0414 9.1603 9.3951 14.5496 16.0475 17.5078 17.3406 12.8377 9.754 2.3502
8.7475 8.7522 8.7575 8.7635 14.9539 15.0528 19.6422 19.7533 18.5794 18.6208 19.6509 21.6101 21.5188 21.425 14.7458 14.7575 15.3302 11.4161 11.9755 11.9302 10.8433 9.9817 9.8286 9.6717 5.2952 4.8354 4.7913 4.8064 5.935 5.4583 5.0907 5.0922 5.0917 5.0888 5.083 5.019 3.5259 3.4828 3.2618 3.1822 3.1037 3.0293 1.6466 1.6984 1.9708 3.3159 3.8848 3.9931 4.9423 5.1376 5.1789 5.6568 5.7365 6.1439 6.3054 7.3386 7.453 8.5172 8.1144 8.1088 7.3909 6.9849 8.9766 9.2444 8.7605 15.4866 17.9699 19.4457 15.0204 9.3672 2.2754
8.7428 8.7476 8.753 8.7593 8.7663 15.002 15.1174 19.7134 19.8422 18.6295 19.7001 19.6023 21.5382 21.4335 14.7413 14.7533 15.3875 12.3271 12.0117 11.9631 10.8844 10.4511 9.8573 9.6798 5.2999 5.2733 4.7815 4.7977 5.9072 5.4419 5.0999 5.1029 5.1038 5.1016 5.0958 5.0857 3.5472 3.4962 3.2739 3.1795 3.0867 2.9992 1.6422 1.636 1.7429 3.2256 3.818 3.9408 4.1322 4.9073 4.9306 5.1608 5.6516 5.7781 6.2481 7.0756 7.4499 8.484 8.1089 8.117 8.1946 7.6394 8.7053 8.853 8.9366 13.9613 17.746 24.2735 18.8707 9.008 2.1206
8.7376 8.7424 8.748 8.7544 8.7618 14.9422 15.0663 19.6652 19.806 18.6382 18.6902 19.6533 21.5636 21.4459 21.3262 14.7473 14.7638 15.326 11.4755 12.003 10.9355 10.4922 9.8951 9.6928 5.7579 5.2757 3.7952 4.7869 5.8723 5.9422 5.4709 5.115 5.118 5.1173 5.1118 5.1004 4.9817 3.5138 3.2902 3.1768 3.0655 2.9617 1.6367 1.6292 1.7227 1.9711 3.7326 3.8732 4.0862 4.1156 4.8571 4.8964 5.1495 5.6766 5.8851 7.0186 7.436 8.083 8.0993 8.1276 8.2282 8.291 7.3735 8.0109 8.3056 13.3829 14.145 24.7298 5.2251 2.8732 2.2857
8.7318 8.7365 8.7422 8.7488 8.7566 8.7655 15.0051 19.6067 19.7611 18.6463 18.7071 19.7152 21.5968 21.4639 21.3277 14.7391 14.7563 15.3826 12.3942 12.0519 11.9831 10.5452 10.3656 9.7126 5.7619 5.2792 3.8118 4.7734 4.7152 5.9051 5.4589 5.1285 5.1347 5.1367 5.1323 5.1198 5.0059 3.5373 3.4546 3.1742 3.0388 2.9141 1.6298 1.6204 1.6975 1.7387 3.1944 3.7872 4.0289 4.047 4.0827 4.7794 4.8572 5.5257 5.7837 6.9018 7.2127 8.0888 7.9136 8.0713 8.1369 8.7503 8.5275 6.8832 4.0112 9.1627 2.1776 8.4912 7.4017 2.6482 2.6613
8.7254 8.73 8.7356 8.7424 8.7504 8.7598 14.9317 15.0917 19.7051 19.8887 18.7251 19.7906 19.6505 21.4894 21.3332 14.7281 14.7455 15.3815 12.4121 12.1119 12.0372 10.6142 10.4061 9.7418 5.7677 5.2844 5.2419 3.7923 4.6994 5.8571 5.4406 5.1428 5.1541 5.1607 5.159 5.1458 5.0405 3.57 3.4648 3.1714 3.0043 1.6351 1.6209 1.609 1.6177 1.7087 2.0451 3.6791 3.962 3.9611 3.971 4.0091 4.6489 4.8422 5.5988 6.4782 7.182 8.0754 8.0711 7.9355 7.7912 7.8746 7.7525 6.6709 4.6499 4.219 1.9517 1.9851 2.1602 2.4115 2.3934
6.23 8.7227 8.7282 8.7349 8.7432 8.753 14.8435 15.017 19.6351 19.8394 18.7436 18.8233 19.7305 21.5255 21.3448 14.7138 14.7303 14.758 12.4309 12.9889 12.1061 11.3866 10.4619 10.2059 5.7762 5.292 5.2415 3.8149 4.6789 4.7102 5.7197 5.486 5.1757 5.1902 5.1945 5.1821 5.1302 3.6169 3.4791 3.1681 2.9585 1.628 1.6091 1.5934 1.6031 1.6708 1.5511 2.5222 2.651 3.8647 3.8338 3.802 3.8089 4.4321 4.9604 6.0715 6.9806 7.9378 8.4342 7.5217 6.6539 6.0265 6.7474 6.2064 4.7963 3.3968 2.4567 1.7681 1.936 2.044 2.1934
6.2397 8.7146 8.7198 8.7264 8.7347 8.7449 8.7572 14.925 15.1388 19.7752 18.2715 18.8591 19.8313 17.5404 21.3656 14.6954 14.7094 14.7381 11.8901 12.5336 12.1946 12.0777 10.5395 10.233 5.7887 5.7369 5.2422 3.8446 3.7828 4.6851 5.6441 5.4576 5.1977 5.2256 5.2422 5.2348 5.174 3.6874 3.5001 3.1619 2.8955 1.6191 1.5931 1.5881 1.5823 1.5846 1.4991 1.7289 2.6019 3.7723 3.6987 3.5774 3.3518 3.1508 4.5173 5.5319 6.9221 6.819 7.0846 6.2073 6.034 5.948 6.0543 5.6255 4.9989 3.1421 2.296 1.7572 1.9394 2.1409 2.2096
6.2506 6.2495 8.7104 8.7166 8.7248 8.7352 8.7481 14.8113 15.0463 19.6912 18.251 18.8988 19.9587 17.4703 17.375 21.1436 14.681 14.709 11.8876 12.5745 13.0921 12.1805 10.6493 10.2767 5.807 5.7444 5.2449 5.1694 3.8146 4.6511 5.5414 5.348 5.1167 5.2651 5.306 5.3143 5.2457 3.8373 3.5318 3.1907 2.8043 1.6079 1.5708 1.5601 1.5503 1.4097 1.2627 1.4891 1.8065 2.6138 2.817 3.4462 3.1559 2.7108 3.7455 5.7704 6.8848 6.5404 6.0894 6.0778 5.8916 5.8721 5.7529 5.4855 4.6991 3.1083 2.3237 2.1494 2.2712 2.1671 1.8596
6.2625 6.2625 6.2606 8.7055 8.7132 8.7235 8.7369 8.754 14.928 19.5808 18.2178 18.4348 19.3334 17.6061 17.4911 21.1456 14.6431 14.6665 14.7243 12.5922 13.1676 12.3213 11.7536 10.3468 5.8342 5.7573 5.2509 5.1558 3.8587 3.7565 4.6557 5.5887 5.0793 5.1983 5.3882 5.4383 5.3741 3.984 3.5798 3.0964 1.5342 1.5942 1.5571 1.5129 1.4969 1.3834 1.2441 1.1832 1.7278 2.1014 2.5848 2.6078 2.672 2.761 3.4249 4.3672 6.1238 6.1099 5.7833 5.9802 6.0147 5.4627 5.2552 4.9834 3.6757 2.8111 2.3166 2.167 2.1729 2.2672 1.5628
6.2756 6.2771 6.2766 8.693 8.6999 8.7097 8.7231 8.7411 14.7761 15.1116 19.8034 18.4233 19.4481 17.7844 17.6511 17.446 14.594 14.6052 14.666 12.6225 13.2654 13.2639 11.9271 10.4603 9.8565 5.7795 5.6697 5.1398 4.2093 3.8035 4.5919 4.1891 4.9034 5.1473 5.3721 5.6323 5.6296 4.2684 3.6694 2.9209 1.5348 1.578 1.5305 1.4229 1.5116 1.4431 1.4235 1.1495 1.1952 1.493 1.9412 2.348 2.6023 2.4911 2.1314 3.8363 5.9098 5.9238 5.7971 6.0492 5.8787 5.3154 5.0763 4.8428 3.6782 2.5485 2.0297 2.0431 1.9909 1.7295 1.4148
6.2805 6.2933 6.2948 6.2932 8.6847 8.6933 8.7062 8.7246 14.5804 14.955 19.6637 18.395 18.7207 19.4929 17.6857 17.352 14.5332 14.5177 14.5733 12.117 13.3936 13.4143 12.6872 10.6472 9.8533 5.8175 5.672 5.1213 4.2158 3.8707 4.5064 4.1266 3.9205 4.9093 5.3466 5.7911 6.1274 5.556 3.4803 1.6938 1.5864 1.5705 1.5407 1.2765 1.338 1.5729 1.7199 0.8196 1.032 1.437 1.8757 2.013 2.3819 2.4039 2.4183 2.5847 3.949 5.5787 5.5317 5.2053 5.7599 5.5513 4.7655 4.3927 3.2769 2.6187 1.9831 2.3372 1.6838 1.5802 1.4312
6.2763 6.3032 6.3154 6.3165 6.3128 8.6743 8.6856 8.7035 8.7301 14.7428 19.4653 18.3393 18.7432 19.6797 17.9588 17.5614 10.6952 14.3954 14.4253 12.0929 13.0332 13.6343 13.2825 11.7355 9.8837 5.8835 5.683 5.1003 4.2253 4.1217 3.7689 4.0367 3.8075 4.4782 5.1065 6.1053 6.7047 8.1183 2.3305 1.7173 1.4754 1.5379 1.7272 1.5274 1.6099 1.5808 1.7254 0.766 0.7322 1.052 1.5431 1.9416 2.3431 2.5062 2.6115 2.6486 3.2904 4.158 4.8403 4.692 4.6022 4.5202 4.4865 3.8446 3.0539 2.1734 1.6858 1.735 1.6697 1.9109 1.2126
6.2689 6.2989 6.3328 6.3434 6.3434 8.6526 8.6608 8.6765 8.7033 14.4545 15.0441 18.0471 18.7487 19.9274 17.7698 17.8862 16.9731 14.2323 14.1885 11.9999 13.1641 13.9713 13.9181 12.1227 9.9846 6.1243 5.7084 5.0769 4.2406 4.1124 4.1001 4.1534 3.8525 3.684 3.2637 8.481 5.0015 2.0426 2.0341 1.5787 1.5303 1.992 2.3158 2.3968 2.7414 2.2162 1.8638 0.7887 0.6637 0.7189 1.1841 1.6696 2.089 2.5593 2.6216 2.5889 3.2888 3.5184 4.0343 4.1937 3.5658 3.4663 3.1123 2.8893 2.7422 1.7508 1.4411 1.3347 1.4731 1.4489 1.172
6.2573 6.2903 6.3288 6.3726 6.3799 6.377 8.6321 8.6427 8.6668 8.7112 14.7293 17.7795 18.7194 19.4089 20.104 17.6627 17.223 10.6538 13.8138 11.7574 12.8023 14.5117 14.5566 13.3395 10.9023 6.3011 5.8527 5.0091 4.2692 4.0856 3.9251 3.5174 3.7481 3.119 2.7775 3.6044 1.6549 2.3062 1.4286 1.5846 1.5869 1.8289 2.4642 3.1208 3.8987 4.0782 2.2609 0.7162 0.5516 0.6739 0.9482 1.114 1.6551 2.598 2.776 2.911 3.6698 3.6359 3.4109 2.746 3.0268 2.5448 1.839 1.6797 1.8041 1.3414 1.3532 1.3191 1.227 1.2078 1.1879
6.2403 6.2758 6.3188 6.3698 6.4226 6.4287 6.2635 8.6019 8.6174 8.6601 14.2656 13.5555 18.421 19.567 20.0225 18.201 17.6968 10.9165 10.0637 10.7427 12.6946 14.8899 15.8695 14.1009 11.6708 6.8223 5.8983 4.9979 4.3179 4.0509 3.9473 3.7392 3.0565 3.3446 2.841 1.7363 2.6395 4.1946 3.4188 1.0054 0.9369 0.6026 3.2911 3.5522 4.8491 4.5232 2.6785 1.3185 0.9304 0.6733 0.6463 1.0536 1.5851 1.8149 2.7911 2.6204 2.8982 3.2973 3.0162 1.836 1.8652 1.5501 1.4644 1.4692 1.4396 1.3904 1.3986 1.3733 1.2839 1.166 1.1824
6.2163 6.2532 6.3 6.3583 6.4288 6.4919 6.4956 6.2817 8.5534 8.5822 7.7371 13.1043 18.0018 19.7356 20.5449 18.759 17.7055 11.4701 10.0024 9.7353 11.4478 16.0248 18.9246 15.3971 11.3172 8.2752 6.6193 4.6569 4.1212 3.8085 3.8116 3.6176 3.4009 2.6608 2.5318 3.1532 3.4268 4.6204 3.0237 1.9581 4.2952 4.9163 5.1661 5.5414 5.638 5.3483 4.7967 2.7274 2.127 1.4789 0.9323 0.8464 1.4418 1.6968 1.7646 2.3029 2.1868 2.1408 1.949 1.584 1.5073 1.4727 1.5468 1.5657 1.5209 1.6476 1.5971 1.593 1.4401 1.4627 1.3621
6.1839 6.2201 6.2687 6.333 6.4163 6.5196 6.5965 6.4221 8.4787 8.4657 7.5119 12.341 14.0374 19.6695 21.3761 19.6763 18.9969 12.4179 9.8535 6.957 9.2157 15.6028 26.7201 13.4881 8.6836 7.8204 6.3623 4.948 3.6772 3.216 3.3834 3.4835 3.6244 4.9276 4.0629 3.7812 4.9329 6.1525 6.3681 5.3365 8.3181 8.0446 7.8394 8.2935 8.3896 7.3038 6.7925 5.5803 3.6602 3.3128 1.8849 1.269 1.3327 1.7128 1.8734 1.9573 1.8424 1.7956 1.7024 1.5721 1.5368 1.5584 1.7575 1.8105 1.7694 1.7743 1.7665 1.7893 1.6774 1.5696 1.4685
6.2924 6.3456 6.2206 6.2868 6.3805 6.5088 6.6724 6.6825 6.4791 8.3082 7.3119 7.8084 13.1417 15.9845 22.5306 21.8866 20.1283 15.8351 9.1348 6.6443 7.8034 9.8693 13.7076 9.7645 8.24 7.0383 5.7227 4.9349 4.0574 3.0112 2.9918 3.0809 4.1867 5.4946 6.3086 6.1857 6.3555 7.0241 8.2165 9.0712 9.7104 10.5345 10.9155 10.1005 9.8631 9.3521 8.8664 7.2918 6.0155 4.6103 4.2187 2.5083 1.7476 1.8123 2.0787 1.9825 1.7554 1.6947 1.7534 1.7875 1.7994 1.8005 1.8771 2.0721 1.8732 1.7658 1.7869 1.7901 1.7338 1.6894 1.5433
6.2013 6.24 6.301 6.2114 6.3062 6.4543 6.6747 6.9633 6.8517 6.4403 6.8966 7.6657 8.1672 14.7363 21.7195 29.2645 19.6711 20.2388 7.3978 6.2732 6.1912 6.2017 6.9306 7.9146 7.3884 6.7406 5.7324 4.7176 4.0737 3.1253 2.7974 3.2108 5.192 6.2248 6.9189 6.9934 8.1824 8.4403 9.1313 10.244 11.0265 12.4724 12.6749 11.8265 11.223 10.8293 10.1586 9.4345 7.575 6.3847 5.5574 5.1645 3.1122 2.6209 2.0628 1.8866 1.7873 1.8143 1.9101 1.9561 1.9614 1.9083 1.9612 1.9162 1.7923 1.6871 1.7456 1.7552 1.7458 1.7499 1.7824
6.0976 6.1147 6.1489 6.2131 6.3312 6.3171 6.581 7.0323 7.4842 7.1653 5.6531 5.4459 9.8297 13.249 16.6138 34.3174 6.0613 3.9444 4.453 5.2864 5.3637 5.3355 6.3376 6.6046 6.6713 6.1879 5.6852 4.6022 3.6848 2.7556 3.003 3.9487 5.4577 6.3172 6.9297 8.0751 8.7865 9.104 10.078 10.9596 11.3264 11.8254 12.4864 12.3323 12.0853 12.0415 10.9963 10.3673 9.588 8.0771 6.5322 5.8725 5.3337 3.3962 2.2415 1.9184 1.7691 1.8118 1.9121 1.9643 1.9545 1.9076 1.722 1.6977 1.6843 1.6379 1.5322 1.6805 1.6687 1.7208 1.7501
5.0639 5.045 5.0225 5.9845 6.0303 6.153 6.2673 6.8298 8.0508 9.4793 5.4127 3.209 7.3821 7.2901 4.6771 11.6253 8.3052 3.1597 3.9441 4.7672 5.1257 5.2529 6.2992 6.5273 6.4452 6.1619 5.8587 4.2114 3.3771 2.7168 3.6887 4.85 5.4345 6.1567 7.153 8.2078 8.8025 9.2268 10.1101 10.7125 11.2759 11.6353 11.8721 12.3746 12.5027 12.2073 12.0671 11.1016 10.4207 9.4154 8.1728 6.578 5.5587 4.7986 3.161 1.8801 1.7796 1.8185 1.8266 1.8752 1.8045 1.7437 1.5347 1.5332 1.4782 1.4355 1.5074 1.487 1.5362 1.5335 1.6138
5.051 5.0255 4.9913 4.9444 4.8798 5.6292 5.6341 5.8346 7.3915 9.2504 4.1231 3.0376 5.5232 4.5865 4.6348 5.7219 5.2925 4.0185 4.4195 5.0223 5.4948 5.5817 5.6326 6.4383 6.4567 6.1971 5.8205 4.5276 3.2994 3.0324 3.9589 4.9646 5.8144 6.6582 7.7479 8.2222 8.6641 9.9332 10.4532 10.4668 11.3071 11.6928 11.9697 12.2864 12.3607 12.2713 12.1603 11.582 11.1027 10.6251 9.8926 8.5326 6.3188 5.1599 4.3762 2.1961 1.9064 1.7755 1.854 1.7303 1.5929 1.5383 1.4309 1.3709 1.3946 1.367 1.3986 1.3629 1.4324 1.4041 1.5914
3.8096 3.81 3.8075 3.7978 4.8299 4.6724 4.383 3.5756 3.4735 5.8561 3.5501 3.971 5.4468 5.4557 5.4661 5.6036 5.2894 5.0254 5.0039 5.1753 6.0881 5.488 5.4368 5.3262 5.3735 6.1751 5.0462 4.5846 3.851 4.0412 5.0296 5.4013 5.8128 6.8686 7.7139 8.3577 9.2842 10.4216 10.8957 11.3731 11.7269 11.8965 12.2724 12.0767 12.3795 12.7278 12.4687 12.7498 11.7956 11.1561 10.8156 9.6565 8.397 5.7248 4.884 3.7133 1.7478 1.6074 1.7089 1.6461 1.4797 1.3515 1.3273 1.3745 1.4317 1.5427 1.6498 1.6444 1.8264 1.8306 2.3678
3.8355 3.845 3.8569 3.8716 3.8876 3.8938 3.912 3.5653 2.9278 2.6002 2.3991 3.8114 3.8664 6.1086 5.3251 4.8841 4.9896 5.0162 5.0913 5.0336 4.3223 5.4057 5.379 5.2713 4.9289 4.4214 3.8214 3.8609 3.4469 3.518 4.8692 5.6297 6.0259 6.9111 7.8372 9.2702 10.7036 11.1238 11.6755 11.9279 11.8983 11.7201 11.6939 12.3679 13.1249 13.1515 12.4266 12.7477 11.7756 11.2215 10.8077 10.0326 8.6747 6.3096 5.1307 4.2897 2.4523 1.7261 1.5453 1.5636 1.3675 1.238 1.3387 1.4148 1.5774 1.702 1.9127 1.9952 2.2492 2.621 2.8439
3.8584 3.8758 3.9005 3.938 4.0001 4.1162 4.365 4.7103 4.0701 2.8938 2.5598 3.0414 3.6245 4.2901 4.6366 4.5237 4.3964 4.5598 4.7204 4.9057 4.5785 4.3148 4.8036 4.9336 4.0037 3.779 2.6783 2.8265 3.142 3.1556 3.551 5.0936 6.2119 7.0149 9.2304 9.992 11.1105 12.2435 12.452 11.9914 12.0268 11.4647 11.9707 11.7589 14.4515 13.9794 14.0691 13.3611 11.7128 11.366 10.5577 9.8802 9.2038 7.8425 5.5155 4.5974 3.8209 1.9441 1.2612 1.4058 1.2112 1.3766 1.4416 1.4638 1.6731 1.8934 2.1206 2.241 2.4725 3.2378 3.2964
