normal_rasters/0772100000297602.ascii
ncols 72 
nrows 58 
xllcorner 159468.323975
yllcorner 383907.177002
cellsize 0.25
nodata_value -9999 
[rows 0 to 29 of 58, columns 0 to 68 of 72]
36.5279 36.521 36.5131 36.5043 34.8727 31.8001 31.7548 31.5912 31.5273 30.4614 30.3904 30.3157 26.7735 23.6876 18.7483 18.662 15.2725 15.1314 14.9811 10.4724 10.3547 6.3745 6.3142 5.6943 5.744 4.7825 4.8714 7.6391 7.6942 8.1069 10.0803 9.0583 9.0811 9.1048 9.1287 9.3941 9.3363 8.7487 7.8568 6.9871 4.6321 4.0961 4.0723 3.7994 3.9941 3.9489 3.8728 3.7101 3.7404 4.175 4.2005 4.2264 4.8088 6.228 6.3097 7.5939 7.6756 7.7529 7.822 7.8814 7.9307 7.9707 9.443 9.4735 10.7787 12.3435 12.3607 12.3747 12.3862
36.5365 36.5296 36.5216 36.5124 36.5021 34.8673 31.792 31.7389 31.5627 30.491 30.4136 30.3316 26.7787 23.7169 18.793 18.6993 15.337 15.1822 15.0158 14.8404 10.3652 7.3334 6.3317 6.2603 5.7366 4.7779 4.867 5.7058 7.6697 8.102 8.1191 9.0531 9.0794 9.107 9.135 9.4257 9.3619 8.7701 7.867 7.7989 5.3142 4.6125 4.0883 4.0551 4.0021 3.9465 3.8605 3.6923 3.7268 4.164 4.1969 4.2304 4.8134 6.2164 7.468 7.5716 7.6743 7.7682 7.849 7.9154 7.9681 9.4369 9.4751 10.7829 12.3444 12.3649 12.3814 12.3945 12.4049
36.5461 36.5392 36.5311 36.5217 36.511 34.888 31.835 31.779 31.7161 31.5241 30.4421 30.3517 26.7852 23.7524 23.6549 18.7447 18.6319 15.2446 15.0598 14.8633 10.3797 7.3419 6.3535 6.2735 5.7275 4.7717 4.789 5.6848 7.638 7.7136 8.1138 10.0853 9.0757 9.1082 9.1415 9.4657 9.3961 8.8007 7.8825 7.7998 5.343 4.635 4.1109 4.07 4.0149 3.9452 3.8453 3.8488 3.7066 4.1481 4.1921 4.2369 4.8216 6.2025 7.4144 7.5514 7.6827 7.7973 7.8907 7.9633 9.4288 9.478 10.7897 12.346 12.371 12.3904 12.4055 12.417 12.4257
36.5568 36.5501 36.542 36.5324 36.5213 36.5085 34.8816 31.826 31.759 31.5677 30.4771 30.3772 26.7935 26.761 23.6889 18.8003 18.6761 15.3216 15.1157 14.8945 10.3994 13.065 7.3109 6.2907 4.7528 5.7326 4.7826 4.8792 5.722 7.6817 8.106 8.1309 9.0691 9.1077 9.148 9.1876 9.4414 8.8442 7.9062 7.8043 6.5269 4.6674 4.8971 4.0926 4.1505 3.9459 3.5993 3.8282 3.8206 4.1241 4.1854 4.2479 4.8352 6.0627 7.3515 7.5388 7.7095 7.8486 7.9539 9.4177 9.4833 12.3081 12.3489 12.3798 12.4031 12.4204 12.4331 12.4423 12.4488
36.5686 36.5622 36.5542 36.5446 36.5333 36.5199 34.9079 34.8714 31.81 31.729 30.5204 30.4097 30.2915 26.7676 23.7313 18.8687 18.7318 17.6154 15.187 14.9367 10.4263 13.0495 7.3185 6.3131 4.7581 5.7199 4.7736 4.7992 5.694 6.1204 8.0947 8.1222 9.0582 9.1045 9.1539 9.2029 9.5011 9.3931 7.9427 7.8153 6.5424 5.3423 4.9256 4.1279 4.0475 3.9504 3.5981 3.8008 3.8087 4.085 4.1752 4.2672 4.8561 6.3743 7.281 7.5475 7.7706 7.935 8.0469 9.4934 12.2998 12.3539 12.3933 12.4214 12.4413 12.455 12.4642 14.3027 14.3195
36.5817 36.5757 36.5681 36.5586 36.5471 36.5333 36.5171 34.9002 31.8708 31.7839 31.5707 30.4512 30.3183 26.7765 26.7326 22.7326 18.8025 17.6692 15.2784 14.9936 10.4628 13.0358 12.9384 7.2693 5.2534 5.7039 4.7611 4.7897 4.8956 5.7506 7.7049 8.1083 8.1485 9.0965 9.1582 9.2204 9.2773 9.4624 8.7867 7.838 7.6563 6.1859 4.6918 4.8747 4.0734 4.1835 3.5999 3.9255 3.7658 4.0167 4.1581 4.3029 6.0445 6.2527 7.2166 7.6093 7.8943 8.0748 9.5133 12.2879 12.3631 12.4146 12.449 12.4714 12.4855 14.2961 14.3195 14.3375 14.3512
36.5961 36.5908 36.5837 36.5746 36.5632 36.5492 36.5322 34.9346 34.887 31.8508 31.7429 30.5044 30.3544 26.7885 26.7381 22.7797 18.8927 18.6991 17.5536 15.0704 14.7176 13.0253 12.911 7.2719 5.2675 4.7554 5.7082 4.7754 4.8847 5.7126 6.1546 8.087 8.132 9.0803 9.1589 9.2403 9.3143 9.6085 8.8743 7.8818 7.6377 6.1964 5.546 4.9336 4.2779 4.1702 3.6073 3.8871 3.6986 3.8883 4.1274 4.3695 5.698 6.4597 7.221 7.7967 8.1251 9.5557 12.2694 12.3808 12.4505 12.4924 12.5166 14.2849 14.3195 14.3447 14.3631 14.3765 14.3862
36.6119 36.6075 36.6013 36.5929 36.5819 36.5679 36.5504 36.5291 34.9252 31.9323 31.8154 31.6796 30.403 26.8049 26.7464 22.84 22.7119 18.791 17.6172 15.1745 14.7621 10.2697 12.8853 7.2769 7.1892 4.7667 5.6833 4.7539 4.866 4.9391 6.1428 8.0558 8.1028 8.2424 9.1519 9.2622 9.3623 10.4017 9.2874 7.9631 7.6296 6.2219 6.0948 5.054 4.7858 4.0838 3.6162 3.861 3.5998 3.9403 4.088 4.4819 5.0382 6.0388 7.5439 8.2389 9.6547 12.2371 12.4174 12.5157 12.5654 12.5878 14.3195 14.3573 14.3829 14.4002 14.4118 14.4193 16.6959
36.6292 36.626 36.621 36.6137 36.6035 36.5899 36.5723 36.5501 36.5227 34.9074 31.9062 31.7562 30.4686 26.8274 26.759 26.6861 22.7761 18.9148 17.7062 17.4195 14.8296 10.305 12.864 12.6879 7.1756 4.7829 4.3217 4.7222 5.1838 4.9259 4.8927 6.2243 8.0535 8.1419 9.1278 9.2847 9.4273 10.3777 9.9422 8.1074 7.6475 6.2784 6.092 5.562 4.8799 4.0106 3.6034 3.8413 3.6402 3.1691 4.8897 5.6735 4.8532 7.1791 8.6468 9.8906 12.1675 12.5013 12.6472 12.698 14.3206 14.3827 14.4201 14.4423 14.455 14.4618 16.6908 16.7327 16.7657
36.6478 36.6463 36.6429 36.6372 36.6284 36.6159 36.5987 36.576 36.5469 34.9606 34.8759 31.8554 31.6595 30.3107 26.7779 26.6902 22.8625 19.0826 17.8325 17.4859 17.1035 10.3614 12.8518 12.6336 7.159 5.7552 4.7702 4.2714 5.1427 4.8954 4.9183 6.2257 7.9754 8.0612 8.3466 9.3025 9.5225 10.3425 10.6968 9.1148 7.6963 7.529 6.1068 5.7851 4.9391 4.2419 4.0345 4.3102 4.8506 4.909 5.7326 7.5388 7.7221 8.9497 10.6879 11.9203 12.7011 12.9535 14.3313 14.4462 14.5019 15.3698 15.3966 15.4127 16.6941 16.7488 16.7897 16.8203 16.8435
36.6678 36.6683 36.6671 36.6636 36.657 36.6463 36.6304 36.6081 36.5778 36.5387 34.935 31.9845 31.7635 30.3904 26.8065 26.6994 26.5881 22.7621 18.9206 17.5912 17.1081 12.6504 12.8566 12.5839 7.1386 5.7394 4.8015 4.3081 5.0781 5.1394 5.0445 5.1572 6.3747 7.8989 8.1916 9.2944 9.6909 10.1949 10.4196 9.3254 8.4715 7.7375 7.3608 6.3234 5.2413 4.1873 5.0457 6.8219 7.1053 9.236 9.1301 10.4699 11.0395 11.0296 11.9693 12.9686 14.383 15.2713 15.394 15.4496 15.473 15.4812 16.724 16.7946 16.8435 16.8773 16.9008 16.9169 16.9279
36.6889 36.6919 36.6935 36.6929 36.6894 36.6817 36.6684 36.6477 36.6175 36.5757 35.0138 34.8846 31.9053 31.603 26.8501 26.7173 26.5762 22.8964 19.1828 17.7605 17.136 12.7173 12.8906 12.5509 12.1326 5.7149 4.8494 4.3757 4.9833 5.0132 4.9971 5.3395 6.4782 7.6032 7.8036 8.7464 10.1518 10.2771 9.8905 10.2814 8.9312 7.1549 8.7928 9.2884 8.1644 8.6282 11.5883 13.076 11.4147 11.3136 12.4273 13.6736 13.2648 12.7391 14.4325 18.2034 16.2541 15.8864 15.7636 15.689 16.8429 16.9218 16.9697 16.9974 17.0124 17.0193 17.0213 19.8002 22.2859
36.7109 36.7168 36.7217 36.725 36.7256 36.7224 36.7135 36.6965 36.6683 36.6255 36.5647 34.9733 31.9769 31.7483 26.918 26.7504 26.5669 23.088 24.4602 18.0387 17.211 18.4632 12.9695 12.5591 11.98 5.6736 4.9167 4.8623 4.2458 4.7738 4.6656 5.5793 7.3489 7.3333 7.4423 8.0577 10.6086 10.8099 10.8402 11.8139 11.9212 10.433 13.8537 14.9585 15.1928 16.4968 14.9986 15.6329 16.3897 15.7903 15.1934 14.7704 15.7525 15.5068 15.9557 17.3497 17.0952 16.4672 17.9276 17.2956 17.2923 19.027 19.0441 19.0504 22.1934 22.2577 22.3181 22.3673 23.6932
36.7333 36.7426 36.7514 36.7593 36.7654 36.7683 36.7661 36.7558 36.7332 36.6926 36.628 35.1004 34.8805 31.8261 27.0263 26.8113 26.565 27.9098 24.6441 18.5073 17.382 18.2409 15.3596 12.6512 11.8586 10.0527 6.1367 5.0033 4.4267 4.4078 4.0242 5.795 8.5499 7.3897 6.2535 4.1435 10.349 10.7837 16.0207 13.5563 18.2753 21.1876 18.07 19.1859 19.9175 20.1889 20.5183 18.4107 18.0658 17.796 18.2358 18.1149 16.7556 17.2716 18.5441 18.7326 19.1072 19.688 19.8923 20.9548 21.3622 21.4382 22.2612 23.5704 23.5575 23.6914 23.7313 23.7592 25.0417
37.6357 37.6449 36.7819 36.7952 36.8079 36.8188 36.826 36.8264 36.8147 36.783 36.72 36.6136 35.024 34.8906 31.5035 26.9252 26.5823 27.7742 29.0184 27.2027 17.7528 18.0137 19.1777 13.3118 11.9212 9.4 5.8503 6.2229 4.9183 4.1535 2.6864 4.3163 8.8756 8.7936 8.5271 14.5741 20.4806 18.4813 21.9945 23.8503 24.1074 23.5673 25.2918 24.6774 24.232 23.0939 22.5314 22.6989 21.3303 19.8719 19.7123 22.9253 21.3234 19.6752 21.1833 21.3267 21.7054 21.8058 22.2063 22.2893 22.8383 23.6277 23.71 25.0048 25.0258 25.0394 25.0485 25.0546 25.0588
37.644 37.655 37.6673 37.6812 36.8515 36.8721 36.8917 36.9076 36.9145 36.9023 36.8538 36.7437 35.2546 34.9875 31.6909 27.1445 26.6474 27.6204 28.4619 27.4492 23.2632 17.9 14.522 13.8607 12.6072 8.7201 5.3864 6.2546 6.7203 4.9852 2.5901 3.7143 6.9412 12.9418 15.6566 19.0034 25.3283 27.7046 26.848 27.0861 28.0147 26.633 26.2234 26.2437 25.2862 25.5697 24.4816 24.2564 25.2072 24.3976 23.8189 22.7981 23.5296 22.8595 22.5246 22.6803 23.0949 22.8457 23.6992 24.4819 24.9317 24.9992 25.0343 25.0534 25.0642 25.0704 25.0739 25.0757 25.0766
37.6511 37.6636 37.678 37.6946 37.7139 37.7366 36.9597 36.9957 37.03 37.0535 37.0448 36.9593 36.7283 35.0438 34.5762 31.1632 26.8274 27.4986 27.8697 27.4707 24.5614 18.4886 13.7479 11.4828 14.7867 12.6653 5.6171 9.0997 8.0215 5.4994 4.7733 5.5922 9.2788 19.4029 25.6536 26.9227 28.1034 29.9856 31.4447 30.0362 28.8573 29.8142 30.6768 29.6561 27.6994 27.0088 28.0877 25.2965 24.286 25.0221 25.0 24.5275 23.9807 23.9308 23.781 23.3424 23.8595 24.3271 24.9502 25.0806 25.0775 25.0976 25.1043 25.1055 25.1043 25.1022 25.0996 24.628 23.7524
36.9493 37.6703 37.6862 37.705 37.7275 37.7548 37.7887 37.8313 37.1513 37.2283 37.3 37.3112 37.1078 36.9303 34.5905 34.0055 31.2565 27.5055 27.4685 25.0069 29.2682 24.3624 20.1433 17.2449 37.5668 31.495 12.9847 12.5777 13.6933 8.0811 2.4917 10.86 15.2427 23.8623 30.7999 32.4696 33.5248 32.0194 32.4298 32.6882 33.9385 34.5678 33.0178 33.372 30.086 29.1345 29.0128 27.0443 25.3097 25.1113 25.0874 24.9884 24.7419 24.9703 24.5133 24.9838 25.2648 25.3301 25.3591 25.2622 25.2203 25.1914 25.1705 25.1547 24.7266 24.6572 23.789 23.7245 23.6762
36.912 36.945 36.9853 37.0351 37.7361 37.7663 37.8049 37.8559 37.9266 38.0297 37.5856 37.8275 37.9184 37.0451 35.7508 33.8606 31.4223 28.6117 29.7567 30.8 33.8203 30.4388 30.9289 27.4846 34.414 36.8894 31.5634 16.6838 16.207 13.8698 12.6593 16.4229 28.443 34.0168 35.3475 36.7297 37.8812 38.9701 37.2146 35.0512 35.2072 37.6012 34.7925 32.7707 31.7218 30.4278 28.2456 27.3962 25.9216 25.1681 24.9801 24.8809 24.7869 24.8356 25.0153 25.3245 25.556 25.7984 25.6855 25.5758 25.2832 25.2276 24.9417 24.1193 24.003 23.7449 23.6729 22.5713 22.5188
36.8686 36.8961 36.9299 36.9721 37.0257 37.095 37.1864 37.861 37.9353 38.0504 38.2535 38.6817 39.3728 38.7035 34.9501 32.9951 34.9819 29.7625 40.051 38.4139 35.6442 36.2325 30.1307 28.1006 34.5738 32.2474 30.6681 26.016 19.6316 19.0069 24.0904 27.9983 35.0677 39.5659 41.738 42.1313 40.0467 39.2453 40.6441 37.7288 37.4753 35.5122 34.0122 32.6794 31.3535 29.706 28.2738 26.7467 25.7798 25.0254 24.6948 24.6417 24.622 24.3315 24.4471 24.7073 25.3112 25.6182 25.3524 25.2678 24.8137 24.6464 24.0794 23.7714 22.9287 22.5676 21.704 21.6603 21.6299
36.8201 36.8404 36.8655 36.8969 36.9369 36.9892 37.0591 37.155 37.291 38.5051 38.5716 38.7422 39.2021 38.9532 35.5087 35.953 39.838 35.9713 37.2156 35.8995 27.2763 27.5911 27.3624 26.7004 28.3795 30.9873 28.7741 27.5026 30.2645 26.3451 24.8253 36.3114 42.6416 41.9838 46.2892 43.5664 41.6524 41.4852 38.9618 37.3218 35.1536 34.2637 32.9215 30.6706 29.9154 29.0416 27.3146 25.4331 25.4816 24.511 24.1518 23.7812 23.8185 24.0484 23.6996 23.7795 24.1732 24.6664 25.1853 24.9001 24.375 22.5061 22.239 21.8232 21.7141 21.6485 21.6078 21.5818 21.3101
36.7675 36.7794 36.7939 36.8118 36.8343 36.8633 36.9015 36.9531 37.0244 37.1242 37.2556 38.0811 37.1785 38.052 37.5964 37.7199 36.9885 33.5384 28.5992 20.5503 18.3049 19.7605 23.9086 26.4205 25.3131 27.6154 27.3345 22.9779 30.0232 20.6279 20.7318 27.4248 40.4949 44.0338 37.3282 37.6491 38.6296 35.7631 35.7853 33.6942 32.4835 31.9476 29.9492 29.2377 28.284 26.8279 25.7643 24.693 24.3297 23.9951 23.1884 23.3481 23.1221 23.1248 23.2178 23.1907 22.9904 23.0267 23.1103 22.9811 22.2664 22.0461 21.6658 21.5801 21.5358 21.5133 21.255 21.2386 21.2287
32.9283 33.1399 36.7179 36.7207 36.7233 36.7251 36.7254 36.7221 36.7114 36.6846 36.6241 36.5067 36.1583 36.7443 37.4678 34.0749 31.6561 27.9792 20.7118 15.5646 14.746 13.4095 14.0975 16.6012 24.135 27.0411 26.352 20.9873 22.9234 30.0222 26.0267 18.7254 23.7186 35.9577 31.8213 30.7948 28.6012 31.102 31.5073 28.067 28.4883 29.1674 28.3483 26.0273 25.6293 25.4331 23.8973 22.914 23.0705 22.9735 22.3313 22.0671 22.6329 22.4958 22.1311 22.6073 22.4885 21.9324 21.5245 21.4625 21.4749 20.778 21.3054 21.3285 21.1198 21.1245 21.1314 21.1393 20.2212
21.5738 25.7769 27.6916 31.8572 36.6107 36.585 36.5468 36.4879 36.3933 36.2335 35.9456 35.0747 33.95 30.8277 33.732 34.2103 21.3258 15.376 13.2441 10.6591 10.574 10.9057 10.118 9.4407 15.1474 24.2305 27.5063 21.8373 19.0519 20.4696 22.742 19.0199 19.9333 22.2251 25.4768 24.6291 25.1299 22.7337 25.9343 25.2457 23.8904 25.006 25.5279 24.3589 23.8538 22.4814 22.5328 22.1947 21.2616 21.4989 21.7214 21.2007 21.4501 21.5262 21.5799 21.3462 21.5898 21.3572 21.1409 20.649 20.6672 20.6512 20.4627 20.2631 20.2548 20.243 20.2184 20.2136 20.2104
17.8231 21.2662 21.3731 21.5269 23.3989 21.4806 30.1541 30.0154 29.5888 29.3432 28.9109 28.0612 26.2502 27.1685 27.0942 24.7196 20.1938 8.8613 8.3224 9.421 8.429 7.8533 7.3385 6.8997 7.3002 16.1637 19.3522 22.0866 19.9455 18.4506 18.0976 18.816 19.2928 19.6291 20.2558 22.156 21.3096 21.398 21.273 22.5652 22.3921 21.7368 22.3067 22.793 21.6656 21.8572 21.3516 21.1053 20.898 20.661 20.611 20.7694 20.6232 20.5847 20.6899 20.7166 20.8745 20.536 20.6089 20.4826 20.2644 20.2317 20.2323 20.2269 20.2259 20.2035 20.0954 20.0914 20.0889
17.8531 17.836 17.8116 17.7777 17.7318 17.6718 20.717 20.8203 23.8972 25.7992 20.0416 15.3663 14.7019 11.9702 14.9554 22.7733 18.6601 6.4637 7.3293 6.538 6.7746 5.7367 4.7392 5.5867 7.0222 5.8625 16.853 16.3697 17.6498 18.0091 18.2081 18.3999 18.8012 18.9071 19.5762 20.4205 20.9315 20.6399 20.6469 20.8118 21.14 20.5821 20.7721 20.8743 21.1133 20.9601 20.8413 20.6072 20.3928 20.4765 20.4003 20.1843 20.1403 20.2738 20.2232 20.1772 20.1334 20.3387 20.1837 20.1243 20.0354 20.09 20.1085 20.088 20.0862 19.985 19.9827 19.9686 19.9675
17.8882 17.8751 17.8543 17.8225 17.7758 17.7094 17.6199 15.4223 16.7348 14.2156 11.0455 13.4449 11.9469 9.21 9.2263 11.2326 16.3848 9.5304 5.1507 5.2733 5.0005 4.9525 4.507 3.994 4.7777 8.137 13.0079 14.0544 17.3207 18.1338 18.3639 18.5297 18.7368 18.9998 19.3775 19.7951 20.1543 20.0978 20.2657 20.3679 20.6299 20.3918 20.3617 20.4124 20.4083 20.4836 20.4533 20.1567 20.1063 20.2021 20.1351 20.1141 20.082 20.0349 20.0495 20.038 20.0357 20.0319 20.0247 20.0279 20.0454 20.0201 20.0039 19.9868 19.9822 19.9676 19.9661 19.9653 19.9648
17.3959 17.9215 17.9073 17.8818 17.8389 17.7705 17.667 17.5226 14.3716 12.8437 12.1257 7.1633 8.8692 9.5439 8.1344 9.9253 17.7256 11.1008 5.4996 3.9634 4.7658 5.2188 3.6366 3.2468 3.4241 8.8027 16.5007 15.9551 14.1346 18.4331 18.5499 18.855 19.0084 19.0946 19.2773 19.4067 19.6675 19.9709 19.977 20.0743 20.1829 20.1933 20.1643 20.1951 20.2996 20.2531 20.2172 20.1148 20.08 20.118 20.0795 20.0785 20.0701 20.0644 20.0854 20.0686 20.0311 20.0265 19.9801 19.9873 20.0357 19.9867 19.9588 19.9545 19.9608 19.961 19.9614 19.9618 19.9621
17.4331 17.451 17.4667 17.9572 17.9263 17.8657 17.7566 17.5772 16.7107 14.3774 13.8823 10.103 6.4445 6.0387 6.8779 7.8324 10.2328 8.1544 4.9822 3.2411 4.7885 4.4221 2.3755 1.5685 1.1461 7.3278 5.0257 16.8738 15.8434 17.9151 18.7041 18.8631 19.055 19.1131 19.3088 19.3607 19.4414 19.6524 19.9366 20.01 20.0903 20.1579 20.1643 20.1643 20.1693 20.1856 20.1363 20.0782 20.0801 20.103 20.0815 20.0767 20.1077 20.1074 20.0933 20.0486 20.0226 19.9848 19.9777 19.9076 19.9096 19.9096 19.9361 19.9447 19.9348 19.9582 19.9607 19.9856 20.0196
17.4692 17.498 17.5287 17.5589 18.0398 18.0052 17.9148 17.7182 17.356 14.7782 14.2633 11.4432 8.8595 6.4335 5.3795 4.7034 6.2869 4.8458 5.0599 4.1869 6.762 4.8704 2.4228 0.7504 0.6988 2.0299 8.994 10.0798 16.3326 16.2477 17.7769 18.8656 19.0799 19.1348 19.2043 19.3524 19.4321 19.5362 19.7354 19.9484 20.0704 20.1512 20.1643 20.1643 20.163 20.148 20.0822 20.0722 20.0734 20.0887 20.1098 20.127 20.1542 20.1106 20.0664 20.0342 20.0125 19.9891 19.9545 19.908 19.8967 19.9045 19.9263 19.9317 19.9319 19.9814 19.9894 20.0482 20.0527
