normal_rasters/0772100001000765.ascii
ncols 77 
nrows 74 
xllcorner 158351.483994
yllcorner 383879.285004
cellsize 0.25
nodata_value -9999 
[rows 0 to 30 of 74, columns 0 to 69 of 77]
18.5065 20.2353 21.3899 23.7114 23.7356 24.1014 23.4958 27.2675 26.8732 26.8806 31.2157 31.2518 32.6108 39.4845 40.9676 40.944 40.9153 41.1114 41.0812 40.4854 40.486 40.4899 40.4977 40.5094 40.5245 40.5417 40.5596 40.5766 40.5917 40.6044 40.6145 39.4468 34.5698 36.1444 36.0955 36.0566 34.8389 34.8302 34.8236 34.8185 34.8147 34.8117 31.3693 31.3351 31.3042 27.6801 32.4365 32.3626 22.4024 22.3419 22.2869 22.2373 16.2393 16.203 16.17 16.14 16.113 16.0886 12.0845 12.0684 12.0538 6.8097 6.0879 6.0765 6.0003 5.9875 4.2023 4.1946 3.0201 3.018
18.502 18.507 20.235 21.3898 23.7084 23.7364 24.102 23.4981 27.267 26.8747 26.8836 31.2165 31.2608 32.6318 39.4869 40.9633 40.933 41.1193 41.0841 40.4705 40.4694 40.4724 40.4808 40.495 40.5144 40.5369 40.5599 40.5811 40.5991 40.6134 39.4561 34.6156 36.1564 36.0942 36.0462 34.8328 34.8231 34.8161 34.811 34.8073 34.8046 31.3841 31.3441 31.308 32.5213 32.4259 32.3427 22.4267 22.3578 22.2956 22.2396 16.2509 16.2101 16.1733 16.1401 16.1102 16.0834 12.0838 12.0662 12.0503 6.8117 6.0901 6.0777 6.001 5.9872 4.2021 4.1939 3.0197 3.0175 2.3987
17.9147 18.5019 18.5077 20.2347 21.3898 23.7048 23.7375 24.1027 23.5008 27.2662 26.8763 26.8871 31.2176 31.2733 32.6615 39.4903 40.9579 40.9176 41.0926 41.0442 40.4487 40.4496 40.4581 40.4756 40.5014 40.5318 40.5624 40.5892 40.6105 39.4685 39.4694 34.5437 36.0919 36.0313 34.8236 34.8129 34.8058 34.8009 34.7977 34.7956 31.4028 31.3553 31.3127 32.5223 32.4133 32.3191 24.2185 22.3778 22.3067 22.243 16.2645 16.2186 16.1772 16.1401 16.107 16.0774 12.083 12.0637 12.0462 6.8139 6.0926 6.079 6.0665 5.9868 4.202 4.193 3.0194 3.0169 2.3986 2.3985
18.2611 17.9144 18.5017 18.5085 20.2344 21.3899 23.7001 23.7389 24.1035 23.5042 27.2648 26.8781 26.8915 31.2191 31.2912 37.8779 40.9921 40.9507 40.8945 41.0521 40.9824 40.4194 40.4264 40.4481 40.4839 40.5274 40.5694 40.6035 40.628 39.4876 34.5923 36.0878 36.0088 34.8093 34.7979 34.7912 34.7874 34.7853 34.7842 31.4268 31.3696 31.5669 32.5238 32.3982 32.2907 24.2456 22.403 22.3211 22.2481 16.2809 16.2286 16.1819 16.1402 16.1032 16.0704 12.0822 12.0608 12.0416 6.8164 6.8063 6.0804 6.0667 5.9863 4.2018 4.1921 3.0189 2.3987 2.3985 2.3984 2.3982
18.456 18.2611 17.9139 18.5015 18.5095 20.234 21.3902 23.6942 23.7407 24.1044 23.5086 27.2625 26.88 26.8971 31.2213 31.3184 37.9174 40.9985 40.9407 41.0742 40.9856 40.3791 40.3802 40.4063 40.4594 40.5259 40.5858 40.6285 39.5154 34.6718 36.0802 35.9731 34.786 34.7752 34.7704 34.7688 34.7688 33.2134 31.4583 31.3883 31.5876 32.526 32.3798 32.2562 24.2804 22.4351 22.3398 22.2554 16.3005 16.2407 16.1874 16.1403 16.0987 16.0621 12.0814 12.0575 9.2998 6.8192 6.808 6.0819 6.0669 5.9856 4.2016 4.191 3.0185 2.3986 2.3984 2.3983 2.3718 2.3327
17.9299 18.455 18.261 17.9134 18.5013 18.5108 20.2337 21.3906 23.6863 23.7432 24.1052 23.5144 23.5192 26.8819 26.9046 31.2249 31.3624 37.9873 41.0122 40.9258 41.0128 40.8633 40.3098 40.3363 40.4228 40.5353 40.6228 39.5622 34.8152 36.0658 35.9121 34.7461 34.7392 34.7398 34.7431 33.219 33.2381 31.5006 30.8368 31.6153 32.5289 32.3572 29.1488 26.9346 24.2226 22.3643 22.2656 22.1795 16.2553 16.1941 16.1404 16.0933 16.0523 12.0804 12.0537 9.3 6.8223 6.8099 6.0835 6.067 5.9848 4.2014 3.0213 3.0179 2.3985 2.3983 2.3982 2.3718 2.3327 2.3362
18.4664 17.9298 18.4537 17.9158 17.9126 18.501 18.5125 20.2334 21.3914 23.6757 24.5252 24.106 23.5223 23.5282 26.8836 26.915 31.2312 34.0016 38.1213 41.0437 40.902 40.8886 40.2005 40.2011 40.3639 40.584 40.7052 35.1132 36.0362 35.7965 34.6723 34.6798 34.6939 33.2216 33.2543 33.2745 33.2864 30.8915 31.6528 32.5327 32.3289 26.9802 26.9407 24.2615 22.3968 22.2801 22.1789 16.2733 16.2023 16.1405 16.0869 16.0406 12.0794 12.0493 9.3001 6.8258 6.8119 6.0853 6.067 5.9838 4.2011 3.0211 3.0173 2.3984 2.3982 2.398 2.3326 2.336 2.3362 2.3363
18.4686 18.4663 17.9296 18.4521 17.9155 17.9115 18.5007 18.5148 20.2332 21.3929 23.6608 24.5205 24.1066 23.5339 23.5414 26.8842 26.9305 31.2441 34.1158 42.3377 41.1286 40.861 40.5618 39.8795 40.272 40.79 39.8275 35.9724 35.5421 34.5213 34.577 33.2091 33.2754 33.3115 33.33 33.3381 30.9678 31.704 33.4667 32.2931 26.9988 26.9499 26.9083 22.4406 22.3005 22.1802 16.2958 16.2125 16.1406 16.079 16.0264 12.0782 12.0441 9.3003 6.8298 6.8142 6.0873 6.0668 5.9826 4.2008 3.0208 3.0166 2.3983 2.3981 2.3979 2.3326 2.336 2.3362 2.3364 2.2076
19.8836 18.4689 18.4661 17.9293 18.4499 17.9148 18.486 18.5001 18.5181 20.2332 21.3954 23.6391 24.5125 24.1064 23.5519 23.5621 26.8808 26.9565 31.0586 34.4281 42.4426 41.4344 41.0363 39.3145 40.7832 40.6931 32.7767 31.2328 34.1632 33.1131 33.2981 33.3789 33.4105 33.4188 33.4159 31.0761 33.5983 33.4029 29.2667 27.0566 26.9638 26.9118 24.2248 22.3296 22.1843 16.3242 16.2253 16.1408 16.0692 16.0089 12.0769 12.038 9.3004 6.8345 6.8167 6.0894 6.0665 4.2887 4.2759 3.0204 2.3985 2.3982 2.398 2.3977 2.3326 2.336 2.3362 2.3364 2.2077 2.2075
20.4385 19.8818 18.4692 18.4658 17.9288 18.4469 17.9139 18.4816 18.4994 18.5228 20.2336 21.4 23.606 24.4978 24.1039 23.2698 23.5992 26.8628 27.0109 31.2252 35.4809 42.7142 43.4997 42.2542 41.7296 33.8461 29.3072 30.0845 33.2532 33.5439 33.6028 33.5947 33.5675 33.5366 31.233 33.5545 33.3092 29.2636 27.0914 26.9855 26.9185 24.2844 22.3714 22.1929 16.361 16.2416 16.141 16.057 15.9872 12.0755 12.0305 9.3005 6.8398 6.8195 6.2019 6.0659 4.289 4.2746 3.02 2.3984 2.3981 2.3978 2.3325 2.3325 2.336 2.3362 2.3364 2.2078 2.2077 1.9867
20.4496 20.437 19.8792 18.4695 18.4654 18.3863 18.4425 17.9122 18.4751 18.4983 20.183 20.2349 21.4088 23.5525 24.4674 24.0941 23.345 23.6807 26.7748 27.1334 32.0796 39.519 42.8336 42.1161 25.4842 25.2212 26.0187 34.6875 34.4159 34.1479 33.9588 33.8249 31.4964 33.0387 33.4816 30.1445 27.2286 27.1441 27.0196 26.931 26.8601 22.4326 22.2088 18.3883 16.2629 16.1413 16.0413 15.9597 12.0739 12.0215 9.3007 7.5179 6.8227 6.2033 6.0649 4.3148 4.273 3.0195 2.3983 2.3979 2.3976 2.3324 2.3357 2.336 2.3363 2.3365 2.208 2.2078 1.9868 1.9861
20.8284 20.4505 20.435 19.8756 18.47 18.8471 18.3815 18.4361 17.9095 18.4652 18.4966 20.1624 20.2385 21.4275 23.4609 24.3934 24.055 23.5382 23.9504 26.0376 32.2736 33.1581 34.4947 31.027 26.5302 27.2083 36.3588 36.7088 35.3576 34.6411 34.2528 31.8442 33.0116 30.1437 27.9394 28.0411 27.2262 27.0754 26.9537 26.8579 24.2167 22.2365 18.4094 16.2913 16.1416 16.0208 13.0219 12.072 9.9462 9.4211 7.5217 6.8262 6.2047 6.0634 4.3142 3.0616 3.0189 2.3982 2.3978 2.3974 2.3323 2.3357 2.336 2.3363 2.2084 2.2082 2.208 1.987 2.0998 1.8786
21.892 20.8307 20.4515 20.432 19.4062 18.4705 18.8444 18.3743 18.4259 17.9046 18.449 18.4936 20.1264 20.2481 20.2909 20.7783 23.1269 22.5559 24.5332 26.3365 28.5342 23.5056 19.8133 20.4295 21.9308 31.8888 35.0527 35.5546 35.3962 33.2405 32.1513 32.5158 27.302 27.8705 28.0298 28.2707 27.1938 26.9957 26.8601 26.7603 22.284 18.4399 17.5539 16.1419 15.9935 13.0183 12.0699 9.9486 9.4196 7.526 6.8302 6.8026 6.0612 4.3133 3.0614 3.0183 2.398 2.3976 2.3972 2.3323 2.3357 2.3361 2.3364 2.2086 2.2083 2.2081 1.9872 1.8161 1.8787 1.8461
22.8829 20.8464 20.8337 20.4527 20.4273 19.4057 18.4712 18.8402 18.363 18.4088 17.895 18.4202 18.4877 20.0546 20.2775 20.6055 21.1745 21.1965 20.5519 23.4381 16.1449 16.1441 17.1828 18.5903 20.2485 29.4483 32.9286 33.7256 33.2734 32.946 29.0606 26.9172 27.7092 27.9892 28.2973 27.342 27.0755 26.8731 26.7282 22.3656 18.4858 17.56 16.1422 15.9561 13.0135 12.0674 9.952 9.4176 7.531 6.8348 6.8021 6.1694 4.312 3.0612 2.3984 2.3978 2.3973 2.3321 2.3322 2.3357 2.3361 2.3365 2.2088 2.2085 2.2083 2.1007 1.8162 1.8787 1.7078 1.8245
22.8885 22.8802 20.8539 20.8379 20.4541 20.1977 19.405 18.4721 18.8334 18.3439 17.8899 17.5678 17.6407 18.4731 19.8808 20.3997 21.9011 22.4929 17.2403 15.0668 14.8145 15.4654 15.2813 17.0538 19.2677 20.9529 28.8217 31.3691 31.238 27.7396 26.5999 27.2823 27.8557 28.6856 28.3512 27.2337 26.9122 26.6865 25.5343 18.5581 17.5675 16.1423 13.1052 13.0068 12.6401 9.9567 8.1752 7.5369 6.84 6.8008 6.163 4.3101 3.0609 2.3983 2.3976 2.397 2.332 2.3321 2.3358 2.3362 2.3365 2.2091 2.2088 1.9889 2.1007 1.8163 1.7523 1.7074 1.4917 1.5447
22.8957 22.8871 21.8723 20.8645 20.8438 20.4557 20.1895 19.4044 18.8534 18.4114 17.5809 17.839 17.2914 17.642 18.4195 18.8186 21.4038 22.1011 16.7148 18.2836 13.6598 15.976 15.0929 16.0036 18.7011 20.4197 21.369 26.6207 24.5233 25.1691 26.1689 27.3134 28.1837 28.76 28.2304 27.016 26.6338 25.4258 18.6775 17.5774 17.311 14.0309 12.9971 12.6119 9.9637 8.1851 7.5439 6.846 6.7981 4.3388 4.3073 3.0606 2.3982 2.3974 2.3967 2.3319 2.3352 2.3358 2.3363 2.2098 2.2094 2.209 2.1021 2.1006 1.8163 1.7522 1.7069 1.4915 1.4893 1.5412
22.9051 22.8965 22.8851 21.8751 20.8806 20.8528 20.4575 20.1742 19.404 18.8531 18.4142 17.5841 17.2295 17.2184 17.4584 18.3661 17.1093 16.9595 12.0345 13.5142 17.1365 12.7536 14.6533 17.2114 18.1847 21.9788 25.0235 26.65 24.8995 24.1258 27.1652 27.3842 29.1264 28.4683 27.2375 26.5803 25.2278 21.0867 17.5927 17.2085 14.0569 12.9823 10.899 9.9743 8.1984 7.5523 6.8528 6.7931 5.0495 4.3031 3.0601 3.0485 2.397 2.3962 2.3317 2.3352 2.3358 2.3364 2.2102 2.2098 2.2093 2.1021 1.8192 1.8163 1.7519 1.7062 1.4912 1.4888 1.5407 1.1582
21.5844 22.9089 22.8975 22.882 21.8776 20.9067 20.868 20.4586 20.1419 19.405 18.8539 18.4071 17.5809 17.0658 16.5154 17.1225 15.4765 12.6821 10.4488 10.0477 17.6342 11.838 24.0782 18.583 22.679 25.9673 27.6575 27.5072 25.1861 24.3384 25.7466 28.5242 32.0152 26.6175 26.5902 22.9084 21.0632 18.3373 16.1183 14.3966 12.9579 10.9077 10.0852 8.217 7.5624 7.5108 6.7843 5.0488 4.2966 3.0593 3.0452 2.3966 2.3957 2.3315 2.3352 2.3359 2.3366 2.2107 2.2102 2.1043 2.1021 1.8194 1.8162 1.7514 1.4472 1.4909 1.4882 1.54 1.1587 1.1568
21.6052 21.6032 21.5968 22.8992 22.8764 21.8785 20.7219 20.2245 20.7514 20.0616 19.4139 18.863 18.2891 18.1215 18.6323 14.5618 11.2948 10.431 9.9446 9.2007 11.5334 16.6285 20.7131 33.8838 36.1845 26.2677 31.8049 30.5713 24.3053 24.2569 30.214 36.167 32.2106 27.1666 22.6814 21.7821 17.8988 16.2224 14.3848 12.9136 10.9246 10.085 8.2447 7.5743 7.5042 6.7685 5.0466 4.2866 3.0582 3.0406 2.3961 2.331 2.3312 2.3352 2.3361 2.3368 2.2113 2.2106 2.1044 2.102 1.8195 1.816 1.7508 1.4469 1.4903 1.4874 1.5393 1.1593 1.1571 1.0909
21.6285 21.6314 21.6308 21.6235 22.0477 21.8771 21.8738 20.7929 20.3276 20.6804 19.8161 19.5094 18.9025 17.1866 14.853 13.8134 10.7261 9.8792 8.9545 8.36 8.9217 13.0583 25.7327 20.0223 19.6287 16.8881 34.2326 29.2734 22.8352 24.9216 27.8922 28.0881 25.2534 24.4765 20.0998 18.7422 16.3446 14.3764 12.253 10.9631 10.7828 8.2889 7.5877 7.4879 5.1192 5.0415 3.6913 3.0564 3.0339 2.3954 2.3306 2.3308 2.3353 2.3363 2.3371 2.212 2.2112 2.1045 2.1017 1.8196 1.8155 1.7499 1.4464 1.4896 1.4865 1.218 1.1601 1.1576 1.0912 1.0896
21.6533 21.6628 21.6708 21.6743 21.6672 21.6368 21.8616 20.7324 20.9117 20.6497 20.2412 18.8401 19.3646 14.5586 10.8067 10.1769 10.4822 9.2368 8.5222 7.8531 7.8723 9.379 11.9306 12.4763 12.7409 13.8478 23.2515 21.0217 21.237 32.6283 26.7006 24.5813 22.2855 20.5099 19.0041 17.1593 15.3796 12.4681 11.0688 9.3236 8.3646 7.5992 7.4493 5.144 5.0305 3.6897 3.0534 2.4056 2.3944 2.33 2.3338 2.3354 2.3366 2.2139 2.2128 2.1084 2.1045 2.1013 1.8194 1.8148 1.4179 1.4456 1.4426 1.4852 1.2183 1.161 1.1581 1.1556 1.0898 1.0353
22.0067 21.6951 21.7143 21.7342 21.7506 21.7501 21.6955 21.7816 20.8037 21.1276 21.2854 15.6731 12.154 9.8903 9.4322 9.2143 9.2721 7.4072 7.6893 7.3798 6.9439 6.9702 8.0939 9.4466 12.1666 15.2313 16.628 24.2706 27.9286 29.6068 25.8112 22.6861 21.0488 19.8086 16.9546 15.4035 14.1784 11.2389 9.6316 9.0724 8.1255 6.393 5.1843 5.0059 3.687 3.0478 2.4046 2.402 2.3291 2.3336 2.3356 2.3372 2.2153 2.2139 2.109 2.1044 1.8252 1.8189 1.8136 1.4174 1.4445 1.4411 1.4835 1.2187 1.2189 1.1588 1.1559 1.0899 1.0882 1.0352
22.004 22.0255 22.0545 22.0948 21.8454 21.9053 21.9511 21.8268 20.7304 20.4169 17.5094 13.1765 12.2142 9.436 8.9623 9.5404 9.4007 7.9937 7.914 7.4149 6.5967 6.3915 6.6701 8.55 10.2466 15.5446 25.6119 34.8798 25.0256 23.7527 22.9941 19.9283 18.3678 15.716 14.2446 11.8041 10.6204 9.5888 8.6958 7.4077 6.4273 5.6804 4.949 3.6815 3.0321 2.4029 2.3993 2.3278 2.3334 2.3361 2.338 2.2172 2.2153 2.1094 2.1039 1.8253 1.8179 1.4845 1.4165 1.4429 1.4392 1.1316 1.2191 1.2194 1.1597 1.1563 1.0901 1.0881 1.0349 1.0234
21.9957 22.0162 22.0448 22.0871 22.1539 22.2691 22.2774 22.7035 21.9293 18.3604 14.7652 13.9461 11.3835 10.4019 9.1547 9.5175 9.8514 9.8456 8.9498 8.4373 7.1061 5.44 4.7642 5.5236 10.2524 21.6426 20.623 29.7341 22.9704 22.5487 20.497 18.7502 15.7952 13.0872 12.5514 10.0356 9.6863 8.1931 7.1245 6.312 5.6545 4.4208 3.6633 2.9946 2.3996 2.3942 2.3255 2.3335 2.3371 2.3394 2.2197 2.1184 2.1098 2.103 1.8249 1.8162 1.3213 1.4151 1.2393 1.4365 1.1318 1.2197 1.22 1.1608 1.1569 1.0904 1.0881 1.0345 1.0229 1.0243
21.0214 21.0586 21.1079 21.1763 21.2779 21.4446 21.7669 22.5825 19.9196 15.2605 14.0969 13.2326 12.3336 11.6857 11.2116 11.6555 10.2338 10.3398 9.8202 8.585 7.6648 5.7626 3.9884 4.0285 9.1605 26.2932 23.005 22.2425 20.2127 19.7153 18.1446 14.5725 12.1081 12.0115 9.1874 8.4917 7.607 5.2944 5.5208 5.6268 4.687 3.5502 2.8491 2.3913 2.3832 2.3245 2.334 2.3391 2.3419 2.2234 2.1209 2.1096 2.1012 1.8237 1.8133 1.3202 1.4127 1.2357 1.0826 1.1319 1.2205 1.2208 1.1622 1.1576 1.0907 1.088 1.0341 1.0344 1.0239 1.0253
20.9833 21.0085 21.0391 21.0763 21.1201 21.1634 21.1594 20.8534 18.4657 15.3033 14.9356 14.6673 14.495 13.8454 12.4929 11.5662 11.2948 10.091 9.127 8.5002 8.9595 5.6028 2.4237 7.7318 8.4972 15.6159 19.053 19.0371 17.9965 16.8782 15.8652 12.7759 10.8004 8.5212 8.1652 6.8459 5.2706 4.7991 4.4197 4.7292 2.85 2.4737 2.3212 2.3511 2.3186 2.3362 2.3435 2.2369 2.229 2.1238 2.1086 1.8379 1.8209 1.526 1.3179 1.4089 1.2302 1.0823 1.132 1.1362 1.2218 1.1641 1.1586 1.0912 1.088 1.0336 1.0339 1.0235 1.0251 1.9898
20.941 20.953 20.9637 20.9693 20.9602 20.9121 19.9572 19.5043 18.8493 16.3094 15.2154 15.4164 15.6399 15.0853 13.806 11.8166 11.631 11.0708 8.4848 8.1317 6.9112 5.0538 7.0754 24.3333 27.78 19.1785 17.5316 16.0379 15.2089 11.6119 11.1425 9.1535 8.4059 7.0328 6.32 4.8654 4.4901 3.937 3.4727 3.1477 2.1099 2.215 2.1929 2.3072 2.3459 2.3539 2.3132 2.1583 2.1269 2.1054 1.8369 1.6662 1.5231 1.3133 1.299 0.9448 1.0818 1.132 1.1372 1.2231 1.1666 1.16 1.1542 1.0881 1.0329 1.0333 1.0229 1.0248 1.9863 1.9974
20.8985 21.3447 21.3261 21.2903 21.2218 19.749 19.0023 17.9453 17.686 17.8398 15.966 15.0792 16.4044 15.5854 15.3574 14.8147 13.0992 12.1393 10.8635 8.6088 9.5048 13.7734 17.084 22.9591 20.6296 17.9029 15.1787 13.0558 12.0895 11.5316 9.7156 8.1346 6.9707 5.3407 4.1387 4.0173 3.5514 3.4135 2.6007 2.2304 1.9524 2.1788 2.3343 2.392 2.3802 2.3237 2.1809 2.1295 2.0972 1.6896 1.664 1.5164 1.3047 0.9421 0.9444 1.0809 1.1318 1.1385 1.2248 1.2249 1.1618 1.1548 1.0882 1.0844 1.0325 1.0222 1.0244 1.9818 1.9947 2.9802
21.2903 21.2664 21.2285 19.7059 19.6665 18.8826 18.6335 18.5307 18.3672 18.1148 18.5386 17.3816 17.6921 18.2166 18.0208 16.1713 15.0276 13.2534 14.3534 20.3903 20.8598 20.7408 21.5061 23.1746 17.5329 14.908 13.3316 10.2818 9.9379 8.1119 7.5579 5.6326 4.5841 3.8338 3.4585 3.3894 2.3361 2.0879 1.5886 1.9634 1.937 2.0601 2.3766 2.4711 2.3352 2.2535 2.129 1.9666 1.6911 1.6553 1.4732 0.9498 0.9403 0.9437 1.0794 1.1314 1.14 1.2271 1.2271 1.1645 1.1558 1.0885 1.0838 1.0315 1.0212 1.0239 1.0262 1.9913 2.0047 2.9886
21.2338 21.1994 19.6622 19.6304 19.9922 18.5768 18.5466 18.4989 18.2482 18.4274 19.3868 21.6566 21.0826 21.8449 24.2916 20.5156 19.1912 16.7652 17.8373 26.6278 30.813 21.7494 23.1999 20.1061 16.3559 13.8233 11.8491 8.4035 8.503 7.5188 6.0442 3.2099 3.124 2.2694 2.0516 2.3781 1.7855 1.7195 1.5942 1.6892 1.7713 1.8375 2.0856 2.2565 2.1819 2.0319 1.831 1.674 1.6293 1.4444 0.9508 0.9371 0.9422 1.0765 1.1571 1.1421 1.3173 1.367 1.1683 1.1572 1.0889 1.0831 1.0302 1.0198 1.0231 1.026 1.9868 2.0028 2.9858 2.9986
21.1863 20.1966 20.0484 19.9767 18.5471 18.5364 18.5186 20.0211 20.3913 20.4634 21.9895 26.3311 25.6328 26.4727 28.3421 24.4798 19.7796 17.9753 21.823 21.393 21.6119 22.9893 20.1093 18.1515 16.3844 11.2525 9.2742 7.3398 5.1216 3.8489 3.237 2.2538 2.1923 1.7248 1.5886 1.2837 1.5243 1.4798 1.5008 1.3779 1.474 1.4772 1.7502 1.931 1.7547 1.7087 1.6856 1.3521 1.1451 0.9518 0.9306 0.9389 0.946 1.1566 1.145 1.32 1.369 1.174 1.1595 1.0897 1.0823 1.0284 1.0179 1.0221 1.0256 1.9807 2.0001 2.9821 2.9974 3.0105
