normal_rasters/0772100000297603.ascii
ncols 66 
nrows 58 
xllcorner 159467.388
yllcorner 383914.890991
cellsize 0.25
nodata_value -9999 
[rows 0 to 30 of 58, columns 0 to 65 of 66]
12.2234 12.2765 12.3338 12.395 12.273 15.0543 15.0706 15.086 14.935 17.9248 17.821 10.4629 13.4341 16.5793 16.5862 17.4595 17.6253 15.2322 15.9051 15.5121 15.5256 17.1296 17.1139 16.8601 16.5415 16.5406 17.2785 18.3857 18.4266 18.4718 20.9047 24.0122 24.1827 27.6589 30.6574 30.798 32.1271 33.7017 33.7905 35.8468 35.9602 37.1682 37.2627 38.5498 39.6024 39.9656 39.9873 40.008 40.7986 40.8202 40.8431 40.8661 40.888 40.9081 40.9258 40.9409 40.9536 40.964 40.9724 40.979 42.0493 42.0742 42.0961 42.1154 42.1323 42.1472
12.1927 12.2489 12.3101 12.376 12.4137 15.0568 15.0752 15.0927 14.9624 14.8895 17.8389 10.4565 10.4985 16.5767 16.584 15.9739 17.4596 15.2318 15.2436 15.9083 15.5271 17.136 17.1186 16.8635 16.5413 16.5402 17.2688 18.3632 18.4087 18.4597 20.8639 20.9752 24.13 27.5917 27.798 30.7684 32.1181 32.1849 33.7771 35.7893 35.9181 37.1433 37.2564 38.5405 39.5965 39.9648 39.9912 40.0163 40.784 40.8107 40.8389 40.8668 40.8928 40.9159 40.9357 40.9522 40.9654 40.9759 40.9839 42.0365 42.0657 42.091 42.113 42.1321 42.1486 42.163
12.6375 12.2164 12.2817 12.3526 12.4046 12.3083 15.08 15.1 14.9951 14.9149 17.8616 10.448 10.4945 13.4585 16.5813 15.9724 17.4594 15.5311 15.2438 15.9107 15.5283 15.5457 17.1246 17.1034 16.8483 16.5397 16.4553 17.0896 18.3855 18.4434 18.5076 20.9375 24.0588 27.5019 27.7401 30.725 32.1033 32.1831 33.7569 35.4592 35.8603 37.1067 37.243 38.2614 39.5869 39.9627 39.9954 40.0265 40.766 40.7998 40.8353 40.8696 40.9007 40.9274 40.9493 40.9667 40.9801 40.9901 42.0221 42.0566 42.0862 42.1115 42.1332 42.1516 42.1674 42.1808
12.5728 12.1781 12.2476 12.3239 12.4066 12.449 15.0848 15.1078 15.1289 14.9458 17.8907 10.4366 10.4884 13.4554 16.5778 16.5872 17.459 17.6251 15.2435 15.9133 15.5291 15.5489 17.1323 17.1083 16.8513 16.5391 16.4547 17.0763 18.3553 18.4211 18.4958 20.8867 21.0507 26.0995 27.6574 30.6616 32.0798 32.1762 33.7266 34.0171 35.5192 35.9847 37.2182 38.2548 39.4522 39.9585 39.9998 40.039 40.7433 40.7875 40.8333 40.8763 40.9135 40.944 40.9677 40.9854 41.2334 42.0058 42.0473 42.0822 42.1115 42.1361 42.1567 42.174 42.1886 42.2008
12.4979 12.6066 12.2067 12.2887 12.3786 12.4389 12.3369 15.1163 15.1408 14.9836 14.8787 17.7637 10.4794 10.5407 13.4941 16.5834 17.5148 17.6241 15.2423 15.9161 15.9178 15.5518 17.1421 17.1148 16.8554 16.5385 16.5365 17.0588 17.0935 18.3904 18.4777 20.8178 21.009 24.1565 26.6599 29.5932 32.0431 32.1605 32.2911 33.9962 35.4699 35.911 37.1753 38.2385 39.4348 39.9504 40.0037 40.0542 40.7139 40.7743 40.8352 40.8895 40.9338 40.9677 40.9923 41.2349 41.9876 42.0381 42.0798 42.114 42.142 42.165 42.1839 42.1995 42.2123 44.0694
12.4113 12.5243 12.1576 12.2456 12.3433 12.4246 12.4984 12.3747 15.1543 15.0303 14.9126 17.7894 10.4666 10.5362 13.4929 16.5785 15.9735 17.4574 15.5466 15.9192 15.921 15.5542 15.5813 17.1237 17.089 16.3822 16.5352 16.4494 17.0745 18.3479 18.4505 18.5682 20.9477 24.0299 26.1489 29.5109 31.9855 32.1297 32.2969 33.9598 34.4381 35.6045 37.1043 38.2039 39.4032 39.9354 40.0054 40.0717 40.6749 40.7625 40.8454 40.9139 40.9656 41.0016 41.2386 41.2593 42.0304 42.0806 42.1207 42.1527 42.1781 42.1985 42.2148 44.0516 44.0856 44.114
12.3112 12.4278 12.5629 12.1926 12.2987 12.4164 12.4875 12.4001 15.1696 15.1994 14.9557 14.8139 10.4485 10.5279 13.4897 15.9308 16.5855 17.5115 15.5544 15.2587 15.9245 15.5557 15.5877 17.1358 17.0951 16.3153 16.3757 16.447 17.0479 17.1032 18.4091 18.5531 20.8576 21.1727 26.0176 26.8337 29.7379 32.0724 32.2906 33.8985 34.4093 35.5575 36.993 38.1369 39.3429 39.5346 40.0001 40.0867 40.624 40.7593 40.8727 40.9577 41.0146 41.2467 41.2741 42.0268 42.0879 42.1348 42.1709 42.1986 42.22 44.0286 44.0732 44.1095 44.1393 44.1636
12.1957 12.3146 12.4551 12.1275 12.2423 12.3719 12.4708 12.5709 12.0313 15.2232 15.0113 14.8481 17.6207 10.5143 13.4835 13.5525 16.5779 17.5117 17.6494 15.5611 15.9282 15.9313 15.5939 15.6327 17.1043 16.7651 16.3769 16.4438 17.0107 17.0742 18.3459 18.5237 20.7254 21.1101 25.8125 26.3061 29.6332 31.9685 32.2574 32.9991 34.3542 35.0358 36.1936 38.0221 38.4429 39.5098 39.9759 40.0707 40.5731 40.784 40.9335 41.0336 41.2653 41.3023 42.0332 42.1075 42.1619 42.2016 43.296 43.3368 44.0585 44.1065 44.1446 44.1748 45.0987 45.1175
12.0627 12.1822 12.3265 12.4985 12.171 12.3134 12.446 12.5607 12.4947 15.2518 15.0838 14.8943 17.6439 10.493 10.608 13.5544 15.9338 17.5122 17.5955 15.5724 15.9323 15.9357 15.5996 15.647 17.1181 16.7707 16.3119 16.3636 16.3402 17.0299 18.2487 18.4686 20.5324 21.003 23.5856 26.1177 28.2875 30.6097 32.1671 33.0032 34.2617 34.9995 36.1477 36.9731 38.5873 39.3973 39.9356 39.9726 40.6293 40.856 41.1811 41.3106 41.3618 42.064 42.1525 42.2127 43.2675 43.3266 43.3699 44.1077 44.1577 45.085 45.1136 45.1358 45.1531 45.1665
11.9102 12.0275 12.1733 12.3516 12.0809 12.2367 12.4166 12.5418 12.6849 12.1458 15.1799 14.9579 14.7203 10.4603 10.5968 13.5533 15.9459 15.9216 17.5633 17.6543 15.5828 15.9402 15.6042 15.663 17.1388 16.7802 16.3208 16.3616 16.3312 16.9625 17.0805 18.3671 18.7299 20.8312 23.3673 25.786 28.1317 30.3967 31.9673 32.9216 33.755 34.6512 36.0059 37.2152 37.9486 38.7712 39.8934 40.5873 40.5122 41.0727 41.448 41.5111 42.1577 42.8307 42.9192 43.3247 43.3855 44.1205 45.0596 45.1079 45.1429 45.1684 45.1872 45.2009 46.9037 46.9146
4.3681 11.8479 11.9914 12.1728 12.3979 12.1358 12.3368 12.5104 12.6794 12.2306 12.2139 15.0469 14.7598 17.3102 10.5742 13.5468 13.6701 15.9326 17.4985 17.6468 15.6004 15.945 15.953 15.6805 15.7552 16.7959 16.3357 16.2966 16.3156 16.2087 16.9953 18.1815 18.653 19.6201 22.3538 23.779 27.8304 29.2933 30.8752 32.5841 33.9213 34.8018 35.2666 37.7015 37.98 38.5265 39.7596 40.5681 41.3832 42.4016 42.195 42.8408 42.9623 43.3632 43.4465 45.0032 45.0979 45.1604 45.2017 45.2289 46.8839 46.905 46.9208 46.9326 46.9415 46.9483
4.3647 4.3603 11.7767 11.9562 12.1874 12.0032 12.2263 12.46 12.6613 12.4346 12.331 15.1746 14.8215 17.3001 10.5326 10.7569 13.6867 15.9484 15.9051 17.6888 15.6224 15.6201 15.9589 15.7 15.7976 17.0862 16.3615 16.3063 16.2041 16.2992 16.8562 17.1031 18.4373 19.6769 21.954 22.7051 26.3832 28.7583 29.5741 32.094 33.6001 33.6479 34.3742 35.4747 37.234 38.113 39.7596 41.0842 42.4745 43.1641 43.3408 43.9292 44.0468 45.6437 45.7826 45.8648 45.9131 46.8765 46.9125 46.9368 46.9534 46.9647 46.9724 46.9777 46.9811 46.9833
4.3616 4.3562 4.3507 11.6953 11.9255 12.2289 12.0729 12.3771 12.6224 12.8937 12.4848 12.2175 14.9202 14.4508 10.4586 10.7456 13.701 15.9721 15.9144 17.6739 17.653 15.6518 15.9658 15.7232 15.8514 17.1328 16.4233 16.3278 16.2311 16.2443 16.2491 16.8982 17.252 19.4158 21.0142 22.4613 24.801 28.3056 28.655 29.5739 31.4738 32.1724 32.6108 34.5307 36.1841 37.4367 39.4417 41.5224 42.8451 43.8023 44.5518 44.6105 45.8032 45.9451 46.0148 46.9451 46.9847 47.0068 47.0187 47.0246 47.027 47.0272 47.026 47.0241 47.0217 47.019
4.3587 4.3523 4.3455 4.3384 11.6021 11.9068 11.8602 12.2042 12.5483 12.8902 12.7603 12.7675 15.0835 14.4602 11.6377 10.703 13.7089 16.5197 15.9292 17.5156 17.6254 15.692 15.712 15.9437 15.9208 17.1091 16.4922 16.3922 16.2221 16.0213 16.1559 16.53 16.7912 18.3549 20.4054 21.1933 21.917 26.6661 27.5293 27.967 28.5925 30.6258 31.4017 32.316 33.8636 37.1906 38.3019 41.0794 43.9154 45.8645 45.8695 46.18 47.1496 47.1544 47.1751 47.171 47.1583 47.1433 47.1283 47.1143 48.0283 48.027 48.0253 48.0234 48.0214 48.0194
5.6326 4.3489 4.3406 4.3317 4.3223 11.4959 11.9155 11.9448 12.4145 12.8513 12.9067 13.0733 12.2783 14.5044 8.7472 10.5928 11.1999 14.0792 15.9537 15.914 17.6262 17.6769 15.7966 16.054 16.1762 17.0998 16.7365 16.4316 16.0944 15.9953 15.9838 16.2497 16.2375 16.141 17.4984 19.9866 21.1485 22.0607 25.4664 26.8118 28.2013 28.3473 29.6314 31.1127 30.7644 35.4685 39.135 40.024 43.7235 45.9907 46.3761 47.5059 47.5908 47.5346 47.47 48.1073 48.0952 48.0845 48.075 48.0668 48.0595 48.0532 48.0475 48.6536 48.6545 48.6549
6.3017 5.5993 4.3365 4.3254 4.3131 4.3001 11.3767 12.3399 12.1469 12.7393 13.4246 13.4683 13.0474 11.5906 5.9172 11.5381 11.2621 14.2418 16.4471 15.872 16.339 16.0563 15.8391 16.6805 16.3537 17.2549 16.9306 16.3765 16.1959 15.9272 15.7134 15.444 15.0612 15.2754 15.5618 17.386 19.9693 20.6251 21.1026 23.2711 24.6262 26.9333 26.9725 29.1254 30.1999 32.2833 38.9744 40.4299 42.653 45.2171 48.9538 48.6584 48.0582 48.3625 48.2672 48.209 48.1697 48.1414 48.1199 48.1031 48.6747 48.674 48.6732 48.6721 48.6709 48.6696
6.3197 6.2562 5.5577 4.3203 4.3046 4.2866 4.2674 11.248 11.9292 12.4741 13.4599 13.9527 13.6836 12.0133 5.4855 10.8338 12.3392 14.5805 16.4123 15.8101 17.4395 16.5675 15.6045 15.4262 16.2677 16.3316 16.6857 16.1372 15.8172 15.3069 14.8759 14.8462 13.959 13.7389 14.0713 14.7706 16.2275 18.4115 19.9499 19.9788 22.5909 24.1854 25.6419 27.2508 28.7054 31.6873 36.5648 40.904 42.7832 45.7512 49.1018 48.8851 48.668 48.4671 48.353 48.2819 48.234 48.7194 48.7127 48.7073 48.7026 48.6984 48.5602 48.551 48.5433 48.1515
6.3478 6.2815 6.1998 5.9293 4.2984 4.2744 4.2456 4.2148 11.3625 11.8829 13.3304 14.7248 14.8684 12.8959 9.6104 7.6858 11.5498 15.8286 16.4509 15.7744 16.5171 16.0416 17.2987 13.3533 17.1079 17.2768 16.791 15.9755 15.545 14.9922 14.3937 14.0281 13.2842 13.0453 12.7937 13.43 14.7028 15.2276 17.492 18.4799 20.8979 22.4449 23.9882 25.0361 28.1432 29.1261 33.6569 39.4057 43.3671 45.8748 48.2075 48.3088 48.2356 48.156 48.0892 48.7863 48.7878 48.7872 48.5793 48.5656 48.5546 48.5457 48.5383 48.3753 48.1137 47.1195
6.3877 6.3215 6.2371 6.1289 5.8315 4.2672 4.2263 4.1731 4.1174 11.0674 12.6653 15.9674 17.2021 14.3338 9.1974 5.3504 6.5372 16.9887 16.6707 12.3831 17.6046 17.6103 18.3039 18.1547 17.5591 17.065 16.4927 16.0258 15.3918 14.7 13.8485 13.3024 12.7667 11.8088 11.8315 11.8371 12.4448 13.8862 15.7177 16.9299 18.6397 21.9377 22.8174 24.0414 25.3299 30.3783 33.3161 36.5269 40.5418 46.4602 48.2851 47.997 48.0597 48.0205 48.7461 48.5457 48.542 48.5373 48.5324 48.5277 48.5233 48.5193 46.2077 46.1512 44.8442 44.813
6.4407 6.3786 6.2964 6.1864 6.0383 5.6952 4.2201 4.1369 4.0106 3.8545 11.0319 16.3055 23.3355 15.4732 8.3334 3.0953 3.5553 13.9946 15.6011 16.9263 18.1933 18.2538 18.2403 18.0673 17.3887 16.9495 16.5156 15.75 14.8767 14.209 13.768 12.8643 11.9374 10.9074 10.6549 10.8142 11.2276 11.8258 13.4622 16.1142 17.0478 19.0724 22.0127 23.292 24.5478 26.2405 34.4253 38.5211 39.3591 43.6717 45.8314 46.7053 47.7371 47.8576 47.915 47.9337 48.4727 47.4998 46.5813 46.5262 45.1758 45.1153 44.8688 44.8238 44.7898 44.764
6.5073 6.4543 6.3812 6.2784 6.1315 5.9207 5.4991 4.1449 3.9206 3.4472 3.7915 11.6713 24.2473 6.9204 4.2831 3.3955 5.0288 7.9161 6.6302 17.6055 16.3019 18.2549 18.1936 18.0163 17.6807 16.832 16.3179 15.8626 15.0928 14.1754 13.4039 12.6337 11.725 10.8109 9.7574 9.4231 10.0938 10.6427 12.1742 14.3569 16.4827 17.3554 19.3918 22.9691 24.531 25.9198 28.275 38.0592 39.8967 42.3662 44.1032 45.7673 46.5604 46.6448 46.7528 46.6118 45.8343 45.7295 45.6388 45.1708 45.0978 44.8403 44.7907 44.755 44.7291 44.7104
6.5863 6.5481 6.4927 6.4095 6.2802 6.0744 5.7527 5.2077 4.6285 3.6011 4.9193 4.1694 9.3114 8.1222 4.566 4.2484 4.2161 3.7039 9.6422 6.0657 17.3002 18.2986 18.286 17.8917 17.4644 17.002 16.1202 15.4563 15.2119 14.2702 13.3464 12.3548 11.329 10.5198 9.5817 8.6154 8.4197 9.3532 10.4237 12.7796 15.2362 17.0164 18.2514 20.3235 23.5446 25.8765 27.5184 30.5248 39.0011 42.197 45.2177 46.3499 47.3326 46.568 46.2618 45.9593 45.7863 45.2773 45.1442 44.8674 44.7896 44.7377 44.7028 44.6794 44.6637 42.0473
6.6748 6.6565 6.6276 6.5794 6.4932 6.3253 5.9661 5.261 4.8251 5.0194 7.1243 8.1845 11.8993 11.565 6.2413 4.5101 4.471 6.8486 11.4062 14.3684 16.9291 18.3595 18.2482 17.8858 17.4626 16.7744 16.3126 15.4696 14.7745 14.3881 13.3934 11.9671 10.6291 9.8547 9.0127 8.2348 7.4941 7.4717 8.666 9.8861 13.0315 16.2557 17.9698 19.8695 22.4744 24.821 28.0991 30.6942 34.8429 41.2848 44.0104 47.9221 48.2678 46.7081 46.0826 45.5245 45.2955 44.9823 44.7808 44.7012 44.6534 43.5831 43.58 42.0787 42.0384 42.0065
7.0461 7.0404 7.032 7.0175 6.9873 7.06 6.778 6.213 7.8847 10.4282 13.611 9.976 9.8755 7.6006 4.8881 5.6868 5.0702 5.6257 16.5462 15.1826 16.832 18.3567 18.2269 17.8929 17.5282 16.749 16.1923 15.5319 14.7239 14.0816 13.1352 12.0466 10.3267 9.3708 8.6676 8.1459 6.8391 6.0719 8.2848 9.5573 10.7957 14.2007 17.8539 19.8924 21.4581 24.7549 26.3897 32.3876 36.0041 37.8655 43.0443 44.4466 45.5634 45.4639 45.2798 45.0915 44.7931 43.6073 43.5892 43.5788 43.5733 43.5705 42.0693 42.0221 41.9861 34.3259
7.076 7.0818 7.0925 7.1122 7.1502 7.2312 7.4401 8.2071 8.9571 11.05 9.9513 9.1117 8.4982 6.943 5.8266 4.8743 5.194 5.4716 11.1759 14.5192 16.6743 16.8838 18.2173 17.9362 17.3631 16.983 16.111 15.7117 14.7148 13.8714 13.347 12.2315 11.1639 9.523 8.577 7.5329 7.0515 6.6431 6.9433 9.4415 10.6073 13.0017 16.6919 20.4959 21.1452 23.296 26.4627 27.6579 31.8486 37.2646 41.207 43.9761 44.3305 43.9608 43.8771 43.7979 43.6011 43.5742 43.5618 43.5569 42.1247 42.0483 41.9929 34.5364 34.2937 34.1029
7.0984 7.1109 7.1315 7.1668 7.5897 7.6522 7.8036 8.0881 8.2528 7.1334 6.6674 7.1054 7.6552 7.2189 7.438 5.3808 6.615 7.6016 11.6101 14.2864 11.3414 18.2974 16.0983 17.5032 17.4897 16.9036 16.2028 15.5832 14.9771 14.0303 13.246 12.4494 11.5559 10.2277 9.0254 7.9366 6.8511 7.0573 7.4924 9.2808 12.3209 13.8331 15.7852 19.3993 22.0322 23.3998 25.191 27.5462 29.7137 36.6698 39.7971 43.1107 44.2882 44.0208 43.6825 43.5782 43.5401 43.5285 42.2412 42.1006 40.9539 34.8698 34.4914 34.2089 33.9965 33.8356
7.9021 7.8911 7.8794 7.8671 7.8526 7.8252 7.9846 7.4893 6.0094 6.107 6.4888 6.6068 7.1477 8.3314 8.92 9.1706 9.156 9.5214 9.8205 18.2631 17.1948 11.495 16.1957 17.3233 17.7004 16.915 16.3317 15.4612 15.046 14.5441 13.3701 12.6391 11.9485 10.6664 9.4281 8.8947 7.7992 7.8794 8.261 9.7061 11.8059 15.2921 16.7623 18.4029 21.0557 23.68 25.344 28.0137 32.1649 36.2422 38.3088 40.4452 43.4523 43.4932 43.4964 43.4571 42.7158 41.3899 41.1182 35.4652 34.8041 34.346 34.0268 33.802 34.3399 34.2945
7.9001 7.8869 7.8699 6.257 7.8083 7.6353 6.4805 6.2802 5.6405 6.0359 6.2527 6.5338 7.6649 8.0745 8.7741 8.4474 9.9321 9.8952 10.9576 11.1262 16.5155 17.0979 17.1712 18.21 17.8374 17.3032 16.7073 15.6657 15.0156 14.4663 14.0956 12.8532 12.0064 11.7844 10.8708 9.2899 8.9585 8.5603 9.6035 11.2959 12.5312 15.343 17.8031 19.2625 21.0452 23.9763 25.6079 27.9482 30.1885 31.7082 37.2965 38.7218 40.1277 42.7993 43.1597 42.2827 41.5657 41.1048 35.371 34.5134 33.9865 34.3165 34.245 29.5008 28.8405 31.9436
6.2388 6.2514 6.2681 7.7712 6.5862 6.5658 6.8357 7.222 7.5783 7.3226 7.5303 11.5074 6.2956 9.0082 9.5485 9.7136 10.7367 8.7996 8.3486 8.5614 11.4695 10.5263 18.9624 18.8715 17.8818 17.139 16.8882 16.1921 15.4166 14.5373 14.2002 13.92 13.0532 12.3043 11.7155 10.7441 9.7367 9.4178 10.6514 11.6836 14.7874 16.3975 18.2615 20.5823 23.7966 25.0303 27.1695 29.3979 32.278 33.5163 36.4069 37.8608 38.8033 38.5787 42.1043 42.0494 36.1932 33.949 32.8452 33.9494 29.5447 29.4285 29.3601 31.8667 28.596 27.0185
8.2207 8.1997 8.1744 8.1436 8.1063 8.2476 8.1925 8.1607 7.8519 9.111 11.277 21.3868 16.7809 12.6424 10.5908 10.313 11.9327 10.4675 7.3953 9.2343 17.6792 17.3189 19.6068 18.792 18.3184 17.1706 16.8402 16.4966 15.6794 15.2031 14.518 14.2557 13.9163 13.0683 12.6081 11.6341 11.6746 11.2629 11.9891 13.2297 14.9503 17.2688 19.1311 23.6937 25.6734 29.7132 29.1392 31.8117 33.1807 35.1719 36.3158 36.3888 36.715 36.8187 37.1128 33.3939 30.6712 31.0049 28.9891 29.0385 23.7792 23.7571 20.6526 20.668 20.6713 20.6684
8.3475 9.7304 9.7262 9.7318 9.7575 9.8251 9.98 11.3634 10.7878 12.8974 16.0079 18.9087 11.6748 11.8373 11.3065 12.166 14.3137 15.0791 17.4084 17.6605 22.3885 20.4027 21.8668 20.7521 17.9225 17.3792 17.0206 16.6797 15.9329 15.5831 15.3008 14.5539 14.5147 14.0687 13.6534 13.6602 12.7845 12.8893 13.7354 14.9356 18.449 22.896 23.8663 25.4359 30.8507 32.5732 33.218 33.2353 33.9918 34.4503 34.509 35.152 34.2271 33.8289 29.3706 23.7601 24.5079 24.6599 23.7532 20.8625 20.8872 20.8692 20.8413 24.8559 24.8424 24.836
