normal_rasters/0772100000302915.ascii
ncols 48 
nrows 69 
xllcorner 159168.031006
yllcorner 384397.754028
cellsize 0.25
nodata_value -9999 
[rows 0 to 41 of 69, columns 0 to 47 of 48]
47.5444 47.5516 47.56 47.5698 47.9234 47.9382 47.9545 48.5443 48.5454 48.5465 48.661 48.7301 48.7359 48.7857 48.7917 48.7176 48.7186 48.7189 48.7185 48.5389 48.5355 48.7422 48.7406 47.7926 46.7775 45.2378 45.1841 43.3026 43.2662 43.2253 43.1824 43.1404 41.8525 41.8181 41.786 40.5901 40.528 40.4745 40.429 40.3907 40.3587 40.332 40.3098 40.2914 40.2762 40.2636 40.2532 40.2446
47.538 47.5454 47.5541 47.5646 47.5767 47.9319 47.9504 48.1948 48.5451 48.5464 48.6588 48.662 48.7327 48.7159 48.7903 48.7983 48.7218 48.7225 48.5493 48.5469 48.5425 48.7429 48.7408 47.798 46.7721 45.2495 45.1837 43.3369 43.2919 43.2407 43.1872 43.1357 41.865 41.8227 40.646 40.5662 40.4984 40.4418 40.395 40.3568 40.3256 40.3002 40.2797 40.2631 40.2496 40.2388 40.2301 36.1888
48.113 47.5377 47.5468 47.5577 47.5709 47.9235 47.9444 47.9677 48.5447 48.5462 48.5478 48.6593 48.7283 48.7132 48.788 48.7981 48.7258 48.7271 48.56 48.557 48.5512 48.7435 48.7408 47.8052 46.766 45.2656 45.1832 43.3811 43.3244 43.2585 43.1901 41.9323 41.8746 40.7238 40.6178 40.5292 40.4569 40.3987 40.3522 40.3154 40.2864 40.2635 40.2455 40.2314 40.2204 36.2011 36.1616 36.1282
47.2103 48.1055 47.5375 47.5489 47.563 47.5801 47.9357 47.9628 48.2085 48.5459 48.5479 48.6557 48.6603 48.7321 48.7185 48.7962 48.7309 48.7332 48.5738 48.57 48.562 48.7439 48.7404 47.8151 46.7598 45.2884 45.1826 43.4403 43.3669 43.2791 43.1886 41.9527 41.8779 40.691 40.5706 40.4749 40.4005 40.3432 40.2994 40.2661 40.2408 40.2217 40.2074 36.2177 36.1672 36.1254 32.8084 31.9851
47.2091 47.2091 47.5261 47.5375 47.5523 47.5709 47.594 47.9548 47.9906 48.5455 48.5479 48.4397 48.6557 48.7245 48.7134 48.7284 48.8076 48.7415 48.5924 48.5874 48.576 48.7439 48.7393 47.2017 45.7095 45.648 45.1817 43.5235 43.4257 43.3025 42.0801 41.9647 40.8009 40.6284 40.4964 40.3981 40.326 40.2736 40.2356 40.2084 40.1888 36.2407 36.1741 36.1204 32.8064 32.756 27.5205 27.4868
47.208 47.2074 47.2072 47.5231 47.5379 47.5578 47.5835 47.942 47.9853 48.2335 48.5477 48.5508 48.4398 48.6562 48.7044 48.7231 48.8071 48.7534 48.6187 48.612 48.5946 48.5708 48.7369 47.1882 45.7529 45.6577 45.1804 43.6485 43.5142 42.3118 42.1184 41.9551 40.7143 40.5211 40.3861 40.2936 40.2309 40.1888 40.1608 40.1425 36.1827 36.1113 32.7996 32.7362 27.5264 27.4842 27.4497 27.4214
47.2079 47.2058 47.2046 47.2041 47.5191 47.5393 47.5672 47.6045 47.9745 47.9561 48.4158 48.5516 48.4447 48.4374 48.4892 48.7109 48.7464 48.7712 48.6587 48.6489 48.6209 48.5818 48.3978 47.0464 45.8372 45.6733 43.8848 43.855 43.669 42.4463 42.1168 40.852 40.5453 40.3507 40.2305 40.1576 40.1142 40.0892 36.1933 36.0941 32.7832 32.7016 27.5316 27.4775 27.4346 27.4005 27.3732 27.3514
47.2191 47.2072 47.2023 47.2 46.648 47.5138 47.5426 47.5846 47.6421 48.0322 48.2868 48.4256 48.4531 48.4405 48.4695 48.6857 48.7325 48.8433 48.7275 48.7096 48.6651 48.5881 48.3649 46.8947 46.0323 45.7061 44.5268 44.2678 43.3812 42.5192 41.092 40.5474 40.2529 40.1005 40.025 39.9905 36.2048 36.0597 32.7463 27.6289 27.5342 27.4626 27.4081 27.3666 24.5767 24.5627 24.5517 24.543
47.2333 47.2217 47.2061 47.1963 47.1922 46.6634 47.5066 47.5509 47.6193 48.0188 48.0538 48.4468 48.4382 48.4461 48.4274 48.4897 48.5502 48.7335 48.8664 48.8184 48.7575 48.3006 47.811 46.8149 45.8964 45.7565 44.773 44.6135 44.3652 42.0181 40.4005 39.9652 39.8079 39.7686 36.2086 35.9831 32.6622 28.4078 27.529 27.4305 27.3601 24.5836 24.5614 24.5448 24.5324 24.523 24.516 24.5108
47.2509 47.2406 47.2255 47.204 47.1858 47.1779 46.6871 47.4971 47.573 47.6963 48.0631 48.3773 48.4811 48.4628 48.4097 48.2333 48.5513 48.5363 48.6131 48.1551 47.9567 47.5134 46.2061 46.2994 48.2338 44.2237 45.5854 42.3038 40.1676 39.3369 38.3459 38.3224 36.9708 31.9294 28.6335 28.4015 27.5006 24.6604 24.6013 24.5611 24.5333 24.5141 24.5008 24.4916 24.4854 24.4813 24.4788 19.9377
47.2723 47.2647 47.2519 47.2314 47.2001 46.9172 47.1502 46.7263 47.4882 47.6398 48.0441 48.1999 48.5596 48.2782 48.3593 48.3891 48.3491 48.2879 47.4157 47.209 45.3999 45.9969 45.3534 43.8458 44.3453 42.2857 39.2521 37.2842 37.3433 34.4145 33.6782 31.0998 28.7701 28.3149 24.8119 24.6572 24.5659 24.5111 24.4779 24.458 24.4463 24.4399 24.4369 24.4361 19.9128 19.9425 16.1203 13.0241
47.2974 47.2946 47.2869 47.2711 47.2418 47.1922 46.9111 46.6735 46.794 47.5139 47.8742 48.1639 48.5496 48.5506 47.923 47.7319 46.624 46.4842 44.666 43.4689 42.1431 44.3846 44.548 38.8062 37.3666 37.7714 35.5853 33.1415 30.9257 31.6813 28.6894 26.5562 26.1527 24.599 24.4559 24.3879 24.3575 24.3463 24.3452 24.3491 24.3557 24.3634 19.9122 16.1275 13.0901 13.0105 12.9472 9.4746
47.3256 47.3297 47.3309 47.3258 47.3078 47.2637 47.174 46.8889 46.8847 47.4512 47.9124 48.2184 47.4874 47.1334 45.8891 45.6042 44.8396 42.6508 41.4778 40.8405 39.97 38.5308 38.2828 36.5833 35.0892 32.7749 31.1026 30.8618 29.0609 27.4141 25.2747 24.2112 24.0757 24.0419 24.0621 24.1 21.8008 21.7704 21.7501 20.7812 19.902 16.1167 13.0848 12.9817 9.5041 9.4608 9.427 9.4005
47.3554 47.3681 47.3818 47.395 47.4033 47.3934 47.3264 47.1225 47.0492 46.8917 46.8903 46.1065 45.364 43.939 44.0836 43.0747 41.1343 39.9069 38.8776 38.9591 36.7858 36.5932 34.4528 33.8494 31.5987 28.9653 27.3922 26.9104 25.8775 24.0614 23.4977 23.1304 21.9864 21.8293 21.7611 21.7271 21.7086 20.7479 16.9268 13.0641 12.9022 9.9693 9.9086 9.4338 9.3932 9.3629 7.066 7.0658
45.2047 46.199 47.3024 47.4702 47.5186 47.5842 47.6679 47.6743 46.6981 46.2217 46.3228 44.0671 44.1982 42.5691 39.8761 39.9293 38.6558 37.3579 36.3818 36.419 34.1449 33.1434 32.7038 29.836 28.6668 27.3928 25.8122 24.4199 23.1648 22.6377 21.551 21.0944 21.4049 21.5096 21.5584 19.5902 14.8063 14.5625 10.7933 9.9429 9.8629 7.0666 7.0666 7.0665 7.0664 7.0662 7.066 8.4429
44.8403 44.9076 45.0079 45.1652 45.4277 46.6665 47.7669 48.4988 48.6051 45.0841 43.0097 41.2934 40.5716 39.8062 37.9114 37.2392 35.9457 35.467 33.1293 31.3757 30.3834 30.2865 28.8242 26.6587 25.7383 24.6236 23.6701 21.9338 20.6304 19.4235 19.0625 19.6615 18.4024 18.1066 13.7828 11.0253 10.7433 10.5857 9.7524 7.0656 7.0661 7.0665 7.0666 7.0666 7.0665 8.433 8.4589 8.4798
44.6995 44.726 44.7659 44.8306 44.9452 45.1736 45.6989 47.519 46.4546 45.3939 40.3565 39.2098 37.5215 36.4972 35.6063 34.2731 31.6524 30.6644 30.1401 29.5233 28.7431 27.2618 26.0241 24.4253 23.3208 22.56 20.6202 19.7925 18.9343 17.4004 16.6867 15.9802 15.7132 12.2691 10.4801 10.2789 8.307 7.0609 7.0635 7.0653 7.0664 7.0669 7.067 8.4184 8.4545 8.4826 9.3721 9.3929
42.1276 42.1535 42.1861 42.227 44.3422 44.1372 42.3509 41.6269 40.8952 40.8724 38.7737 35.4297 34.8514 34.0069 32.1341 30.0941 29.1897 28.6929 28.0576 27.2849 25.5951 24.7742 23.5144 22.4447 21.4731 20.1491 18.9629 18.0419 16.8654 16.0731 14.394 12.1877 9.727 9.0071 7.7805 7.0406 7.0516 7.0599 7.0646 7.0669 7.0678 8.3953 8.4488 9.3427 9.3781 9.4048 11.3326 11.3999
41.8277 41.7685 41.6765 41.5272 39.7822 39.5779 39.156 37.5881 37.6152 35.6515 33.041 32.4385 30.7474 29.7916 28.6116 27.0815 26.7175 26.4554 24.8242 24.1496 22.7685 22.7691 20.7687 19.6365 19.5951 17.6125 16.9932 15.3335 13.6384 12.0142 12.2997 10.2513 8.0673 7.4698 6.9771 7.0297 7.0559 7.0664 7.07 8.3545 9.2733 9.3439 9.3934 9.4284 12.9216 13.0009 13.0628 15.584
41.5445 37.5544 38.5338 38.3903 38.1439 34.8069 34.7523 34.2284 32.9029 32.5328 30.3096 28.6586 29.0539 26.9562 25.9583 25.4987 24.2653 23.7352 23.3826 21.5495 20.965 21.1286 19.3421 17.4239 16.5846 14.6758 12.4962 11.9361 10.8976 9.376 7.4402 7.5238 5.4622 6.6354 6.9955 7.0737 7.8627 9.0591 9.2424 9.3585 9.4317 9.4779 12.8888 13.0013 13.0849 15.5917 15.7049 19.2135
37.2555 37.1455 34.4381 34.3741 34.2555 34.0253 33.5632 31.9623 30.9102 29.72 27.8959 26.4683 25.2594 24.7107 23.3811 22.2462 22.4259 20.3292 19.4425 19.6359 17.952 16.1685 15.0994 14.8169 12.6174 10.5666 9.5555 9.4008 7.8162 4.8108 3.8967 4.4077 5.7539 7.4819 7.9092 8.2271 9.1985 10.3154 10.4477 10.5205 10.5614 13.0186 13.1357 15.2403 19.1436 19.2452 19.3211 19.3781
34.3355 34.2759 34.1858 34.0449 33.8168 31.084 30.7247 29.0572 27.8101 26.7986 24.7952 23.8442 22.6222 21.0739 20.0719 19.3227 18.6448 18.5834 17.5623 15.938 15.2763 13.5224 11.5021 11.8417 8.932 8.3719 7.0255 3.922 4.7799 1.9736 3.5023 4.3323 8.2727 8.9036 9.3385 10.2344 10.5349 10.6498 10.689 13.0915 13.259 17.9211 19.1774 19.3131 19.408 19.4746 23.2355 23.2813
34.1943 31.0786 31.02 30.9169 28.4509 28.1628 27.1933 26.6007 24.8453 22.761 22.5684 22.4174 21.332 18.4688 17.5455 18.2982 16.6691 15.5017 13.6532 13.2624 10.7285 9.2532 7.9648 7.1961 5.9133 3.572 1.9613 0.4354 2.9817 4.2797 5.7533 7.7084 11.7401 11.7353 12.033 12.6725 12.6667 14.3837 16.342 18.0369 18.3629 21.6139 21.6991 21.7556 23.24 23.3019 26.1468 26.1751
28.417 28.3463 28.2323 28.0508 27.7639 26.7621 24.2504 23.6205 21.1017 20.1853 19.4142 18.0104 17.9838 16.9012 15.5039 14.2861 14.282 12.4742 11.8952 9.293 8.3955 6.7979 5.5694 2.8901 2.293 2.8954 1.9847 3.769 6.4936 6.8264 8.3883 9.534 10.4001 13.0061 14.6466 15.1447 18.2288 18.672 20.3531 21.5686 21.7181 21.8058 23.2569 23.3434 26.1266 26.1688 26.1999 26.2228
28.1443 28.0247 27.8526 24.2005 24.0461 23.7774 21.0391 20.75 20.2192 18.6218 16.975 16.1681 14.3868 14.564 13.1638 12.6809 11.0144 8.8593 8.2798 5.8699 3.404 3.1408 2.7133 2.1764 3.0904 4.812 5.9031 7.3464 8.1563 9.2498 11.1323 12.3093 14.5765 15.2971 16.4514 18.3913 20.3251 20.6209 21.7967 21.9351 22.0 23.4335 26.0894 26.1584 26.2058 26.2385 26.261 26.2765
27.9086 24.0744 23.9834 23.8419 23.6256 20.8382 20.638 17.9377 17.7553 15.7881 14.4498 13.6275 13.5256 11.8842 10.5451 9.1641 8.2308 5.9356 4.6319 3.1919 1.6844 2.8075 3.8374 3.802 5.0549 7.0222 9.2142 10.3028 11.3526 12.1269 14.4118 16.4723 16.9055 18.3353 20.0997 21.4563 22.6715 22.9052 23.0148 24.4295 26.0094 26.1388 26.2191 26.2688 26.2994 28.5329 30.9854 31.0556
23.9428 23.857 23.7349 19.787 19.6565 17.703 16.5486 15.3832 15.0785 12.9754 12.2965 11.9483 11.7526 9.9373 8.1322 6.4814 5.6692 4.5252 3.4771 2.7007 1.4449 3.7072 4.6953 6.8505 8.2186 10.4565 10.7697 13.7346 14.7133 15.2373 16.9985 18.3297 19.5792 20.842 21.9233 22.997 23.2277 24.2363 25.5243 26.0946 26.2536 26.3365 27.0733 29.3791 30.2381 31.0218 31.1017 31.1604
22.8675 19.699 19.6108 16.575 16.4772 15.3249 13.5328 13.304 11.1954 10.6752 10.2322 10.1787 8.0511 7.7118 5.6664 2.7847 2.8132 3.4097 3.1926 3.0822 4.983 6.2341 7.9513 9.0834 11.426 12.1926 13.9873 14.5143 16.3967 18.5434 19.1487 20.5065 21.3437 22.4518 23.7592 24.1532 25.2767 25.7745 27.0742 27.2477 28.6027 28.6849 30.1818 30.9631 31.0914 31.1795 31.2399 33.3819
18.716 18.6101 16.4627 13.5581 13.4801 13.3586 11.6996 9.5953 9.6129 9.5939 9.414 8.7132 7.0485 3.9316 2.8892 2.6134 3.0181 4.2842 5.0043 4.7708 7.2001 8.6748 10.0054 11.1924 12.5146 14.2194 15.0357 16.8954 17.7334 19.5367 20.3639 21.4955 23.0611 23.5965 25.5831 26.4069 26.3882 27.693 28.4873 28.6764 28.7604 30.2673 31.0782 31.2226 31.3117 33.3823 33.4528 34.4288
16.4625 13.5126 13.4601 13.3858 11.7476 9.4864 9.4864 9.4746 9.4355 9.3339 7.2932 5.5729 2.2868 1.6331 0.4899 3.3034 4.2057 5.9419 6.8797 8.1366 8.3394 9.9986 11.3972 13.3215 14.4134 15.6574 16.5994 17.5984 18.7964 20.1142 21.9195 23.3414 25.2534 26.3578 26.6497 27.7436 28.4334 28.9449 28.9821 30.2842 30.4889 32.3261 32.4635 32.5362 33.4977 34.456 34.4834 34.5004
13.4522 11.8264 11.7682 9.4384 8.3669 8.3435 8.2966 8.2067 6.3777 5.2052 4.1456 2.8897 2.3223 2.8252 4.3402 4.7393 6.4887 6.8943 8.0934 9.6698 11.4762 11.7578 12.9429 14.5397 15.787 16.8158 17.9114 18.8652 20.2453 22.3662 23.8368 25.2619 26.5642 27.3335 28.783 28.8224 29.697 30.1724 30.9115 32.283 32.5896 32.7153 33.602 34.5132 34.548 34.5662 35.1218 35.1111
11.7778 8.2969 8.2824 8.2593 7.2619 7.1856 5.4364 5.2934 5.0611 4.1053 3.561 3.4352 3.3402 3.8787 5.7608 7.2597 7.5328 9.2508 10.2776 11.3432 12.0866 13.6305 14.8567 15.6665 16.328 18.0968 19.4656 20.8629 22.8417 23.8076 24.8546 25.8304 28.5624 28.9789 30.3009 31.456 32.1827 32.8394 33.4364 34.2151 34.2601 35.6119 35.619 35.6263 35.1447 35.1287 35.1157 35.1052
7.2683 7.242 7.2044 7.1508 5.414 5.3326 5.2135 5.0404 4.21 3.7914 3.7839 3.8351 4.1059 6.029 7.6994 8.9702 10.1117 10.2766 11.6343 12.5925 13.5701 14.6037 16.4643 17.3522 17.947 19.3204 21.1824 22.8156 24.0893 24.5706 27.4721 28.8738 29.9139 30.9219 31.5506 33.214 34.0143 35.6756 35.9176 35.5907 35.596 35.6095 35.1805 35.1561 35.1365 35.1207 35.1081 35.0981
7.176 7.1368 5.4051 5.353 5.282 5.1854 4.338 3.9046 3.9067 3.9244 3.9779 5.1822 7.5202 8.7498 9.8514 10.2465 10.7893 12.6312 13.4676 14.3654 15.4127 16.7491 17.1897 18.5161 19.8592 20.7157 22.7878 23.597 25.5823 27.2504 29.7003 30.2973 31.7706 31.8891 32.8423 33.5542 36.1637 35.9829 35.7625 35.463 35.5073 35.2218 35.1967 35.0792 35.0551 35.0362 35.0215 35.01
5.4012 5.3651 5.3184 5.2578 4.3993 4.3721 5.0128 5.0426 5.1022 5.2172 5.437 7.3017 10.9656 11.1642 11.669 12.0798 12.6132 13.7706 14.6023 16.0594 16.7583 17.2396 18.9968 19.8267 21.1671 22.7515 23.5978 25.8418 27.3636 28.8631 29.9275 31.504 32.6177 32.8257 33.6432 33.668 34.8157 35.7407 34.9499 34.8026 35.2304 35.2051 35.1365 35.0883 35.0563 35.0342 35.0184 36.2652
5.3401 5.2988 4.434 5.0857 5.1009 5.1262 5.1673 5.2336 5.3407 5.5153 9.2483 11.2038 11.3719 12.2247 12.4593 13.6189 14.0474 15.5312 16.1249 16.9239 18.3231 19.1395 20.3303 21.125 23.024 23.5147 24.7905 26.6944 28.1606 29.3129 30.7958 32.3981 33.6268 33.6707 33.591 33.6017 33.8193 34.4747 34.0128 36.1619 36.2685 36.111 36.1349 36.1755 36.2116 36.2414 36.2658 36.2859
5.288 5.1351 5.1489 5.1692 5.1986 5.2413 5.3034 5.3945 7.6084 11.2139 11.2931 11.4206 12.319 12.4519 13.3694 14.0398 15.1627 16.6322 17.694 18.5081 19.3111 20.4141 21.8406 22.2428 24.2458 25.8577 28.0013 28.0959 29.0674 30.4077 31.7226 32.792 35.0956 33.8398 33.5305 32.6607 33.2035 32.9352 37.9576 35.5074 36.2269 36.2456 36.2724 36.2379 36.2596 36.2791 36.296 36.3105
5.1778 5.1939 5.2157 5.2454 5.2857 5.3407 7.5292 9.8699 11.2606 11.3252 11.4191 13.4183 13.9196 14.5198 14.7924 16.1387 17.0731 17.8813 18.2078 19.9873 20.5392 21.7747 23.612 24.6131 26.4423 27.8961 29.1108 30.2365 29.7506 30.7258 32.1816 32.6729 33.7143 32.9353 33.5775 32.3895 32.8986 34.2539 35.9465 36.5418 36.3625 36.3516 36.3559 36.3664 36.3795 36.3928 36.3296 36.3379
5.2261 5.2479 5.276 5.3126 5.3604 7.5818 9.9147 11.2828 13.4746 13.5248 15.4183 15.5087 15.6829 16.0072 17.4092 18.8098 19.2653 19.1879 20.026 20.8105 21.5128 22.7213 24.4922 25.546 27.5621 28.2165 28.6617 29.8414 29.8859 30.5225 32.3056 33.6797 34.874 32.733 32.7385 32.7592 32.8391 33.2299 35.4627 36.643 36.5989 36.5972 36.4441 36.4311 36.4285 36.4309 36.4356 36.4413
5.2702 5.2963 5.329 7.5339 9.868 13.0145 15.505 15.5325 15.5769 15.648 15.7613 15.9427 16.2337 19.2975 20.4844 20.3793 20.2524 20.4125 20.7464 21.4213 22.2568 23.4564 24.4554 25.6527 26.4196 26.9566 28.0933 28.9696 30.2151 30.6357 34.3808 35.935 36.2897 34.4432 32.1524 32.7406 32.8318 32.7274 34.9513 35.4805 36.6358 36.6303 36.6332 36.1933 36.4747 36.4678 36.4654 36.4657
5.3097 7.5062 7.5604 13.0396 15.5839 15.6102 15.6476 15.7009 15.7774 15.8878 17.5468 19.4821 20.835 20.816 20.7981 20.7941 20.8224 21.0437 21.6255 22.3169 22.8142 24.0828 24.5191 25.1302 25.5499 25.9723 27.7972 29.5101 31.1236 34.2018 34.0929 34.7019 35.5379 35.6665 33.0898 32.7665 32.8242 32.654 34.7945 34.9258 35.6422 36.6488 36.6493 36.6524 36.2017 36.193 36.4931 36.489
7.5289 13.5774 15.6285 15.6514 15.6818 15.7223 15.7764 15.8493 17.5112 19.5239 20.9057 20.9044 20.907 20.9184 20.949 21.0207 21.3318 21.6853 21.8773 22.6311 23.0941 23.564 24.0878 24.2536 24.3951 25.8264 26.2932 28.5718 33.8669 32.7213 31.9507 34.2574 35.302 35.7469 34.3529 33.1147 32.8279 32.602 32.651 34.9208 35.6028 36.6603 36.6606 36.6621 36.6648 36.2065 36.1996 36.1947
