normal_rasters/0772100000296471.ascii
ncols 116 
nrows 99 
xllcorner 159510.505005
yllcorner 383964.743988
cellsize 0.25
nodata_value -9999 
[rows 32 to 63 of 99, columns 0 to 70 of 116]
3.8162 3.837 3.8663 3.9103 3.9815 4.1109 4.3925 5.2091 4.589 2.443 2.6434 2.6773 3.0026 3.368 3.6829 3.9717 3.995 4.0503 4.0808 4.2283 4.2129 3.9843 3.7336 3.6572 2.9021 2.1296 1.9137 1.6941 1.903 3.0686 3.4759 4.265 6.5739 8.3517 9.5822 11.0067 12.2073 13.1194 14.4525 12.1563 13.256 12.3606 13.0761 12.8903 13.3351 12.8062 13.0794 12.3419 11.1152 11.4938 10.9037 10.1761 10.1757 8.5456 7.1716 4.9414 4.0774 2.7989 1.5739 1.4666 1.6328 1.7765 1.6927 1.6936 1.7951 1.8152 2.1197 2.3977 2.5613 2.7478 2.9975
3.7948 3.8081 3.825 3.707 3.7285 3.7368 3.6503 3.0654 2.6535 2.2596 2.2824 2.126 2.3239 2.829 2.8645 3.1573 3.5065 3.4612 3.5152 3.0373 3.2699 3.4613 3.0793 2.6361 1.8352 1.4512 1.4231 1.2918 1.3684 2.2797 4.1384 4.929 6.8162 8.948 10.2936 11.74 12.2164 12.6607 16.0707 14.3612 13.8653 12.0489 10.6783 9.3525 10.1999 11.3148 11.898 12.4905 11.2135 10.8259 10.5417 10.4097 9.7615 8.9208 7.5882 5.7086 3.956 2.4496 1.8082 1.6814 1.9566 1.9203 1.9986 1.9304 1.8139 1.7855 1.7492 2.0539 2.2955 2.394 2.4476
3.736 3.7362 3.6007 3.5862 3.5493 3.3765 3.186 2.8098 2.1568 2.1015 1.9239 1.9091 1.8939 2.1756 2.4745 2.395 2.3583 2.7168 2.4479 2.3957 2.163 2.2703 2.4405 1.6312 1.4255 1.3652 1.3678 1.1243 1.7454 2.2895 4.0924 5.8215 7.2032 9.0144 10.8109 11.6239 11.7937 11.9072 14.66 13.6652 12.2815 9.6562 8.5155 6.8013 7.3221 7.7203 9.3368 11.8849 14.3868 10.4026 10.2397 10.0979 9.9739 9.0262 7.941 5.9214 4.1095 2.8472 1.3508 1.3982 2.0226 2.1137 2.0962 1.8338 1.7283 1.6767 1.4955 1.5598 1.7981 1.9204 2.0667
3.684 3.4246 3.4017 3.3627 3.2962 3.1842 3.0075 2.2622 2.1642 1.9441 1.7666 1.8218 2.0529 1.8113 1.8145 1.93 1.7354 1.6426 1.6733 1.8778 1.4632 1.4345 1.3273 1.4045 1.3918 1.3382 1.437 1.5326 2.0433 2.7188 4.1795 6.2067 7.3174 8.8202 9.99 11.1289 11.6252 13.6447 14.9611 12.1881 9.5815 8.3635 6.2553 4.246 3.8981 6.8637 8.1515 10.6991 11.2236 10.1761 9.9661 9.9275 9.52 8.8735 8.087 6.9583 5.1604 3.0513 1.3132 1.277 2.0621 2.1522 1.9145 1.6005 1.4483 1.2997 1.2763 1.4656 1.501 1.408 1.2813
3.3852 3.361 3.3252 2.3073 2.3196 2.3418 2.3872 2.4332 2.6018 2.2522 1.9667 1.7607 1.854 1.5133 1.5659 1.6273 1.5918 1.4697 1.3355 1.2174 1.3436 1.2379 1.2644 1.3511 1.4126 1.5124 1.6337 1.5984 1.9951 3.3819 4.125 5.6123 7.6713 8.5319 9.5723 10.8353 11.6831 11.6324 13.1033 12.5933 8.7965 7.1384 5.2206 3.8577 2.8619 4.4906 8.2412 11.2394 12.129 11.857 10.4647 10.1147 9.3404 8.512 7.5359 7.2422 5.8351 3.4843 1.5428 1.1987 1.3981 2.0551 1.8056 1.66 1.2276 1.1598 1.2999 1.4361 1.3907 1.1489 1.108
2.3764 2.3804 2.3862 2.3711 2.3806 2.3967 2.4281 2.4688 2.6612 2.3196 2.1684 2.1071 1.871 1.692 1.2958 1.3529 1.5049 1.1381 1.1205 1.1184 1.2188 1.2286 1.3088 1.4245 1.4495 1.6268 1.6664 1.5021 1.8276 2.66 4.899 5.7172 7.1608 8.6949 9.6218 10.3322 11.3321 11.1998 11.7332 12.3406 10.3913 6.0259 4.4729 5.7222 3.6206 5.0975 7.5841 10.4684 13.2408 12.6261 11.0104 10.125 9.5881 8.4993 7.3598 6.3279 5.3162 3.6875 1.6882 1.2955 1.8091 2.1861 1.823 1.6538 1.2902 1.2219 1.3208 1.4458 1.5114 1.3761 1.1046
8.6643 8.6052 8.5184 8.3855 8.172 7.6789 6.93 5.6915 2.2664 2.0483 2.1723 2.1218 1.8001 1.4996 1.2775 1.285 1.261 1.0375 1.0295 1.0682 1.2419 1.2129 1.2623 1.3284 1.3776 1.6888 1.5724 1.4466 2.1997 2.5625 4.0768 5.4487 7.1588 8.1724 9.4068 10.0533 10.819 11.2698 11.5943 10.8717 11.0506 7.8737 5.1184 5.6459 6.5755 5.9045 8.5228 10.7798 12.8043 12.4956 11.5379 10.4429 9.1175 8.4775 7.1516 6.0178 4.8206 2.7327 2.1495 1.4532 1.922 2.1251 1.8384 1.5538 1.2645 1.2399 1.2764 1.538 1.5641 1.5778 1.4198
8.9188 8.9264 8.935 8.9435 8.9486 8.9351 8.8368 8.1424 6.1083 2.3051 2.3732 2.2721 1.8535 1.4681 1.342 1.319 1.1505 1.0697 1.0114 1.0187 0.9962 1.1075 1.1717 1.2195 1.2479 1.6315 1.5512 1.4539 1.4542 2.9743 4.4989 5.1628 6.6472 7.7133 8.8545 9.5728 10.3111 11.5456 13.1649 13.243 12.2656 10.4823 9.4004 7.967 8.0439 8.0196 11.6555 11.7652 12.8991 13.7887 11.8376 10.4214 9.2653 8.0197 6.4668 5.5602 4.6187 2.6898 1.7258 1.0911 1.2395 1.6961 1.8122 1.5271 1.2226 1.242 1.3121 1.5656 1.6696 1.6178 1.4869
9.206 9.2828 9.3937 9.4109 9.6248 9.9648 10.5166 11.1406 10.5594 9.0749 4.6356 2.0856 1.8275 1.6276 1.2416 1.0529 1.041 1.0168 0.8365 0.922 0.8727 0.9254 0.9176 0.9852 1.0261 1.1921 1.38 1.3291 1.2111 1.6981 4.0892 5.2924 5.9395 7.1366 7.9272 9.2678 9.824 10.4929 11.8526 12.6783 13.4007 11.7285 12.2865 11.2727 9.5246 10.7493 12.476 9.8579 11.0676 12.6418 11.0403 10.1781 9.1751 7.0833 6.2354 5.0048 3.4845 2.4154 0.9901 0.7382 0.7848 1.4685 1.6827 1.5656 1.3836 1.3142 1.429 1.8482 1.9251 1.6438 1.28
9.1713 9.2498 9.3614 9.5276 9.7268 10.0701 10.7409 12.2475 14.3838 13.1402 2.1928 1.997 1.9991 1.9062 1.0569 0.9679 1.1048 0.7419 0.6872 0.6388 0.6611 0.684 0.7717 0.7825 0.905 1.0147 1.2417 1.2675 1.118 1.4824 1.9876 4.7809 5.9502 6.9622 8.0031 8.9887 9.7869 10.2339 11.0145 12.9812 12.37 14.0718 12.6795 10.1533 10.5754 10.3551 10.6293 10.7422 10.7262 10.634 10.4131 9.7098 8.8865 7.3024 5.7931 4.8685 3.6027 1.8328 0.8515 0.7521 0.9184 1.5545 1.6869 1.6323 1.5181 1.389 1.5755 1.8396 1.9345 1.8214 1.6347
8.9924 9.0245 9.0695 9.1349 9.2333 9.3855 9.5411 9.572 8.8552 4.9948 2.5894 2.0824 2.0891 2.1618 1.2806 1.7924 1.8465 0.9975 0.5021 0.4879 0.5086 0.5303 0.5659 0.7105 0.8582 1.1736 1.3997 1.3626 1.3982 1.6203 1.8656 2.7456 5.0568 6.5272 8.1241 8.4783 9.1182 10.2796 10.7892 11.2406 13.157 13.8668 11.7405 10.5687 10.4026 10.402 10.7057 10.7688 10.6313 10.3943 9.9952 9.0963 8.1406 6.987 5.4728 4.4154 2.8913 1.6196 0.9004 0.9013 1.0196 1.3422 1.6555 1.6797 1.5331 1.6271 1.7073 2.0228 2.154 2.1724 1.9174
8.7969 8.7735 8.7361 8.6722 8.5407 8.2206 7.5592 6.079 2.6381 2.6706 2.5917 2.3887 2.1937 2.0545 1.9298 2.0127 2.008 1.3787 0.757 0.4093 0.4665 0.5031 0.4668 0.6769 1.0155 1.1311 1.2318 1.3493 1.3559 1.5022 2.3188 2.417 3.0828 5.395 6.8076 8.0899 8.4401 9.1209 10.5946 10.8865 11.4607 11.811 11.451 11.1813 10.8917 10.824 10.6941 10.5723 10.3527 10.0521 9.2951 9.0177 7.1421 5.709 5.2269 3.6837 2.6673 1.6133 1.0894 1.1264 1.3022 1.4767 1.6605 1.674 1.6383 1.8338 1.9644 2.1684 2.465 2.409 2.2199
8.6318 8.5235 8.3661 8.1297 7.7619 7.1722 2.582 2.6094 2.5766 2.647 2.5754 2.3529 2.1896 2.0679 1.9438 1.8307 1.5646 1.2265 0.8724 0.5659 0.4796 0.5725 0.6388 0.7839 0.7801 0.9055 0.971 1.0786 1.0955 1.0377 1.1774 2.1004 2.7394 3.6402 5.3017 6.3558 7.8225 8.7864 9.617 10.3938 10.674 10.9639 11.1573 11.072 11.3498 10.9964 10.3938 9.9706 9.8865 9.0816 8.6963 7.757 6.6108 5.2266 4.1319 3.4214 2.5441 1.4387 1.2656 1.3547 1.4229 1.6552 1.8103 1.8864 1.9064 2.0066 2.2373 2.2958 2.372 2.3356 2.5323
2.5615 2.5614 2.5612 2.5611 2.5983 2.5954 2.5902 2.576 2.5354 2.622 2.7199 2.4938 2.3497 2.1398 1.9018 1.7471 1.3989 1.0394 0.7787 0.6703 0.5699 0.8309 0.8766 0.6153 0.3961 0.3622 0.684 0.8157 0.9027 0.7773 0.3361 1.2865 2.0193 2.4824 3.7445 5.2295 5.6568 7.6386 8.9102 9.5088 9.6912 9.7097 10.8032 10.4228 10.3052 10.0433 10.2879 9.6439 8.6934 8.462 7.7537 6.2206 5.8892 4.5128 3.7374 2.7384 2.1107 1.5346 1.3293 1.3977 1.7025 1.8088 1.9246 2.0514 2.1757 2.2572 2.3132 2.4108 2.6091 2.654 2.7409
2.2458 2.2505 2.2564 2.264 2.2739 2.5862 2.579 2.5702 2.5774 2.6455 2.7255 2.6098 2.4885 2.3328 1.5922 0.7634 0.8741 1.044 0.8944 0.8948 0.826 1.0956 1.1205 0.7889 0.2442 0.2078 0.2713 0.4865 0.7437 0.7363 0.6171 0.916 1.4144 2.0031 3.1285 4.4388 4.7754 5.4698 7.0942 8.1413 8.9846 8.804 8.9891 9.8489 9.6288 9.4504 9.2924 8.5272 8.064 7.6473 7.2684 5.8287 4.612 3.9602 2.8617 2.3648 1.774 1.3899 1.4507 1.647 1.7858 1.9158 2.1089 2.0892 2.2642 2.4225 2.5159 2.6349 2.7666 2.9419 2.9804
2.2202 2.2192 2.2173 2.2141 2.2086 2.1998 2.2145 2.2161 2.2403 2.1966 2.5957 2.5655 2.3425 1.6215 1.2283 0.9116 0.8358 0.6534 0.8348 1.131 1.263 1.2561 1.1544 1.1192 0.4813 0.2067 0.2305 0.3453 0.4005 0.656 0.6844 0.6379 1.2189 1.8328 2.3526 3.0334 4.2863 4.6209 4.9646 5.9365 7.5349 8.0491 7.7981 7.7252 8.7752 8.462 7.5335 7.8288 6.8205 6.2863 6.2973 4.935 3.9133 3.1077 2.3345 1.8462 1.3318 1.2755 1.3244 1.7297 1.8482 2.0677 2.136 2.2686 2.3794 2.5125 2.7502 2.8482 2.9837 3.0883 3.3127
1.7729 1.77 1.7653 1.425 1.4335 1.4462 1.471 1.5378 1.7826 1.8608 1.2171 1.7999 1.7168 1.3934 1.162 1.0514 0.8062 0.6165 0.6516 1.1198 1.323 1.418 1.1838 1.1577 1.0093 0.7154 0.4509 0.4033 0.391 0.5087 0.6894 0.6954 0.7379 1.1463 2.1766 2.5227 3.1411 3.8954 4.1629 4.5478 5.0408 6.6286 7.1351 6.5056 6.6547 7.0513 7.055 6.1478 5.9369 4.9081 4.214 3.2213 3.0972 2.5024 1.726 1.3427 1.2302 1.1671 1.162 1.5092 2.0201 2.0757 2.2983 2.401 2.5103 2.6292 2.7219 2.9464 3.1359 3.2007 3.3873
1.4166 1.4146 1.1044 1.112 1.1222 1.136 1.1542 1.1708 1.1336 0.8547 0.6493 0.8331 1.3043 1.3551 1.1702 1.0086 1.0369 0.8113 0.8799 0.9725 1.2455 1.3898 1.4254 1.2732 1.0441 0.913 0.6478 0.3859 0.3027 0.4537 0.5688 0.69 0.7153 0.8853 1.0031 2.1078 2.414 2.7301 3.5254 3.7299 4.7015 4.2999 5.0325 5.7842 5.8382 5.3266 5.2435 5.2811 4.5995 3.2454 3.0821 2.7453 1.8063 1.8318 1.4276 1.1105 1.1432 1.1869 1.2539 1.4304 1.8105 2.2735 2.4037 2.4979 2.6444 2.6683 2.6668 2.8669 3.0936 3.0508 3.2881
1.0782 1.0788 1.0788 1.0777 1.0742 1.0652 1.044 0.9938 0.8812 0.654 0.6805 0.7876 1.4692 1.7039 1.4013 1.0872 1.0 0.9611 0.9871 1.0407 1.1579 1.2518 1.2661 1.2648 1.0578 0.8793 0.7099 0.2814 0.128 0.4034 0.501 0.5877 0.6714 0.7728 0.987 1.2301 1.5309 2.1955 2.5719 3.1612 3.7685 3.8766 3.612 3.7614 4.1878 4.3584 3.7157 3.2904 1.9124 2.3589 1.5717 1.5504 1.4639 1.2702 1.187 1.1674 1.2296 1.2416 1.288 1.3755 1.7647 1.945 2.1553 2.3795 2.6475 2.6848 2.7524 2.8537 2.9319 3.1366 3.2853
1.137 1.133 1.1269 1.1175 1.1025 1.0779 1.0371 0.7732 0.7722 0.6698 0.7139 0.9323 1.9872 1.8499 1.3406 1.0071 0.9589 0.9106 1.0239 1.0723 1.0644 1.104 1.1327 1.0706 0.9549 0.7445 0.5406 0.3057 0.2885 0.3711 0.4972 0.612 0.708 0.8589 0.9509 1.1937 1.4368 1.6964 1.8759 2.1998 2.7757 2.9843 2.9927 2.6218 2.6303 2.1068 2.4996 2.1921 1.6378 1.3123 1.2223 1.1774 1.1732 1.1387 1.1714 1.2536 1.2675 1.2841 1.3141 1.411 1.4432 1.6911 1.8213 1.9186 2.2305 2.212 2.4447 2.687 2.7837 2.9494 2.9491
1.0624 1.0564 0.7505 0.7532 0.7574 0.8637 0.8776 0.877 0.8835 0.9029 0.9087 1.1112 1.739 1.5701 1.2821 1.0695 0.7998 0.7801 0.9989 1.0715 1.0118 1.0465 1.0421 0.9728 0.8749 0.6879 0.5148 0.4861 0.3744 0.4311 0.5802 0.693 0.7887 0.9471 0.9625 1.066 1.3011 1.3665 1.258 1.5624 1.8892 1.7923 2.0811 1.9534 1.6284 1.4041 1.4098 1.5084 1.4263 1.1342 1.1327 1.1442 1.1537 1.2341 1.266 1.2758 1.3014 1.3154 1.3152 1.3208 1.3576 1.325 1.7006 1.7887 1.7845 1.8476 2.0633 2.274 2.2303 2.2853 2.4205
0.6867 0.6881 0.6902 0.6933 0.6983 0.8137 0.8239 0.8448 0.8857 0.981 1.0599 1.0662 1.4298 1.1156 1.0964 1.1008 0.7261 0.9812 1.1898 1.2318 1.0817 1.144 1.1274 1.0149 0.8711 0.7671 0.6278 0.5839 0.5526 0.6028 0.703 0.9829 1.0915 1.1347 1.0957 1.1828 1.1632 1.2763 1.308 1.2542 1.3359 1.3561 1.0674 1.1649 1.1557 1.1458 1.0931 1.1649 1.2363 1.1689 1.2015 1.226 1.2367 1.2655 1.2707 1.2774 1.3039 1.3154 1.3142 1.2837 1.2735 1.2926 1.3371 1.6114 1.5898 1.571 1.7209 1.7618 1.9404 1.7554 1.6655
0.6812 0.6813 0.6814 0.6817 0.7645 0.7626 0.7604 0.7588 0.7645 0.8191 0.8983 0.6783 0.681 0.8974 1.0938 1.0684 1.0687 1.228 0.8962 1.0863 1.1316 1.1492 1.1561 1.1419 0.9536 0.837 0.7684 0.7956 0.8141 0.8739 1.0234 1.1572 1.2114 1.2777 1.2902 1.2788 1.3291 1.3275 1.3772 1.4318 1.2197 1.0439 0.9989 1.0375 1.0877 1.0867 1.1156 1.1968 1.2045 1.2126 1.2154 1.2381 1.2444 1.2635 1.2721 1.2762 1.2837 1.3107 1.3089 1.2819 1.2733 1.2719 1.2712 1.2884 1.4258 1.439 1.2348 1.4905 1.3793 1.4524 1.3317
0.6547 0.6531 0.6509 0.6478 0.6431 0.6355 0.6222 0.6755 0.604 0.4827 0.4943 0.413 0.3856 0.4597 1.0032 1.0844 1.1081 0.9144 0.7981 1.0647 1.141 1.1991 1.165 1.1477 1.126 1.0213 0.9797 0.9749 1.0102 1.179 1.2679 1.3069 1.3532 1.4001 1.4548 1.4838 1.4838 1.4468 1.5223 1.493 1.4069 1.2081 1.0866 1.0922 1.0997 1.0867 1.1053 1.1982 1.2129 1.2158 1.228 1.2399 1.2444 1.2597 1.2709 1.2794 1.3056 1.3142 1.2845 1.2742 1.2728 1.2719 1.267 1.2405 1.252 1.2533 1.2246 1.2186 1.1217 1.1795 1.067
0.6457 0.6422 0.6374 0.6308 0.6214 0.509 0.3826 0.3884 0.3968 0.4105 0.3586 0.234 0.2021 0.4152 0.9434 1.0661 1.0953 1.1331 1.0631 1.1481 1.2516 1.261 1.3623 1.1945 1.1698 1.2552 1.2533 1.2628 1.3226 1.2894 1.4104 1.4255 1.4712 1.5917 1.5616 1.5525 1.6188 1.6631 1.5791 1.4581 1.178 1.1368 1.1084 1.1719 1.1066 1.0867 1.1244 1.176 1.2018 1.2221 1.2356 1.2386 1.2423 1.2546 1.2732 1.2714 1.2678 1.2782 1.2717 1.2575 1.2687 1.2377 1.1945 1.2195 1.1709 1.1206 1.1228 1.1011 1.098 1.0246 0.945
0.5547 0.5517 0.4371 0.4372 0.4372 0.4373 0.3835 0.3899 0.3984 0.3991 0.2917 0.221 0.2782 0.4995 0.7032 1.0112 1.023 1.0147 1.0967 1.0865 1.3069 1.4214 1.4975 1.5272 1.3622 1.4839 1.4792 1.5768 1.6282 1.4549 1.4973 1.5941 1.617 1.6519 1.7066 1.6834 1.7578 1.7201 1.7571 1.5294 1.194 1.1025 1.1018 1.1119 1.1041 1.0867 1.1136 1.1488 1.2096 1.2321 1.2379 1.238 1.2447 1.2648 1.2723 1.2349 1.1697 1.2 1.2139 1.1924 1.1749 1.1707 1.1521 1.1388 1.1097 1.0879 1.0256 1.0123 0.9896 0.9483 0.8687
0.5277 0.5267 0.5255 0.5238 0.4967 0.4964 0.4963 0.4968 0.4757 0.4797 0.4433 0.3265 0.3352 0.4236 0.5737 0.7537 0.923 0.9109 0.9417 1.0573 1.5221 1.5816 1.5927 1.7085 1.6962 1.5693 1.6622 1.6729 1.674 1.6727 1.6212 1.7283 1.7163 1.732 1.8253 1.815 1.7601 1.7803 1.721 1.3898 1.2182 1.1031 1.0888 1.0877 1.0903 1.088 1.0874 1.1446 1.2078 1.2276 1.228 1.2283 1.2299 1.2665 1.2238 1.1725 1.163 1.1619 1.1598 1.1375 1.1351 1.1606 1.0995 1.0842 1.0361 0.9831 0.9593 0.9139 0.904 0.8547 0.7697
0.5328 0.533 0.5332 0.5335 0.5606 0.5601 0.5592 0.5569 0.5309 0.5344 0.5616 0.5309 0.3933 0.4148 0.5826 0.6915 0.7234 0.8846 1.0399 1.1115 1.4454 1.661 1.775 1.782 1.76 1.743 1.7875 1.7522 1.704 1.7073 1.7885 1.8155 1.7794 1.7736 1.8045 1.8068 1.7997 1.673 1.4658 1.1772 1.1153 1.0452 1.063 1.0853 1.0984 1.08 1.0962 1.1053 1.1266 1.1537 1.1675 1.143 1.1558 1.1987 1.1659 1.1471 1.1081 1.1518 1.1197 1.0564 1.0514 1.0464 1.0248 0.9843 0.907 0.8809 0.7766 0.7846 0.8201 0.7252 0.676
0.6183 0.6187 0.6463 0.6454 0.6441 0.6422 0.6395 0.6357 0.6307 0.5931 0.5806 0.5195 0.481 0.4132 0.5431 0.6615 0.6531 0.7094 1.0174 1.104 1.1556 1.5231 1.7206 1.8087 1.8438 1.8028 1.8043 1.8016 1.8011 1.8203 1.9548 1.8567 1.8154 1.8141 1.8055 1.7685 1.648 1.2324 1.1652 1.1182 1.0115 0.9911 0.9978 1.0602 1.0578 1.0687 1.0856 1.0999 1.1064 1.1237 1.1248 1.1256 1.1245 1.1264 1.1243 1.0783 1.0534 1.0317 1.0507 1.0167 0.9594 0.945 0.9412 0.8257 0.759 0.707 0.7098 0.6664 0.6376 0.6143 0.5457
0.6524 0.653 0.6539 0.6551 0.6569 0.6598 0.6643 0.6719 0.6842 0.6986 0.6506 0.5276 0.5112 0.5351 0.4868 0.5917 0.6699 0.7453 0.8328 1.0707 1.1987 1.3235 1.6402 1.8534 1.8213 1.8903 1.8602 1.884 1.9034 1.9189 1.9087 1.8757 1.8805 1.8458 1.7948 1.6821 1.4276 1.1819 1.0894 1.0169 1.0013 0.9875 0.9841 0.996 1.0225 1.0131 1.0561 1.0967 1.1125 1.1244 1.1244 1.0891 1.0946 1.1438 1.0298 1.0109 0.9944 0.9482 0.9335 0.8571 0.8611 0.8698 0.7873 0.7292 0.6941 0.6375 0.5864 0.5833 0.541 0.4541 0.4681
0.6571 0.6588 0.6611 0.6643 0.7312 0.7355 0.7636 0.7653 0.7671 0.7568 0.728 0.6458 0.6191 0.6361 0.5487 0.5573 0.6332 0.7414 0.8341 1.0404 1.1845 1.2628 1.4467 1.5055 1.4308 1.8072 1.8736 1.7668 1.8688 1.8893 1.7928 1.8012 1.7494 1.7667 1.6039 1.3506 1.2636 1.1178 1.0197 1.0127 1.0101 0.9903 0.9841 0.9841 0.9844 0.995 0.9868 1.0565 1.1213 1.1114 1.071 1.0249 1.0166 1.0342 1.0102 0.9104 0.8972 0.9019 0.8195 0.7808 0.7542 0.736 0.6841 0.6383 0.5385 0.5374 0.4222 0.4059 0.3624 0.3402 0.2735
0.8944 0.8943 0.958 0.9536 0.9476 0.8133 0.8135 0.814 0.8167 0.8313 0.8429 0.6908 0.6642 0.6165 0.5843 0.5631 0.57 0.6394 0.7392 1.0091 1.1522 1.2114 1.2301 1.3012 1.3421 1.4809 1.642 1.3641 1.5427 1.7739 1.432 1.371 1.4978 1.4611 1.2888 1.1607 1.0205 0.9988 0.9947 0.9352 0.9497 0.9664 0.9732 0.9841 0.9841 0.9842 0.9924 0.9873 1.0384 1.0282 1.0111 0.9651 0.9535 1.0009 0.9563 0.9044 0.8124 0.7932 0.7782 0.7055 0.6787 0.6028 0.4533 0.2962 0.3298 0.2882 0.2844 0.2651 0.2399 0.2786 0.2807
