normal_rasters/0772100000302908.ascii
ncols 57 
nrows 65 
xllcorner 159130.822998
yllcorner 384383.426025
cellsize 0.25
nodata_value -9999 
[rows 0 to 34 of 65, columns 0 to 56 of 57]
39.9486 39.9449 39.9406 39.9355 39.9295 40.0164 40.0178 40.0198 40.0225 38.9135 39.0391 39.0261 37.6377 39.0031 39.0069 39.0134 38.7551 38.7752 39.3528 41.808 43.2698 43.3327 43.4034 42.8024 44.194 44.8573 44.8745 45.8228 45.883 45.9397 46.0423 44.2909 44.2143 44.1446 41.21 41.0993 36.979 36.8581 36.7442 36.6396 36.5452 36.4611 36.387 36.322 34.5949 34.5383 31.0614 31.0009 28.375 28.3008 28.2356 28.1782 28.1275 28.0829 28.0434 24.6224 24.5799
39.9538 39.9503 39.946 39.9409 39.9348 39.9276 40.015 40.0167 40.0192 40.0226 38.7764 39.036 37.6444 37.3044 39.0004 39.0059 39.0161 38.7734 39.997 41.7638 43.2412 43.3156 43.4025 42.8294 44.2171 44.8803 44.9017 45.838 45.9096 46.0384 46.0729 44.2997 44.2136 44.1363 41.2054 37.6927 37.0147 36.8719 36.7408 36.6233 36.5198 36.4296 36.3517 34.6216 31.1632 31.0837 31.0148 28.3825 28.3 28.2282 28.1657 28.1112 28.0636 24.6459 24.5957 24.5515 24.5125
39.9596 39.9564 39.9523 39.9473 39.9411 39.9337 39.9248 40.0133 40.0153 40.0185 38.9142 38.7826 37.8538 37.2473 38.9926 38.9961 39.0053 38.769 38.8015 39.4148 41.834 43.2871 43.3951 42.8593 44.2463 44.9109 44.9383 45.8591 45.9447 46.0691 45.5051 44.3058 44.2099 41.349 37.9023 37.2253 37.0422 36.8736 36.7236 36.5929 36.4809 36.3857 34.6507 31.198 31.1057 31.0269 28.3857 28.2936 28.2147 28.1468 28.0883 24.6742 24.6139 24.5614 24.5157 24.4758 24.4409
39.9661 39.9633 39.9595 39.9547 39.9487 39.9411 39.9319 38.7538 40.0109 40.0135 40.0179 38.7775 39.0453 37.6698 37.3335 38.9836 38.9899 38.0014 38.801 39.3836 41.7639 43.2399 43.3753 42.8903 44.2842 44.9539 44.9899 45.0021 46.0527 46.1083 44.4311 44.3098 44.2049 41.0395 38.0135 37.278 37.0543 36.8564 36.6866 36.5438 34.7941 34.682 31.2342 31.126 31.0354 28.382 28.2792 28.1924 28.1188 28.0564 24.635 24.5718 24.5176 24.4708 24.4305 24.3957 24.3655
39.9733 39.9709 39.9677 39.9633 39.9576 39.9502 39.9408 39.9291 38.7571 40.0076 40.0112 38.9119 38.7848 37.8845 37.2909 37.3443 38.9686 38.9836 38.7955 38.2319 39.4548 42.2971 43.3311 42.9172 43.1933 45.0183 45.0668 45.0724 46.0858 46.1597 44.4441 44.3164 41.2948 38.3751 37.6209 37.3118 37.0395 36.8102 36.6222 34.8536 34.7143 31.27 31.1421 28.5062 28.3675 28.2528 28.1578 28.0786 24.6596 24.5821 24.5168 24.4615 24.4145 24.3745 24.3405 24.3114 24.2865
39.9811 39.9794 39.9769 39.9732 39.9681 39.9612 39.952 39.9399 39.9245 38.7581 40.0029 38.9131 38.7738 37.8849 37.3052 37.3797 38.941 38.946 38.0443 38.8639 39.4457 40.004 43.2388 42.9232 43.3466 45.1248 45.1909 45.1716 46.123 45.4936 44.4621 41.6687 38.9276 38.5846 37.7022 37.3062 36.9804 36.7222 34.9218 31.4947 31.3014 31.1492 28.4939 28.3361 28.2087 28.1054 24.6884 24.5914 24.5113 24.4449 24.3898 24.3438 24.3053 24.2731 24.2461 15.2051 11.5148
39.9896 39.9888 39.9872 39.9845 39.9804 39.9743 39.9657 39.9539 39.9379 38.8015 38.7536 39.9958 38.9003 38.7816 37.3196 37.4291 37.3948 38.8899 38.0148 38.8629 38.4002 39.5264 42.2024 42.8583 43.5566 45.3314 45.4115 45.3059 46.1568 44.6179 44.5239 42.0084 39.35 38.7987 37.724 37.227 36.8523 34.9968 31.5606 31.3203 31.1388 28.4564 28.2778 28.1379 24.7219 24.5972 24.4972 24.4165 24.3512 24.2982 24.255 24.2197 24.1909 15.2111 11.5198 11.4772 11.4402
39.9985 39.9988 39.9984 39.997 39.9943 39.9897 39.9825 39.9717 39.9559 39.9338 38.809 38.7367 38.8959 37.709 37.4849 37.404 37.4632 37.3907 37.7953 38.1406 38.4873 38.9708 40.0448 42.5842 43.7692 45.8599 45.834 45.4421 45.7986 44.6036 42.867 40.7889 39.8523 38.4495 37.6092 35.5192 34.7195 31.6092 31.3088 31.0944 28.3754 28.1765 28.0266 24.5945 24.4668 24.3675 24.2899 24.2289 24.181 24.1433 24.1136 15.2192 11.5256 11.4744 11.4306 6.7493 6.7268
40.0079 40.0094 40.0105 40.0108 40.01 40.0076 40.0026 39.9939 39.9798 39.9579 39.9254 38.8081 38.6905 38.8548 37.4553 37.4453 37.5751 37.4773 38.6019 37.8739 37.9674 39.2213 39.9472 41.8376 43.3438 47.7414 46.2607 45.1739 44.0268 43.9822 44.1557 42.2896 40.2372 38.2475 35.4452 34.7655 31.5974 31.2282 28.5191 28.2189 28.0059 24.5711 24.4044 24.281 24.1892 24.1206 24.0694 24.0312 15.3644 15.311 11.5325 11.4699 11.4171 6.7516 6.7247 6.7017 6.682
41.0333 40.0204 40.0231 40.0255 40.0271 40.0276 40.0259 40.021 40.0106 39.9917 39.9593 38.9152 38.7803 38.8219 37.6966 37.6071 37.6736 37.646 37.3988 37.5199 37.9529 39.812 39.1874 39.1963 42.312 44.0627 45.2493 43.3045 41.0521 43.2148 47.6849 43.2915 39.2936 35.6541 32.1494 31.4093 30.9937 28.2473 27.931 24.4966 24.2754 24.1228 24.0173 23.9444 18.105 18.0873 15.3754 15.3076 11.5408 11.4626 6.7933 6.7541 6.7212 6.6936 6.6704 6.6509 5.1189
41.0397 41.0338 41.0267 41.0179 40.0452 40.0492 40.052 40.0525 40.0487 40.0369 40.0106 39.9582 38.9356 38.6609 37.6285 36.7032 37.9228 38.0408 37.6561 36.5386 36.6989 38.5942 36.4368 38.3372 37.7811 38.9568 42.1563 41.529 39.6676 38.9771 40.4908 39.1052 34.8869 31.449 30.7498 30.4276 27.6933 27.4166 23.9979 18.2292 18.1617 18.1154 18.0834 18.0612 18.0458 15.2998 11.5508 11.4507 6.8064 6.7564 6.7155 6.6819 6.6543 6.6315 5.1034 5.0923 5.0831
41.0473 41.0422 41.0358 41.0278 41.0176 41.0047 40.0797 40.0873 40.0929 40.0935 40.0825 40.0458 39.9478 38.8688 37.2622 36.4744 37.7432 39.3356 37.6988 36.404 33.9366 34.8314 34.3864 33.9736 34.5997 34.0471 37.3444 39.9705 38.509 37.0087 31.784 29.3511 29.1094 29.0886 24.0423 23.6656 18.4754 18.2763 18.1573 18.085 18.0407 18.0135 17.997 15.2835 12.2611 7.7124 6.8241 6.7584 6.7062 6.6645 6.6311 6.6044 5.0821 5.0699 4.6626 4.4036 4.4225
41.056 41.0519 41.0467 41.0401 41.0314 41.0199 41.0044 40.9835 40.14 40.1574 40.1715 40.1736 40.1349 39.4247 38.1579 36.354 36.2375 37.3876 34.33 32.6826 32.3552 31.6771 30.7125 31.549 31.8435 29.6873 31.7329 32.3753 32.9486 29.7664 28.3251 26.0133 24.9996 23.7813 18.9205 18.3835 18.1284 18.0045 17.9442 17.916 17.9046 15.831 12.2189 7.7581 7.6622 6.7592 6.6903 6.6373 6.5964 4.6683 4.6561 4.6468 4.6399 4.3879 4.4112 4.4315 4.4492
41.0656 41.0629 41.0594 41.0548 41.0485 41.0398 41.0276 41.0101 40.9843 40.9459 40.1769 40.2479 40.3782 40.418 37.8963 35.9454 34.2309 33.7483 30.8275 30.0241 30.2099 29.1611 28.5615 27.16 29.0779 27.7032 25.2435 27.9401 29.3678 25.4658 23.0205 22.1744 21.0359 18.6897 17.9469 17.7264 17.676 17.6818 17.7056 14.151 10.6309 7.8328 7.6877 6.7565 6.662 6.5929 6.5423 4.6381 4.6245 3.2958 3.2979 4.3668 4.3963 4.4217 4.4436 4.4624 4.4786
41.076 41.075 41.0736 41.0715 41.0685 41.0642 41.0576 41.0474 41.031 41.0034 40.9558 40.3137 40.4264 40.387 37.3058 35.0294 32.289 30.6681 28.7033 28.6345 27.6137 26.9234 26.2746 25.8778 22.1862 22.7235 24.2241 22.287 19.8558 21.4039 19.6256 18.3035 16.3231 16.3878 14.9716 14.9136 12.4415 12.2495 9.6026 7.8532 7.7268 7.5642 6.6081 4.7817 4.7445 3.278 3.2814 3.2848 3.288 3.2911 4.3759 4.4085 4.4362 4.4596 4.4795 4.4963 4.5105
41.0869 41.0877 41.0886 41.0896 41.0907 41.0918 41.093 41.0939 41.0942 41.0925 41.0852 41.0641 41.0479 40.1893 35.5097 32.5221 29.847 28.0974 26.9962 26.0493 26.167 25.3885 22.8343 21.2988 20.2831 19.235 18.9576 18.8131 18.0453 16.0184 16.2417 15.7553 14.4101 13.7936 12.7643 12.3 9.8534 9.4499 7.6512 7.5146 4.7938 4.7144 4.6664 3.2568 3.2627 3.2684 3.2737 3.2786 4.3467 4.3901 4.4261 4.4561 4.4811 4.5018 4.519 6.9052 8.9058
41.3953 41.3961 41.397 41.3982 41.3996 41.4014 41.4039 41.4075 41.1627 40.5688 40.6398 40.758 40.4607 39.2778 36.011 31.3992 29.5526 26.9853 24.5249 24.1948 23.0404 22.0395 20.7215 19.6865 18.0601 17.8843 15.5675 15.8561 14.5596 13.9994 11.6769 11.7311 11.2495 11.3072 10.5914 9.4154 7.7905 5.1172 4.6947 2.908 2.8848 3.2203 3.2317 3.2424 3.2519 3.2601 4.3032 4.3631 4.4118 4.4515 4.4837 4.5098 4.531 6.3131 8.9022 8.9333 9.6018
41.4047 41.4071 41.41 41.4138 41.4185 41.4249 41.4336 41.446 40.7983 40.8372 40.8971 40.1041 40.2985 40.5205 35.1974 31.4744 28.8492 25.318 23.4799 22.126 21.043 20.5729 19.2131 17.3511 16.273 14.053 13.6964 12.8459 11.4609 10.127 9.026 8.0546 7.8532 7.263 5.74 4.8373 3.0228 2.8992 2.8465 3.1473 3.1731 2.7678 2.7873 2.8014 4.2345 4.3213 4.3905 4.4451 4.4882 4.5221 6.2892 8.8527 8.899 8.9373 8.969 9.6442 9.674
41.2665 41.2692 41.2727 41.2771 41.283 41.2911 41.3023 41.3187 41.3435 41.3821 39.7755 39.8904 39.8163 38.0562 34.3862 31.172 27.7453 25.6817 22.8541 21.7508 20.4621 19.3745 17.0951 16.0786 14.3019 13.1434 12.0105 10.2979 9.2581 7.5558 7.4925 6.6833 5.276 5.4563 3.7065 2.9098 2.7573 2.7171 2.6675 2.7263 2.7661 2.7922 2.8093 4.2523 4.3562 4.4358 4.4963 4.542 6.3002 8.435 8.8974 8.9454 8.9842 9.6631 10.9889 13.0811 13.0854
40.5275 40.5316 40.5365 40.5427 40.5505 40.5605 40.5741 40.5931 40.6214 40.6674 40.5265 40.6503 40.3356 38.3277 33.8461 29.5676 27.5526 24.2697 23.2026 21.2918 19.8384 18.1672 16.4822 15.2599 13.5097 11.8645 10.6461 10.0279 7.8425 6.8872 5.381 3.9966 3.4312 3.1551 2.4722 2.4018 2.4396 2.6004 2.7109 2.774 2.8085 4.1286 4.2965 4.421 4.5113 6.2413 6.3225 8.434 8.8996 8.9612 9.0093 10.984 13.0739 13.0804 13.0858 13.9908 13.9968
40.1993 40.2033 39.7131 39.719 39.7263 39.7359 40.2118 39.1001 39.148 39.2232 39.528 39.7671 40.2381 38.4262 35.0077 28.167 26.0531 24.1465 22.6966 20.494 18.7788 17.4423 16.2444 14.2386 12.378 11.3141 10.161 8.0305 6.6152 5.3021 4.2064 2.5865 1.1176 0.9827 1.5725 2.0918 2.4336 2.7118 3.361 3.5233 4.1826 4.3943 4.5412 6.2524 8.3379 8.4438 8.5193 8.992 9.0523 13.0595 13.0705 13.0793 13.0863 13.9891 13.9967 14.0029 14.0081
40.1847 40.1861 40.188 40.1904 40.1938 39.711 39.7152 39.7197 39.7239 39.7259 39.1905 39.2234 38.9666 38.1718 32.309 28.8916 25.7047 23.314 21.2755 20.1813 19.0176 17.3257 14.8606 14.0799 12.5367 11.0288 9.4453 8.0302 6.4941 4.9416 4.2311 2.3802 1.6052 2.0485 2.3046 2.4022 3.1152 3.5485 3.6926 5.1781 5.4782 7.8717 8.071 8.4839 8.5858 8.6525 11.1416 13.0489 13.0651 13.0776 13.0871 13.9872 13.9969 14.0047 14.011 14.0161 15.4042
39.4615 39.4628 39.4645 39.4667 39.4699 39.4743 40.1554 40.1486 40.1378 39.6385 39.5799 39.4511 37.4459 36.1687 31.8247 28.1814 24.7077 22.3436 20.7376 19.4499 18.671 18.3367 14.649 14.2067 12.8708 11.1987 9.5047 7.7994 7.3354 5.7961 4.802 4.7767 3.7949 3.6684 4.565 5.0204 5.1718 5.4461 6.5 7.2684 8.1738 8.3532 10.3819 11.1133 12.9941 13.0296 13.0556 13.0745 13.0884 13.9849 13.9979 14.0079 14.0157 14.0217 15.4037 15.4198 15.4331
39.4562 39.4565 39.4571 39.458 39.4592 39.4612 39.4644 39.4697 39.4788 39.4951 39.5239 39.4578 38.3983 35.1965 30.253 26.7276 24.2671 21.3648 20.0417 18.9591 18.3472 17.7772 16.3121 14.8855 13.6982 12.2589 11.219 8.5451 7.8217 7.6953 6.7634 5.9068 6.434 5.9055 6.4707 7.2984 7.1505 8.4032 8.9142 10.0637 10.5099 10.563 12.2448 12.9897 13.0367 13.0687 13.0905 13.9825 14.0006 14.0139 14.0236 14.0308 15.4042 15.4243 15.4405 15.4536 16.8152
39.4507 39.4501 39.4495 39.4487 39.4479 39.447 39.4462 39.4459 39.447 38.6561 38.7974 39.0445 39.6391 35.5878 31.9373 26.7965 22.8212 21.1223 19.2354 18.4518 17.5293 17.359 16.3692 15.5541 13.9994 13.4095 11.7054 10.9635 9.8061 8.9539 8.5155 8.8277 8.7168 7.9814 8.1253 8.3864 9.3108 10.7789 11.4278 11.4808 12.1397 12.2441 12.9921 13.0559 13.0946 13.9806 14.0075 14.0256 14.0378 14.0461 15.4072 15.4327 15.4526 16.8053 16.8162 16.825 16.8322
38.4083 38.4178 38.429 38.4424 38.4589 38.4795 38.5059 38.5412 38.5902 38.6626 38.7792 38.9977 39.8954 35.1227 30.989 25.9918 22.7519 20.5091 19.7063 18.0872 17.4262 16.8041 16.5548 16.0778 15.1233 13.8938 13.3978 12.1735 11.0206 11.0534 11.0637 10.1994 10.4988 10.2084 9.5989 9.9037 10.7633 11.4013 11.5002 11.8566 12.8502 13.0198 13.1051 13.9831 14.0258 14.0507 14.0653 14.0738 15.4154 16.764 16.787 16.8048 16.8188 16.8297 16.8383 16.8451 16.8505
38.5711 38.3944 38.4012 38.409 38.4178 38.428 38.4395 38.4522 38.4656 38.4764 37.7673 37.8587 37.5314 34.0464 30.8411 24.8425 22.6473 20.946 19.4705 18.0652 17.5284 16.8136 16.5948 16.0711 15.6018 14.991 14.1508 14.0561 13.8171 12.8932 11.9806 11.7953 11.5647 11.3104 11.4716 11.0182 11.1011 11.7064 11.9084 12.8726 13.1458 14.0119 14.0826 14.1134 14.1258 14.1292 16.7018 16.7479 16.7817 16.8065 16.8248 16.8385 16.8488 16.8565 16.8624 19.0659 20.2359
37.4139 37.4498 37.4976 37.5642 37.5994 37.4757 37.4894 37.5007 37.5036 37.4827 37.3935 36.2705 35.5041 32.8593 29.0824 26.761 22.4699 20.5186 19.6597 18.3675 18.0292 17.5037 16.8764 16.7669 16.5135 16.3467 15.0539 14.8745 14.7787 14.3939 13.1172 12.854 12.5024 12.4896 12.423 12.1547 12.6993 12.6481 13.4059 14.3883 14.5105 14.3022 14.2805 15.3951 16.6436 16.7234 16.7772 16.8137 16.8386 16.8558 16.8677 16.8759 16.8816 20.9394 21.6363 21.6426 21.6477
34.2313 35.8711 35.8913 35.9205 35.9628 36.0242 36.0983 35.9908 37.2844 35.7081 35.5592 33.615 32.3691 33.4252 29.5266 26.5958 24.8542 20.164 19.2342 18.8934 18.4793 17.805 17.9596 17.3527 17.3484 16.8668 16.5708 16.1589 15.5454 15.2543 14.6472 13.8768 13.6028 13.23 13.4764 13.2944 13.4015 13.4948 14.7549 14.8223 15.3069 15.9549 16.5237 16.6845 16.7806 16.8377 16.8718 16.8921 16.9041 16.911 19.7448 20.9363 21.6329 21.6414 21.6482 21.6534 21.6576
34.2438 34.2383 34.2304 33.7811 34.2518 34.2554 34.2617 34.272 34.1851 33.3002 31.6965 31.1985 30.9847 30.8075 29.1185 26.0475 25.1168 22.7648 20.8332 20.0195 19.761 18.8359 18.3057 18.4135 18.1426 17.586 17.0575 16.9774 16.4167 16.1659 15.6049 14.9817 14.9392 14.9606 14.5031 14.9182 14.8197 15.7868 15.8307 15.8851 16.0593 16.64 16.83 16.9217 16.9624 16.9781 16.982 18.1887 20.7324 21.6111 21.6278 21.64 21.6492 21.6561 21.6612 21.6652 21.6681
34.3235 34.2541 34.2488 34.2403 33.7993 33.7764 33.7422 33.0441 32.9983 32.9014 32.2278 31.4375 30.5357 30.2384 29.6303 27.3648 24.6829 23.8335 22.3834 20.3011 20.3732 20.2471 19.3123 18.9477 18.805 18.5767 17.8376 17.4138 16.8746 16.4156 16.3217 16.1042 15.5828 15.6142 15.5888 15.4839 16.0875 16.7945 17.0215 17.063 17.1939 17.2769 17.2667 18.0897 19.1889 19.5809 20.7147 21.4293 21.6195 21.6384 21.6515 21.6608 21.6673 21.672 21.6753 21.4122 21.3962
34.3158 34.322 34.3302 34.2648 34.2566 33.8291 33.8018 33.7574 33.1367 33.0656 32.8702 32.2117 30.9374 30.4801 29.5087 28.6035 25.3778 23.9757 23.5935 22.876 21.0273 21.099 20.6591 20.375 19.9997 19.2533 18.8291 18.1232 17.8193 16.9336 17.2449 17.1489 16.9244 15.9321 16.5479 16.8545 17.2536 17.5061 18.1073 18.5098 18.9403 18.9535 19.3212 20.2013 20.6416 21.4028 21.4425 21.6368 21.657 21.6699 21.6781 21.6834 21.6868 21.8119 21.4065 20.6975 20.6755
33.2162 33.7388 34.3188 34.3288 34.3427 34.4883 34.2054 33.8519 33.8034 33.4083 33.1959 32.5285 31.7586 31.0018 29.9477 27.3021 25.5505 24.3732 23.7316 23.2335 22.6112 21.5789 21.5286 21.3617 20.2411 20.0253 19.6994 19.1467 18.6198 18.224 17.6644 17.5461 17.7955 18.1366 17.4168 17.5808 18.228 18.647 18.7896 19.5816 19.7907 20.0707 20.2062 21.3368 21.4299 21.4753 21.6711 21.6892 21.6991 21.7041 21.7065 21.8185 21.8103 21.1129 20.6821 20.3393 20.3229
33.0124 33.2093 33.2453 33.7628 34.3247 34.3429 34.4902 34.2549 33.9539 33.825 34.0754 32.9403 31.6937 30.9327 29.4886 27.9574 25.5402 24.8782 24.0792 23.5742 23.5407 23.1452 22.4264 22.0072 21.8326 21.2112 20.7619 20.2847 19.5746 19.0434 19.0892 18.6268 18.6632 19.2581 19.4109 19.195 18.8484 19.0912 20.2952 20.2078 20.5771 20.8559 21.4241 21.5198 21.9911 22.0014 22.0057 22.0071 22.0606 21.8292 21.8165 21.1307 20.3739 20.3438 20.3211 20.3038 19.8059
32.9838 33.0035 33.0319 33.0732 33.7699 33.8145 34.342 34.4979 34.3289 34.1201 33.9857 32.9579 31.2405 29.8732 27.1825 27.1756 26.0211 25.0418 24.2659 24.1528 24.0262 23.6977 23.6898 22.9704 22.4064 22.057 21.7007 20.9841 20.4695 20.4749 20.0017 19.7732 19.811 19.6717 20.0276 20.9076 20.3866 20.3935 20.7733 21.1353 21.4154 21.7902 21.8848 22.0116 22.0225 22.0244 22.0683 22.064 21.8273 21.1635 20.3986 20.3518 20.3182 19.8153 19.8015 19.7913 19.5177
