normal_rasters/0772100000297597.ascii
ncols 75 
nrows 56 
xllcorner 159478.953979
yllcorner 383872.179993
cellsize 0.25
nodata_value -9999 
[rows 0 to 30 of 56, columns 0 to 69 of 75]
2.0984 2.1018 2.0645 2.0651 2.1561 2.1541 2.2776 2.2655 2.3062 1.0573 1.0568 1.0563 1.0263 0.9608 0.9781 0.9772 0.9762 4.4168 8.0892 11.7054 15.4421 15.9736 15.9876 19.1134 16.2045 16.2495 19.4458 19.453 19.5794 19.6275 19.6322 19.7844 19.7867 19.7895 19.9497 19.9963 19.998 20.0 20.0369 20.0369 20.0369 20.0368 20.0366 20.0363 20.0359 20.0435 20.0439 20.0528 20.0537 20.0624 20.0628 20.0552 20.0634 20.0629 20.0623 20.0617 20.0613 20.0612 20.0611 20.0612 20.0613 20.0614 20.0546 20.0546 20.0546 20.0545 20.0545 20.0544 20.0544 20.0544
2.0979 2.1016 2.1055 2.0663 2.067 2.1562 2.2822 2.2692 2.2555 1.0575 1.057 1.0565 1.0267 0.9611 0.9785 0.9775 0.9764 0.9922 7.9414 11.6444 15.4135 15.9723 15.9877 16.0039 16.1974 16.2472 19.2829 19.4504 19.4589 19.6259 19.6312 19.6367 19.7857 19.7886 19.8658 19.9955 19.9975 19.9996 20.0369 20.037 20.037 20.037 20.0368 20.0364 20.0359 20.0434 20.0435 20.0524 20.0533 20.0621 20.0627 20.0555 20.0636 20.063 20.0622 20.0615 20.061 20.0608 20.0608 20.0609 20.0611 20.0547 20.0547 20.0546 20.0546 20.0545 20.0545 20.0544 20.0544 20.0543
2.0972 2.1013 2.1056 2.0677 2.0684 2.1585 2.1638 2.2736 2.2587 2.2908 1.0573 1.0567 1.0271 0.9614 0.9613 0.9779 0.9767 0.9755 4.4827 11.5702 11.7815 15.9701 15.987 16.0052 16.1876 16.2428 19.2805 19.4473 19.4567 19.5808 19.6299 19.6361 19.7844 19.7876 19.8646 19.95 19.9967 19.9992 20.0368 20.0371 20.0372 20.0372 20.037 20.0366 20.036 20.0354 20.0432 20.0518 20.0528 20.0618 20.0625 20.0633 20.064 20.0632 20.0622 20.0612 20.0606 20.0604 20.0604 20.0606 20.0608 20.0547 20.0547 20.0547 20.0546 20.0546 20.0545 20.0544 20.0714 20.0719
2.0963 2.1008 2.1055 2.0691 2.07 2.1611 2.1669 2.2788 2.2626 2.298 1.0576 1.057 1.0 0.9617 0.9617 0.9783 0.977 0.9757 0.9915 7.9946 11.7131 15.9667 15.9854 16.0057 16.0273 16.2357 16.3013 19.286 19.4538 19.5791 19.6282 19.6353 19.7827 19.7864 19.7905 19.9492 19.9957 19.9985 20.0368 20.0371 20.0373 20.0374 20.0372 20.0368 20.0361 20.0354 20.0428 20.0512 20.0522 20.0613 20.0622 20.0632 20.0645 20.0636 20.0623 20.0609 20.06 20.0597 20.0598 20.0601 20.0547 20.0548 20.0548 20.0547 20.0547 20.0546 20.0545 20.0714 20.072 20.0724
1.9963 2.1001 2.1053 2.0707 2.0718 2.0726 2.1705 2.1625 2.2674 2.2486 1.058 1.0573 1.0003 0.962 0.962 0.9789 0.9774 0.9759 0.9912 4.5017 11.6271 15.4362 15.9825 16.0053 16.0298 16.225 16.2989 19.2831 19.45 19.5769 19.5833 19.6342 19.7806 19.7848 19.7895 19.9481 19.9507 19.9977 20.0014 20.0371 20.0375 20.0376 20.0375 20.0371 20.0363 20.0354 20.0349 20.0505 20.0513 20.0606 20.0618 20.0632 20.0647 20.0642 20.0625 20.0604 20.0591 20.0587 20.059 20.0597 20.0548 20.0549 20.0549 20.0548 20.0547 20.0546 20.0714 20.0721 20.0726 20.073
1.9943 2.0009 2.1048 2.1107 2.0737 2.0748 2.1647 2.166 2.2732 2.2525 1.0585 1.0578 1.0569 0.9624 0.9624 0.9795 0.9779 0.9763 0.9909 0.9906 8.0222 15.3851 15.9778 16.0034 16.0314 16.0613 16.2931 19.2289 19.445 19.574 19.5814 19.6325 19.7056 19.7827 19.7882 19.9466 19.9497 19.9965 20.0009 20.0371 20.0376 20.0379 20.0379 20.0374 20.0366 20.0354 20.0348 20.0425 20.0502 20.052 20.061 20.063 20.065 20.0652 20.063 20.06 20.0576 20.057 20.0578 20.0546 20.0551 20.0552 20.0551 20.0549 20.0547 20.0715 20.0723 20.0729 20.0733 20.0737
1.9917 1.9989 2.1041 2.1106 2.0758 2.0771 2.0781 2.1702 2.1597 2.2575 2.2842 1.0582 1.0574 1.0004 0.9629 0.9629 0.9786 0.9767 0.9746 0.9901 7.936 8.1795 15.9707 15.9994 16.0314 16.0664 16.2826 19.2266 19.2879 19.5702 19.5788 19.6301 19.7044 19.7799 19.7864 19.874 19.9483 19.9869 20.0 20.0369 20.0377 20.0383 20.0385 20.0379 20.037 20.0354 20.0345 20.0419 20.0489 20.0504 20.0594 20.0627 20.0657 20.0722 20.0642 20.0597 20.055 20.0537 20.053 20.0551 20.0557 20.0556 20.0552 20.0703 20.0717 20.0727 20.0734 20.0739 20.0742 20.0995
1.9886 1.9963 2.0048 2.1103 2.0781 2.0798 2.081 2.1753 2.1636 2.2638 2.2367 1.0588 1.0579 1.0008 0.9635 0.9635 0.9794 0.9772 0.9748 0.9894 4.3632 8.1013 15.4988 15.9924 16.0292 16.0703 16.2653 16.3848 19.2338 19.449 19.5751 19.5863 19.7027 19.7158 19.7838 19.8719 19.9461 19.9516 19.9905 20.0365 20.0377 20.0386 20.0392 20.0388 20.0374 20.0355 20.0342 20.0348 20.0473 20.0478 20.0562 20.062 20.0669 20.0722 20.0668 20.0607 20.0507 20.0457 20.0532 20.057 20.0569 20.0561 20.0702 20.072 20.0733 20.0742 20.0747 20.0994 20.1 20.1004
1.9846 1.993 2.0022 2.1096 2.1183 2.0828 2.0844 2.1815 2.1685 2.2718 2.2413 1.0034 1.0585 1.0012 0.9641 0.9642 0.9804 0.9779 0.9752 0.9887 0.9882 7.996 11.8336 15.9812 16.0233 16.0718 16.1256 16.3782 19.231 19.3617 19.5699 19.5834 19.7001 19.706 19.7802 19.791 19.8778 19.9498 19.9901 20.0358 20.0374 20.0389 20.0402 20.0403 20.0381 20.0353 20.0335 20.0346 20.0408 20.0439 20.0493 20.0605 20.0689 20.0722 20.0722 20.0648 20.0653 20.0388 20.0615 20.0615 20.0581 20.0703 20.0728 20.0746 20.0978 20.0992 20.1002 20.1008 20.1012 20.1014
1.9798 1.9888 1.9989 2.01 2.1183 2.0862 2.0883 2.0896 2.1745 2.1582 2.2476 1.0411 1.0593 1.0018 1.001 0.965 0.9649 0.9788 0.9756 0.9722 0.9871 7.8533 11.7297 15.9643 16.012 16.0694 16.1354 16.3633 19.2266 19.2437 19.4835 19.5789 19.5965 19.7033 19.7194 19.7886 19.8753 19.9467 19.9892 20.0346 20.0364 20.0389 20.0416 20.043 20.0395 20.0348 20.032 20.0336 20.0407 20.0393 20.0332 20.0604 20.0722 20.0722 20.0722 20.0692 20.0657 20.0661 20.0713 20.063 20.0701 20.0744 20.0962 20.0991 20.1007 20.1016 20.1021 20.1024 20.0947 20.0942
1.9738 1.9834 1.9944 2.0068 2.0204 2.0899 2.0928 2.0947 2.1821 2.1635 2.256 2.2417 1.0415 1.0589 1.0016 0.9661 0.966 0.98 0.9762 0.9722 0.9856 4.2956 8.1366 12.3976 15.9926 16.06 16.1418 16.2343 19.2201 19.2407 19.4781 19.5721 19.594 19.6986 19.7175 19.7848 19.8707 19.9411 19.9572 20.0001 20.0346 20.0377 20.0433 20.0491 20.0425 20.0332 20.0271 20.0287 20.0438 20.0513 20.0559 20.0676 20.0644 20.0683 20.0722 20.0757 20.0847 20.0724 20.0634 20.0732 20.0895 20.0991 20.1028 20.1041 20.1045 20.0974 20.0966 20.0957 20.0949 20.0858
1.9664 1.9766 1.9885 2.0022 2.0176 2.1306 2.098 2.1007 2.1918 2.1704 2.1464 2.2512 1.0414 1.0601 1.0023 0.9674 0.9674 0.9818 0.9772 0.9722 0.9837 4.1547 7.9519 12.3308 15.9613 16.0391 16.1404 16.2629 19.2103 19.2349 19.4308 19.4926 19.5896 19.6636 19.7128 19.7566 19.8624 19.9085 19.9561 20.0031 20.0319 20.0335 20.0418 20.0635 20.0501 20.0275 20.0271 20.0311 20.0513 20.0617 20.0577 20.067 20.0343 20.0498 20.0561 20.0765 20.0938 20.0928 20.0353 20.0819 20.1198 20.123 20.1226 20.1029 20.1005 20.0911 20.089 20.0872 20.0853 20.0836
1.9573 1.9679 1.9808 1.9959 2.0133 2.0327 2.1039 2.108 2.2044 2.1796 2.1512 2.2256 1.0412 1.0419 0.9941 0.9943 0.9693 0.9688 0.9786 0.9723 0.9811 1.0555 4.3546 8.3847 12.4581 15.9994 16.1232 16.2877 16.5923 19.2252 19.4202 19.4866 19.5582 19.6537 19.7019 19.7338 19.8294 19.8952 19.9361 20.009 20.0271 20.0282 20.032 20.0499 20.0403 20.0303 20.0271 20.0271 20.0295 20.0364 20.0275 20.0342 20.0271 20.0271 20.0295 20.0438 20.0786 20.1299 20.1165 20.1559 20.1438 20.115 20.104 20.0973 20.0926 20.0896 20.086 20.0834 20.0818 20.0807
2.641 1.957 1.9706 1.9871 2.0068 2.0294 2.1106 2.1167 2.1199 2.1922 2.158 2.1203 1.041 1.0415 0.995 0.9955 0.9718 0.9713 0.9807 0.9727 0.9516 0.9761 1.0671 8.1199 9.087 12.7101 16.0752 16.2961 16.6774 19.1873 19.314 19.4413 19.5607 19.6368 19.6541 19.7248 19.8095 19.8653 19.9435 20.021 20.0271 20.0271 20.0271 20.0292 20.0271 20.0271 20.0271 20.0271 20.0271 20.0271 20.0271 20.0271 20.0271 20.0271 20.0271 20.0271 20.0333 20.0519 20.0924 20.1591 20.1275 20.1103 20.0988 20.0917 20.0866 20.0824 20.08 20.0786 20.0778 20.0532
2.6208 2.6272 1.9573 1.9751 1.9971 2.0233 2.0532 2.1272 2.1328 2.2096 2.1681 2.1208 2.1723 1.0409 1.042 0.9969 0.9752 0.9751 0.9841 0.9734 0.9501 0.97 1.0576 4.564 8.871 12.6046 15.9727 16.2575 16.7161 19.1873 19.2931 19.4214 19.5371 19.5991 19.6301 19.678 19.7995 19.8428 19.9341 20.0232 20.0271 20.0271 20.0271 20.0271 20.0271 20.0271 20.0271 20.0271 20.0271 20.0271 20.0271 20.0271 20.0271 20.0271 20.0271 20.0271 20.0271 20.0271 20.0372 20.0822 20.0882 20.0845 20.0809 20.053 20.0515 20.0509 20.0506 20.0507 20.3514 20.3682
2.5977 2.6019 2.6105 1.9586 1.9828 2.0132 2.0493 2.1397 2.1495 2.2344 2.1832 2.1227 2.1785 1.04 1.0408 0.9985 0.9623 0.9809 1.0267 0.9747 0.9478 0.9373 1.0419 4.2104 8.4289 9.2412 13.276 16.125 16.7962 19.1912 19.2303 19.3871 19.489 19.5972 19.6182 19.6458 19.7057 19.8335 19.9072 20.0125 20.0271 20.0271 20.0271 20.0271 20.0271 20.0271 20.0271 20.0271 20.0271 20.0271 20.0271 20.0271 20.0271 20.0271 20.0271 20.0271 20.0271 20.0271 20.0271 20.0271 20.0395 20.0271 20.0271 20.0271 20.0271 20.0271 20.1547 20.4874 20.7847 20.8164
2.5717 2.5726 2.5779 2.5898 1.9621 1.9967 2.0404 2.0918 2.1714 2.1775 2.207 2.1269 2.066 0.9956 1.0386 0.9893 0.9666 1.019 1.0322 0.9923 0.9439 0.9301 0.9031 1.0631 5.0103 8.5324 13.1558 15.8653 16.91 19.1731 19.2423 19.3624 19.461 19.5766 19.6061 19.645 19.649 19.7422 19.9699 20.0271 20.0271 20.0271 20.0271 20.0271 20.0271 20.0271 20.0271 20.0271 20.0271 20.0271 20.0271 20.0271 20.0271 20.0271 20.0271 20.0266 20.0247 20.0209 20.0271 20.0271 20.0271 20.0271 20.0271 20.0271 20.0271 20.4399 20.4875 20.7954 20.976 21.0004
2.5429 2.5389 2.5393 2.5465 2.5641 1.9702 2.0225 2.0888 2.1999 2.2157 2.2459 2.1361 2.2629 1.2218 0.9906 0.9838 0.9705 1.0294 1.029 0.9927 0.9355 0.9197 0.8781 1.0299 3.7816 6.4979 10.6469 13.9558 18.5735 17.0299 19.3051 19.3932 19.4156 19.4791 19.584 19.6078 19.6585 19.7665 19.8301 19.9975 20.0271 20.0271 20.0271 20.0271 20.0271 20.0271 20.0271 20.0271 20.0271 20.0271 20.0271 20.0271 20.0271 20.0271 20.0271 20.0162 19.9859 20.0183 20.0271 20.0271 20.0271 20.0271 20.0271 20.1211 20.4282 20.8784 20.9539 20.9977 21.0238 21.0397
2.5119 2.5015 2.4943 2.4935 2.5036 1.9284 1.9889 2.0745 2.1802 2.2737 2.3132 2.1559 2.2028 1.2243 0.9875 0.9715 0.9685 1.0463 1.0613 1.0153 0.9095 0.8824 0.8855 0.9664 1.1309 2.5923 6.679 15.249 10.9961 17.4775 17.4537 19.3352 19.4036 19.4278 19.5473 19.6016 19.6463 19.7572 19.8081 19.9435 20.0185 20.0271 20.0271 20.0271 20.0271 20.0271 20.0271 20.0271 20.0271 20.0271 20.0271 20.0271 20.0271 20.0271 20.0271 20.0222 20.0089 20.0198 20.0271 20.0271 20.0442 20.0596 20.1395 20.4864 20.9194 21.0116 21.0535 21.0727 21.0813 21.0848
2.4798 2.4614 2.444 2.4306 2.4266 2.4418 1.9277 2.0349 2.1884 2.3633 2.5721 2.2005 2.1059 1.3912 1.2018 0.9576 0.9623 1.0249 1.1463 1.0535 0.8557 0.9051 0.8957 0.8669 1.0255 1.4355 5.282 11.8486 18.4941 16.2222 18.1363 19.1835 19.3529 19.4068 19.5962 19.6094 19.6157 19.7562 19.8475 19.9532 20.0048 20.0271 20.0271 20.0271 20.0271 20.0271 20.0271 20.0271 20.0271 20.0271 20.0271 20.0271 20.0271 20.0271 20.0271 20.0336 20.0229 20.0378 20.1333 20.1432 20.2914 20.466 20.731 21.1661 21.1999 21.1904 21.1733 21.1571 22.2904 22.3324
2.4487 2.4209 2.3908 2.36 2.3331 2.3211 2.3463 1.9404 2.1608 3.023 2.7613 2.4532 1.9386 1.3552 1.2134 1.1332 0.8829 0.9399 1.084 1.0859 0.9864 0.9618 0.8949 0.8546 1.0422 1.5405 4.3169 8.4394 11.0764 17.3218 18.7295 19.135 19.3145 19.3668 19.4305 19.5659 19.6432 19.7777 19.8207 19.9684 19.9987 20.0255 20.0271 20.0271 20.0271 20.0271 20.0271 20.0271 20.0271 20.0271 20.0271 20.0271 20.0271 20.0271 20.0271 20.0645 20.0661 20.1242 20.3097 20.4558 20.7564 20.9582 21.724 21.6663 21.5196 22.2726 22.8946 22.9829 23.0343 23.1687
1.9388 1.9066 1.8658 2.2879 2.2293 2.1706 2.1348 2.1835 2.0109 2.9685 3.6338 2.6329 1.6813 1.2055 1.1873 1.1918 0.794 0.7807 0.9935 1.087 1.0132 0.9718 0.9644 1.0144 1.3769 1.9879 3.156 5.6066 10.6191 11.7414 15.3989 19.1061 19.1788 19.3127 19.3637 19.4608 19.6306 19.69 19.784 19.8607 19.9581 20.0039 20.0261 20.0271 20.0271 20.0271 20.0271 20.0271 20.0271 20.0271 20.0271 20.0271 20.0271 20.0301 20.0974 20.1654 20.2252 20.3665 20.6729 21.271 21.6447 21.9899 22.3921 22.4892 22.8297 23.032 23.1213 23.6865 23.5656 23.5684
1.9537 1.922 1.8805 1.8245 1.7475 1.6405 1.8659 1.7479 1.8752 2.2009 5.5734 2.8252 1.5621 1.3178 1.4874 1.4465 0.8048 0.755 0.7613 0.9349 0.9938 0.9711 0.9931 1.253 1.7393 1.8792 1.9487 7.7062 17.0288 15.1283 17.2487 19.0669 19.1075 19.2182 19.4032 19.5018 19.5274 19.6674 19.7739 19.8088 19.9287 20.0051 20.0221 20.0271 20.0271 20.0271 20.0271 20.0271 20.0271 20.0271 20.0467 20.028 20.0383 20.1084 20.2732 20.3096 20.6301 20.7357 21.2793 21.7768 22.24 22.8726 23.1867 23.5016 23.6978 23.8861 23.8747 23.6911 23.6549 23.6293
1.9752 1.9469 1.9088 1.8554 1.7766 1.6531 1.4497 1.1431 0.7003 2.6285 4.1361 1.8196 2.1756 2.6877 2.286 1.2605 0.898 0.7326 0.7695 0.9845 0.9971 0.9313 0.9768 1.497 1.6561 1.8469 1.9485 6.3125 10.788 16.9537 16.6939 18.8993 19.0823 19.2538 19.3341 19.4641 19.495 19.5257 19.6975 19.8121 19.9726 20.0099 20.0271 20.0271 20.0271 20.0271 20.0271 20.02 20.016 20.0459 20.1658 20.1789 20.201 20.1626 20.5859 20.8482 20.9397 21.4706 22.0837 22.5008 22.6725 23.4257 24.0449 25.2702 24.7193 24.2731 24.0648 23.9551 23.8936 23.8004
2.003 1.981 1.9514 1.9098 1.8473 1.7441 1.549 1.1161 1.5151 4.2518 4.6419 4.1167 3.5524 3.3421 2.3918 1.1789 0.687 0.5817 0.8865 1.0408 0.9299 0.8602 0.9559 1.363 1.7638 1.8606 1.9448 4.1256 8.8064 6.7311 14.9833 17.9158 19.0257 19.1672 19.2675 19.3432 19.4943 19.5266 19.5552 19.7828 19.9718 20.0071 20.0243 20.0271 20.0271 20.0269 20.0213 20.0163 20.0808 20.2486 20.2865 20.3961 20.3209 20.6275 21.1065 21.4818 21.8718 22.1948 22.5208 23.0466 23.1838 23.4523 24.214 25.6476 24.7176 24.3179 24.0297 23.9295 23.8781 23.8496
2.0355 2.0221 2.0052 1.9834 1.9548 2.1853 2.0988 2.147 3.0723 4.2522 3.6529 4.0891 3.8397 2.5581 2.1901 0.8866 0.5613 0.5089 0.7954 0.9149 0.7585 0.8097 1.0571 1.5562 1.8172 1.8538 2.0298 2.3861 5.2882 11.465 11.426 14.6432 18.8405 19.0195 19.225 19.3102 19.4964 19.5453 19.5622 19.7087 19.8413 19.9739 20.0141 20.0258 20.0396 20.0296 19.985 20.0965 20.2401 20.5353 20.582 20.5755 20.58 21.3622 21.6286 22.5601 22.6602 22.9202 23.3332 23.285 23.8243 24.0863 24.3208 24.2442 23.9874 23.8033 23.7792 23.7806 23.7866 23.7933
2.2035 2.193 2.1819 2.1718 2.3979 2.4007 2.4657 2.7051 3.4479 3.5575 3.1625 2.9628 2.2944 1.6179 0.7899 0.4682 0.4001 0.4956 0.8171 0.8472 0.6395 0.5625 0.8548 1.4818 1.766 1.8882 2.1146 2.3717 4.1027 10.6016 16.4358 17.3194 18.8198 18.981 19.0417 19.1672 19.3179 19.4972 19.5556 19.6382 19.8067 19.8843 19.9384 20.0103 20.1106 20.0685 20.12 20.437 20.5968 20.8304 21.0382 21.3766 21.7496 21.836 22.6485 23.191 23.4707 23.8309 23.7492 23.6275 23.83 24.5533 23.85 23.4644 22.9677 23.3057 23.4961 23.5979 23.6598 23.7007
2.2233 2.2192 2.2174 2.2208 2.2353 2.2724 2.3502 2.8566 3.1262 2.6371 2.4327 2.4443 2.067 1.2094 0.7169 0.4029 0.3608 0.4303 1.0245 0.8449 0.5784 0.4885 0.6349 1.4739 1.7777 1.8482 2.5428 3.2004 4.0069 8.5684 16.9431 17.6704 18.7613 18.9309 19.0331 19.0951 19.2057 19.3512 19.592 19.6855 19.7252 19.8448 19.923 20.0039 20.094 20.1404 20.2535 20.7392 21.1796 21.1795 21.4878 22.3314 22.8064 23.4287 23.7017 23.8381 24.6585 24.356 24.3968 24.3565 24.2849 24.2802 23.3008 22.9748 22.8033 22.9069 22.7662 22.7459 20.9573 20.754
2.2404 2.2405 2.2437 2.2523 2.2691 2.7363 2.7299 2.9842 2.4286 1.7587 1.5318 1.729 1.1144 0.8988 0.7329 0.6456 0.4951 0.6858 0.9746 0.6053 0.569 0.4778 0.5432 0.7748 1.5199 1.8913 2.7264 3.7388 4.7344 8.3441 11.7739 17.1561 17.7434 18.8179 19.0099 19.1845 19.2359 19.2763 19.4861 19.6583 19.6819 19.698 19.8368 19.9878 20.5029 20.5485 20.4642 21.3858 22.0841 22.8879 22.9798 23.2517 23.9253 24.2965 25.018 25.2607 24.9537 24.912 24.6471 24.4575 24.5325 24.0324 23.0429 22.7362 22.6542 22.2947 20.6418 20.2327 18.6765 18.4125
2.2541 2.0171 2.0308 2.7646 2.5273 2.5391 2.6169 2.376 2.186 1.9991 1.8645 1.3954 1.1288 0.9862 0.8129 0.7865 0.9819 1.0718 0.8697 0.659 0.6625 0.6765 0.6454 0.5667 0.6264 1.8521 2.9413 4.2454 5.329 6.1867 11.0571 11.2539 15.7739 18.3282 18.9391 19.128 19.247 19.3175 19.3991 19.4232 19.6018 19.661 19.7193 20.5189 20.6921 21.3955 21.6716 21.9992 23.1072 24.601 25.4814 25.3121 25.8773 25.3181 26.264 26.0734 25.797 24.9096 24.5897 24.3445 23.9845 22.5242 22.5193 21.9151 21.2052 19.918 19.4603 17.0437 16.8586 14.317
2.544 2.5496 2.5586 2.5719 2.5902 2.6731 2.5879 2.5951 2.6258 2.722 2.8013 2.096 1.4594 1.3323 1.4029 1.4032 1.5419 1.3005 1.2389 1.049 0.7477 0.7507 0.5581 0.5211 0.517 1.0928 2.4388 5.0386 5.8826 6.6797 11.8752 15.725 14.1415 17.1792 18.7564 19.0306 19.2032 19.3211 19.3884 19.3717 19.4906 19.9529 20.2722 21.4024 21.8391 22.4344 23.3515 25.1 25.7985 25.8038 27.5837 27.8522 27.3652 27.3146 26.5706 26.3992 26.363 25.5313 24.5322 24.0416 23.2109 22.035 20.973 20.7011 19.3493 17.492 16.338 14.5962 14.3379 14.1798
