normal_rasters/0772100000296762.ascii
ncols 54 
nrows 52 
xllcorner 158246.950989
yllcorner 383884.419006
cellsize 0.25
nodata_value -9999 
[rows 0 to 36 of 52, columns 0 to 53 of 54]
37.2923 35.0158 31.3982 31.379 31.3581 25.0838 25.0448 17.7776 25.0731 24.8181 29.6255 36.0596 36.123 37.3596 41.5929 44.1335 43.9015 43.9297 43.9624 45.0093 45.0414 45.7961 44.9187 44.8871 44.1297 44.0917 43.4726 43.4446 43.4144 43.3832 42.8248 42.8197 42.8145 42.8095 42.6546 42.652 42.6494 42.6471 42.645 42.6433 42.279 42.2687 42.2598 42.2522 42.2458 42.2405 42.2361 42.135 42.134 42.1332 42.2288 42.2315 42.2339 42.236
38.7168 37.2812 33.4684 31.3934 31.3715 31.3476 25.07 17.7972 17.7708 20.3594 22.6954 29.7027 36.0725 37.3206 37.3866 41.6002 44.1297 43.9031 43.9374 44.9901 45.0253 45.0646 45.7917 44.9159 44.8757 44.1133 44.0644 43.4523 43.4166 43.379 42.8259 42.8196 42.8132 42.8071 42.6549 42.6517 42.6487 42.6459 42.6436 42.6416 42.275 42.2636 42.254 42.246 42.2395 42.2343 42.1336 42.1324 42.1316 42.2278 42.2309 42.2337 42.2361 42.5301
41.9995 38.7007 37.2676 33.4638 31.3872 31.3621 25.0993 25.052 17.7921 17.7611 24.7763 29.5825 29.7313 36.089 37.3426 37.4211 41.61 44.1263 43.9066 43.9492 45.0043 45.0481 45.8103 45.7848 44.9104 44.1429 44.0884 43.4646 43.4221 43.3763 42.8275 42.8197 42.8116 42.804 42.6552 42.6512 42.6475 42.6443 42.6416 42.284 42.269 42.2565 42.2463 42.2381 42.2318 42.1317 42.1304 42.1296 42.2265 42.2303 42.2335 42.2363 42.531 42.5379
43.2568 38.7367 37.2924 33.4799 31.4053 31.3791 31.35 25.0836 17.8169 17.7843 17.7475 22.6467 29.6578 36.0199 36.1104 37.3713 39.6822 44.0911 44.1238 43.9133 43.9672 45.0256 45.0809 45.807 44.9551 44.9005 44.1236 44.0495 43.4331 43.3765 43.0702 42.82 42.8095 42.7997 42.6554 42.6504 42.6458 42.6419 42.6389 42.2772 42.2603 42.2468 42.2363 42.2284 42.1292 42.1278 42.127 42.2251 42.2296 42.2334 42.2367 42.5324 42.7937 42.8012
43.2667 42.0075 38.7198 37.2773 33.4758 31.399 31.3685 25.1208 25.0624 17.8115 17.7725 20.2967 22.6761 29.6828 33.5588 37.3089 37.4093 39.7025 44.0813 44.123 43.9253 43.9952 45.058 46.5848 45.8007 44.9573 44.8822 44.0907 43.4533 43.3824 43.0653 42.8209 42.8065 42.7935 42.6553 42.6488 42.6431 42.6386 42.29 42.2663 42.2477 42.2338 42.2236 42.1256 42.1242 42.2168 42.2233 42.2289 42.2335 42.524 42.5345 42.7962 42.8046 42.8115
43.278 43.2618 41.997 37.3088 37.2581 33.4702 31.3905 31.3545 25.103 25.0336 17.8025 17.7551 22.5641 27.0805 29.716 33.5811 37.3363 37.4607 39.7296 44.0708 44.1256 43.9463 45.0243 46.5915 46.5762 45.789 44.9562 44.1555 44.0326 43.3997 43.0627 42.8231 42.802 42.7836 42.6545 42.6461 42.6389 42.6336 42.2764 42.2495 42.23 42.1235 42.1204 42.119 42.2128 42.2212 42.2281 42.2338 42.5254 42.7885 42.7999 42.8092 42.8168 42.8229
44.3022 43.2743 42.0189 38.7478 37.2925 33.4938 33.4626 31.3789 31.3359 25.0778 17.8386 17.7879 17.7295 22.5826 29.5925 29.7609 33.6114 37.3746 39.6935 39.7671 44.0605 44.1351 43.9834 45.0739 46.584 46.5621 45.8472 44.9467 44.1151 43.4387 43.067 43.016 42.7949 42.7659 42.6518 42.6411 42.6319 42.2947 42.2529 42.2239 42.1159 42.1122 42.1113 42.2074 42.2185 42.2274 42.2345 42.7759 42.7922 42.8052 42.8155 42.8237 42.8303 43.367
44.302 44.3024 43.2691 42.0073 38.7245 37.2708 33.4895 31.4085 31.3628 25.1321 25.042 17.8284 17.765 15.3692 22.6092 29.6116 33.5383 33.6537 37.43 39.7231 42.181 44.0522 44.1588 45.3241 46.5966 46.5707 45.9092 45.809 44.9141 43.5197 43.3387 43.0162 42.7844 42.7265 42.6445 42.6318 42.3306 42.2605 42.2135 42.1026 42.0986 42.0991 42.1998 42.2151 42.227 42.4793 42.779 42.7981 42.8129 42.8243 42.8331 43.4121 43.369 43.372
44.3017 44.3022 43.2852 43.2621 41.9915 37.3163 33.5216 33.483 31.3963 31.3402 25.1021 17.8784 17.81 17.7292 15.2038 23.5499 29.6395 33.5624 33.7152 39.6606 39.7666 42.2006 44.051 44.2128 45.4117 46.5871 46.5451 45.8971 45.3488 44.2232 43.4329 43.0612 42.8894 42.5797 42.6349 42.6107 42.2803 42.1945 42.0767 42.0206 42.0277 42.1883 42.2108 42.2274 42.7546 42.785 42.8075 42.8242 42.8366 43.4097 43.4145 43.3719 43.6545 43.3246
44.3014 44.3019 44.3024 43.2803 42.0232 40.5458 37.2925 33.5205 33.4731 31.3781 31.3082 25.0565 17.8674 17.7784 15.6013 11.7084 23.594 29.6819 33.5984 37.3343 39.6842 39.8343 43.8216 44.0718 44.3358 46.6165 46.5655 46.4913 45.7167 45.26 44.1808 43.1984 43.0327 42.9792 42.627 42.3409 42.0726 41.9775 41.9818 41.8753 42.1699 42.2058 42.6168 42.6516 42.796 42.8225 42.8411 43.4057 43.4128 43.4182 43.6532 43.5795 43.5898 43.3213
44.301 44.3015 44.3021 43.3017 43.273 42.0052 37.3548 37.2592 33.5176 33.4582 31.3507 25.1424 17.9409 17.8439 15.6497 12.2475 16.7915 28.2056 33.4301 33.6557 39.5639 39.7211 39.9473 43.7874 44.1608 45.5308 46.6119 46.5122 46.2949 45.5677 44.4004 43.4671 43.3943 42.8861 42.4464 42.2528 41.8266 41.8608 41.8246 41.964 42.0965 42.6231 42.6675 42.8161 42.8467 43.3985 43.4097 43.4178 43.6513 43.6539 43.5805 43.5914 43.3408 43.2244
44.3005 44.301 44.3016 44.3023 43.2977 42.0487 40.5651 37.3301 33.5726 33.5115 31.4074 31.3088 25.0832 17.9315 17.7975 15.5762 11.6527 23.2649 28.2075 33.4164 33.7544 39.5438 39.7833 41.8944 43.8029 44.4768 46.7517 46.5902 46.3433 45.9351 45.39 44.175 44.0473 43.2293 42.3483 41.4955 41.2662 41.7211 42.0152 42.1251 42.6477 42.7019 43.2585 43.3486 43.4036 43.417 43.4259 43.6523 43.6552 43.591 43.5936 43.4767 43.2224 43.216
44.3 44.3005 44.3011 44.3019 44.3028 43.2911 42.0288 40.5331 37.2929 33.5794 33.4999 31.375 25.2149 18.049 17.9013 15.6472 13.339 11.7955 23.229 28.2158 33.3896 35.4949 39.5021 39.8947 43.2478 44.1633 46.2284 46.8247 46.6262 46.1421 45.4793 44.7428 44.2825 43.3313 42.1732 41.8896 41.9533 42.2145 42.5058 42.9984 43.1796 43.3219 43.3548 43.4147 43.4301 43.6497 43.6544 43.6203 43.5941 43.484 43.4751 43.2194 43.2122 43.2065
44.2994 44.2999 44.3005 44.3012 44.3022 43.3259 42.0916 41.9975 37.3976 33.6653 33.5858 33.4783 31.3191 25.1373 18.0502 17.8267 15.5058 9.8527 16.2821 22.3703 28.2377 32.6445 36.2998 38.2962 40.3911 43.2185 46.3301 47.253 46.885 46.2253 45.9345 45.399 44.0453 43.3984 43.2088 42.8026 42.4558 42.5458 43.0763 43.1749 43.3231 43.3716 43.6335 43.6447 43.6537 43.6588 43.6248 43.599 43.4836 43.4726 43.2151 43.1607 43.156 43.2572
44.2987 44.2991 44.2997 44.3004 44.3015 44.1881 43.3222 42.0717 40.5592 37.3599 33.6983 33.59 33.4374 31.2188 18.2645 18.0152 15.6166 9.7643 11.6877 16.7405 22.6886 31.8158 32.6639 37.946 38.9895 40.3667 44.6877 46.5524 47.1419 46.576 45.9436 45.5995 44.6626 43.946 43.6794 43.085 42.9462 43.1901 43.1208 43.3874 43.5848 43.6376 43.6549 43.6638 43.6677 43.6326 43.8396 43.4827 43.2224 43.164 43.1564 43.2546 43.2507 43.2481
44.1417 44.2982 44.2987 44.2995 44.3005 44.3019 44.1918 43.3139 42.0357 40.4922 37.2972 33.7436 33.5875 31.3618 25.2636 18.3182 17.8749 15.2652 9.834 12.2592 19.2199 25.3883 30.8604 32.9688 37.1277 39.0838 40.6816 44.5358 46.7857 46.9861 46.4044 45.823 44.9337 44.8515 44.102 43.7762 43.5106 43.7089 43.5179 43.6078 43.6852 43.6907 43.6885 43.7764 43.8679 43.8381 43.4807 43.1735 43.1595 43.2527 43.246 43.2418 43.2393 43.2381
44.1431 44.1421 44.2976 44.2982 44.2992 44.3007 44.1907 44.1972 42.1558 40.6154 37.4984 33.9494 33.8092 33.5658 31.1951 18.8043 18.3148 15.4271 7.4279 10.1 17.9416 20.2111 25.9111 29.8368 34.7825 37.7854 40.3113 42.0335 46.5769 46.9542 46.8783 45.9899 45.3446 44.8164 44.9354 44.6531 43.8831 43.6487 43.7864 43.9087 43.9113 43.9639 43.8711 43.8397 43.8352 43.5437 43.2754 43.2542 43.2411 43.2334 43.2292 43.2273 42.8968 42.9501
44.1448 44.1438 44.1424 44.2968 44.2976 44.299 44.1889 44.1967 43.3821 42.1218 40.5207 37.4425 34.1234 33.9113 33.4833 30.6775 19.1846 17.9473 9.8214 9.7196 11.1501 16.8444 23.7282 26.9493 32.4473 36.1365 38.4281 39.9405 41.9978 45.8212 46.714 46.2638 45.585 44.9337 45.1133 45.0868 44.8865 44.0935 43.943 43.9405 43.9347 43.9605 43.8366 43.8297 43.551 43.2713 43.2396 43.2224 43.2141 43.2108 42.9269 42.8893 42.9428 42.7222
44.1468 44.1459 44.1446 44.1427 44.2956 44.2967 44.299 44.1952 44.2065 42.3367 40.7518 40.3321 37.352 34.4419 34.0861 31.2489 25.1105 19.7751 13.3953 7.2694 9.2063 14.1548 17.6454 26.1157 28.5714 32.9184 36.7414 38.835 40.715 43.8948 45.979 46.1843 45.8765 45.4021 45.2313 45.0699 44.9241 44.6514 44.1224 44.0446 43.8039 43.8759 43.6607 43.5703 43.2651 43.2125 43.1898 43.1824 42.7902 42.9147 42.8778 42.7186 42.7161 42.5421
44.1492 44.1485 44.1474 44.1455 44.1428 44.2937 44.2956 44.192 44.2064 44.2232 42.3387 40.6197 37.772 35.9322 35.1218 34.4056 29.7357 25.1354 14.9015 6.933 6.4365 11.4384 15.3868 22.472 26.7834 30.363 34.6649 37.632 39.3226 41.041 44.7031 46.1177 45.6135 45.546 45.3344 45.1679 45.083 44.923 44.2318 43.9976 44.2036 43.801 43.4783 43.2624 43.1545 43.1254 42.7841 42.7709 42.8946 42.6896 42.7092 42.54 42.5433 42.5458
44.1792 44.1789 44.1509 44.1493 44.1466 44.1424 44.2908 44.1855 44.2041 44.2277 44.3308 42.2825 40.2865 38.2104 36.8083 37.0135 35.3356 28.0706 26.3268 11.733 8.6829 9.5221 11.9224 17.2379 22.1931 29.1745 32.3985 35.6026 36.8631 39.3669 40.8772 45.6054 45.661 45.5114 45.5866 45.2889 45.167 45.0471 44.7117 44.0853 43.9731 43.646 43.3863 42.9045 42.7454 42.7323 42.7308 42.6759 42.6728 42.4826 42.5417 42.5456 42.5483 42.5501
44.1816 44.1818 44.1816 44.1545 44.1521 44.1476 44.1406 44.2858 44.1967 44.2304 44.3404 44.3959 40.9797 38.8685 38.1576 38.8161 37.0581 32.3586 27.6511 25.0885 15.4746 8.9783 5.7558 12.7911 19.983 24.2067 28.3747 33.065 36.0524 37.8972 40.799 41.919 45.2387 45.5174 45.5134 45.4122 45.2833 45.0667 44.7314 44.295 44.077 43.4323 42.5448 42.4952 42.551 42.5411 42.3838 42.4776 42.5382 42.5454 42.5498 42.6869 42.6905 42.693
44.2868 44.2839 44.1857 44.1858 44.1845 44.1562 44.1477 44.1348 44.1786 44.2251 44.3524 44.4298 44.4451 40.5109 38.0189 37.9682 37.1782 36.3398 31.2743 27.624 22.5463 12.6925 4.9086 4.8081 16.1463 19.7378 24.4476 30.2138 33.9996 35.5967 39.4087 40.953 42.9978 44.9528 45.58 45.5314 45.3442 45.1953 44.7172 44.4342 44.069 42.8626 42.4181 42.3486 42.3038 42.3832 42.508 42.5668 42.5739 42.687 42.6922 42.6955 42.6977 42.699
44.2938 44.292 44.2891 44.1924 44.1935 44.1919 44.1623 44.1423 44.1188 44.1966 44.3422 44.5487 44.4784 44.5376 40.8918 39.131 38.0404 36.7387 34.4925 30.0804 25.2341 17.2744 8.9396 5.4102 6.4242 18.0888 21.4919 27.2668 30.6549 35.843 37.8075 38.48 42.0128 44.7394 45.5135 45.7019 45.5601 45.2924 45.183 44.8539 43.8527 42.9972 42.1549 42.2715 42.4098 42.4912 42.6051 42.7042 42.7132 42.7182 42.7211 42.7228 42.7238 42.7244
44.4257 44.4232 44.3008 44.2988 44.2946 44.2105 44.21 44.1824 44.103 44.1468 44.1723 44.5598 44.4292 44.5249 44.3142 42.4928 42.0628 39.0324 36.7339 33.4432 29.6816 24.4398 14.9699 8.4661 5.8557 11.6757 20.4319 24.6107 28.2309 31.7891 36.9843 38.8593 39.8732 43.0931 45.068 45.9939 45.6303 45.639 45.2743 44.7711 44.2694 43.3163 42.2372 42.5074 42.4848 42.5999 42.706 42.7188 42.7243 42.7267 42.7277 42.7281 42.9648 42.9716
44.4322 44.4312 44.4296 44.4269 44.4221 44.3198 44.3239 44.2891 44.0383 43.9768 44.1454 44.3833 44.4035 44.5876 44.6185 44.0315 43.65 42.1395 37.4046 34.5064 32.0929 27.9813 22.6537 11.1309 7.3762 6.9625 15.7253 21.9482 25.4319 28.7616 32.6567 38.0814 39.4098 41.4119 44.181 45.7637 46.2231 45.9881 45.762 45.4096 44.7291 44.5469 43.3477 42.6213 42.616 42.7294 42.7385 42.7434 42.9219 42.9422 42.9561 42.966 42.9733 42.9788
44.4391 44.44 44.4411 44.4422 44.4434 44.4448 44.4494 44.4933 44.3346 43.9894 43.9257 44.0637 44.2639 44.4141 44.5721 44.4109 43.3836 42.2942 41.0337 36.853 34.0458 29.6997 25.8132 20.4069 5.3297 3.064 10.6467 16.0688 23.1719 27.3712 30.1322 34.7451 39.0733 40.591 42.6927 44.3919 46.5024 46.53 46.272 45.8345 45.2908 44.9357 44.2931 43.052 43.0079 42.705 42.8652 42.9206 42.9468 42.9619 42.9717 42.9785 42.9835 42.9873
44.4459 44.4487 44.4525 44.4578 44.4657 44.4779 44.4977 44.5227 44.4224 44.3655 44.0593 44.0901 44.0113 44.2546 44.6297 44.7236 44.3679 43.7212 41.4585 39.7924 35.3306 32.9068 27.7581 22.8292 17.0148 6.7032 6.0764 9.6375 18.8548 22.9488 29.0538 32.8392 36.208 39.6033 41.7443 43.4006 45.5233 46.8868 46.6986 46.4579 46.2148 45.4236 45.1865 44.5026 43.5329 43.2087 43.215 42.9763 42.9828 42.9873 42.9905 42.993 42.995 42.9967
44.4151 44.4195 44.4257 44.4347 44.4489 44.473 44.5805 44.6619 44.8025 44.4448 44.178 44.073 43.7964 43.9807 44.4847 44.5477 44.4437 44.4926 43.0174 41.3048 37.6377 34.5517 30.1356 23.1466 20.0073 15.9272 2.0377 7.4524 10.9272 21.4546 24.6977 30.7777 34.0812 36.9632 41.0917 43.1841 44.7902 46.5283 46.9869 46.8425 46.5675 46.0182 45.6054 44.889 44.1677 43.8504 43.4445 43.4079 43.4082 43.4175 43.4282 43.0082 43.007 43.0064
44.4036 44.4049 44.4066 44.4088 44.4123 44.4187 44.3928 44.4266 44.3873 44.2749 43.7683 43.4073 43.776 44.0996 44.336 44.4596 44.0866 43.7336 43.0746 42.318 40.4003 36.5358 33.757 28.5893 23.6609 17.7911 13.9957 5.615 8.5368 15.9368 23.3524 26.9954 32.8912 34.787 38.4067 41.4019 43.517 46.366 47.1033 47.3335 46.8961 46.3529 45.9043 45.1219 44.5873 44.0238 43.8824 43.513 43.4804 43.4683 43.4652 43.4661 43.4688 43.4721
44.3912 44.3188 44.316 44.1554 44.1658 44.1364 44.107 44.0235 43.7728 43.9239 43.373 43.0929 43.4801 44.1871 44.4297 44.6289 44.0988 43.1285 43.2608 42.3502 41.6222 38.7347 35.1512 33.2919 28.5264 21.3547 16.9575 8.5915 9.2557 14.3791 20.1117 26.8091 30.0817 35.2624 36.6439 40.6938 41.9298 44.7268 47.2372 47.1519 46.803 46.5274 46.1723 45.5714 45.0904 44.5864 43.9667 43.8981 43.8603 43.5121 43.4993 43.4929 43.4902 43.4895
44.1379 44.1316 44.1252 44.1161 44.1001 43.8903 43.6503 43.659 43.6748 43.4595 43.5479 43.2597 43.4063 44.1349 44.5015 44.4694 44.347 43.8299 43.2362 43.0164 41.8289 41.3919 38.023 34.419 32.5272 27.4067 16.5718 13.5312 7.0557 8.5518 18.0455 23.1795 29.0715 33.067 35.6507 37.1546 40.564 43.0207 45.2105 46.1363 46.9997 46.6941 46.2064 45.6511 45.4922 45.1052 44.0038 43.946 43.9069 43.8826 43.5278 43.5166 43.5098 43.5059
43.9171 43.9124 43.905 43.9505 43.6376 43.6368 43.6345 43.6264 43.5936 43.5188 43.7091 44.0915 44.0584 44.2105 44.4582 44.4281 44.3873 44.27 43.5447 43.2105 43.2516 41.955 39.7176 37.5878 33.5504 31.1889 22.3435 15.7687 9.1333 7.6379 13.4067 19.9164 27.0825 30.4219 34.5195 36.9383 38.7834 42.1421 42.7497 44.6283 46.1976 46.739 46.5477 46.1295 45.5579 45.2634 45.1189 43.9727 43.9374 43.9124 43.8955 43.5362 43.5269 43.5206
43.9616 43.954 43.6346 43.6336 43.6319 43.6288 43.6227 43.6101 43.5925 44.0378 44.1317 44.4392 44.4849 44.4794 44.4356 44.402 44.3947 44.3998 43.9866 43.4755 43.4579 42.8514 41.3647 39.02 36.4812 32.135 21.2391 17.1116 12.0571 7.5237 11.2806 17.2196 21.9716 28.9097 31.9307 35.6837 37.9879 39.6611 41.1385 42.6722 44.3847 46.0303 46.7221 46.1462 45.587 45.5236 45.2603 44.6224 43.9568 43.9334 43.9161 43.9037 43.8952 43.5334
43.6337 43.6329 43.6318 43.6095 43.8496 43.8595 43.8808 43.9308 44.1737 44.3576 44.4202 44.4935 44.4782 44.4577 44.3801 44.3736 44.4055 44.3286 44.0771 43.9946 43.9038 44.1562 42.7082 40.0124 37.5888 32.3085 23.4304 21.6715 17.3332 7.2644 11.9845 16.3265 17.4588 26.1979 29.5144 33.1265 36.6784 39.2505 39.7707 41.5861 42.6207 45.0233 45.7873 46.4742 45.5989 45.5495 45.2916 45.2611 44.524 43.948 43.9315 43.9188 43.9093 43.9024
43.8568 43.8598 43.8648 43.8726 43.8856 43.9076 43.9493 44.129 44.2707 44.3856 44.3885 44.231 44.3384 44.34 44.3302 44.2997 44.373 44.5196 44.27 44.1337 44.0973 43.9322 43.4417 41.914 39.2266 35.7505 30.3802 28.575 23.9121 15.5771 4.9426 10.4765 16.2996 21.3721 28.9882 32.9615 34.0966 36.9671 39.5418 39.7376 41.2964 43.1587 44.9173 45.7807 46.1275 45.5639 45.5311 45.2839 45.2631 44.5166 43.9427 43.9305 43.9208 43.9133
43.8701 43.8758 43.8841 43.8963 43.9145 44.093 44.23 44.2432 44.3552 44.346 44.3056 44.1967 44.1943 44.2106 44.2174 44.2449 44.2806 44.2948 44.2456 44.2467 44.1324 44.0921 43.8791 42.1058 39.548 39.4154 37.3989 32.3834 27.7824 22.846 9.1883 6.8638 12.0036 16.1102 25.0067 30.0593 33.7993 36.5893 37.734 39.6134 41.11 41.2949 43.2094 45.7153 45.7757 45.5718 45.5445 45.5216 45.2802 45.2651 44.5123 43.9394 43.93 43.9223
