normal_rasters/0772100000296761.ascii
ncols 55 
nrows 51 
xllcorner 158249.696991
yllcorner 383880.018005
cellsize 0.25
nodata_value -9999 
[rows 0 to 36 of 51, columns 0 to 54 of 55]
30.2605 25.0111 23.1446 23.0806 18.3199 12.9854 11.6032 9.4146 9.3966 9.3763 9.3537 9.3287 9.711 10.067 12.5854 13.6895 17.2812 20.69 24.6663 28.4262 31.9035 31.992 32.0952 36.1141 36.2721 38.2593 42.0209 42.8688 44.6453 44.6582 44.6732 44.6894 44.7059 44.5969 44.6173 45.0953 45.0922 45.0901 45.0784 45.0269 45.0285 45.0302 45.032 45.0338 45.0355 45.037 45.0384 45.0397 45.2297 45.2343 45.2383 45.4051 45.4089 45.6095 45.6147
30.2658 30.2587 24.992 23.1253 23.0525 18.2902 12.9713 11.5979 9.4138 9.3928 9.3691 9.3426 9.3132 10.0412 10.0827 12.6066 13.7315 17.3194 20.7101 24.6889 30.3972 31.922 32.0314 35.1828 36.1615 38.1728 41.9825 42.0605 42.9257 44.6482 44.6661 44.6861 44.7066 44.6034 45.1173 45.0904 45.0867 45.0737 45.0229 45.0246 45.0267 45.0289 45.0312 45.0333 45.0352 45.037 45.0386 45.2286 45.2341 45.2387 45.4058 45.41 45.6112 45.6169 45.8753
30.2717 30.2644 30.2564 23.1765 23.1009 18.3376 13.0102 12.9536 9.4336 9.4121 9.3874 9.3594 9.3279 9.6943 10.0542 10.1042 12.6366 17.2565 17.3715 20.7383 24.7222 31.835 31.9488 32.087 35.2235 36.2342 38.2797 42.0174 42.1211 44.6343 44.656 44.681 44.7072 44.6116 45.1117 45.0842 45.0797 45.0675 45.0195 45.022 45.0248 45.0277 45.0305 45.033 45.0352 45.0372 45.2274 45.2339 45.2394 45.4068 45.6206 45.6134 45.6198 45.8781 46.298
30.2784 30.2709 30.2625 29.7153 23.1572 23.07 18.3046 12.9965 11.6127 9.4344 9.409 9.3796 9.3461 9.3084 10.0195 10.0727 12.5828 12.6791 17.3016 20.6945 24.6295 24.7716 31.843 31.9884 35.1303 35.2886 38.1496 41.956 42.0743 43.7781 44.6407 44.6729 44.7074 44.6221 45.1046 45.0761 45.0706 45.0595 45.0154 45.019 45.0229 45.0266 45.03 45.033 45.0355 45.2261 45.2341 45.4018 45.4086 45.6231 45.6166 45.8743 45.9647 46.298 46.2984
32.4252 30.2782 30.2696 30.2599 29.7088 23.1318 23.0304 18.2624 12.9786 11.6069 9.4345 9.4039 9.3684 9.3277 9.2819 10.0336 10.0996 12.6201 12.7401 17.3664 20.7295 24.6635 27.5571 31.8576 32.0489 35.1772 35.3962 40.8813 42.0022 42.1699 44.6946 44.659 44.7066 44.6362 45.0954 45.0651 45.0494 45.0061 45.0103 45.0157 45.0211 45.026 45.0301 45.0335 45.2248 45.2348 45.4033 45.4113 45.6269 45.8721 45.886 46.2976 46.2981 46.2985 46.2988
32.4693 32.419 30.2777 30.2676 30.2563 25.8825 23.0985 18.3292 15.8736 11.6356 11.599 9.4332 9.3959 9.3523 9.3022 9.985 10.0554 12.5447 12.6764 17.2658 20.664 20.7832 24.7197 27.6018 31.8835 32.5474 35.2641 35.5807 40.9141 42.089 43.9437 44.6339 44.7032 44.7667 45.0671 45.0493 45.0333 44.9968 45.0044 45.0127 45.0201 45.0262 45.0309 45.2239 45.3939 45.4063 45.6233 45.6326 45.8773 46.2196 46.2976 46.2982 46.2986 46.3264 46.3053
35.8146 32.4644 30.287 30.2766 30.2647 29.7142 23.1798 23.0542 18.2813 15.8512 11.6322 9.4684 9.4298 9.3834 9.3288 9.2659 9.9988 10.0894 12.5919 12.7626 17.347 20.707 23.6428 27.4865 31.6583 31.9308 35.0583 35.4312 38.3591 41.9536 42.9922 44.6621 44.6918 44.7928 45.0551 45.0178 45.0078 44.9837 44.9982 45.011 45.0207 45.0278 45.2237 45.3964 45.4118 45.6312 45.6414 45.8848 46.2197 46.2976 46.2983 46.2988 46.3263 46.3053 46.3051
35.8321 35.7983 32.4579 30.287 30.2747 30.2606 28.4551 23.1454 22.164 16.9271 15.8216 11.6269 9.4713 9.4228 9.3639 9.2941 9.4002 10.0233 12.4796 12.67 17.1929 20.6004 20.7805 23.7138 27.5299 28.6646 32.3958 35.1642 35.7694 41.0048 42.1007 43.9076 44.7251 45.1914 45.0467 44.9755 44.9376 44.9679 44.995 45.0128 45.0241 45.374 45.4029 45.4218 45.6442 45.8857 46.2183 46.2209 46.2977 46.2985 46.3262 46.3263 46.3053 46.305 46.2777
35.8531 35.8176 35.778 32.4494 30.2864 30.2716 30.2546 28.4492 23.0972 18.318 15.8635 11.6745 11.6187 9.4726 9.4099 9.333 9.2415 9.9355 10.0664 12.5401 12.8008 17.2934 20.6491 22.765 25.5915 28.5206 28.7425 32.4937 35.4332 38.5555 41.2178 42.9002 44.6966 45.2212 45.0818 44.8345 44.8736 44.9632 45.0023 45.2029 45.3787 45.4178 45.6885 45.7032 46.2227 46.2183 46.2213 46.2978 46.2988 46.3262 46.3262 46.3052 46.2779 46.2777 46.2775
35.8781 35.841 35.7992 32.4687 30.3003 30.2849 30.2668 28.4632 28.4403 22.2021 16.9625 15.8291 11.6764 11.6057 9.4702 9.3868 9.2832 9.335 9.9582 8.938 12.6553 13.024 20.454 20.749 22.8818 25.6478 28.523 28.9185 34.131 38.18 40.9934 41.8759 43.3 45.4883 45.1224 44.9155 44.9405 45.0025 45.1994 45.3999 45.7648 45.7875 46.0341 46.2221 46.2183 46.2353 46.298 46.326 46.3261 46.3262 46.3052 46.278 46.2777 46.2775 46.3187
38.6263 35.8694 35.8255 35.7758 32.4597 30.3008 30.2818 30.2594 28.456 25.8559 21.3387 16.9271 15.7801 11.6772 11.5849 9.4608 9.3451 9.2002 6.9254 8.7931 12.4351 12.876 16.7785 20.4856 22.666 23.1368 28.1522 28.5446 31.7082 34.5398 39.1596 42.0384 43.0057 45.6672 45.4889 45.1305 45.1105 45.2235 45.7208 45.8007 45.8268 46.0454 46.2213 46.2252 46.237 46.2985 46.3258 46.326 46.3261 46.3052 46.2781 46.2778 46.2775 46.3123 46.3536
38.669 38.6085 35.858 35.8054 35.7453 32.4472 30.3003 30.2764 30.248 28.4443 22.2795 20.7546 15.8544 15.4303 11.6755 9.5623 9.4366 9.268 6.574 8.5688 8.951 12.6237 13.3054 20.0706 20.5994 22.875 25.5155 27.8138 28.6256 32.1378 35.9334 39.5935 40.8756 44.853 45.5575 45.5493 45.2831 45.8112 45.9715 45.9915 46.0687 46.2204 46.2341 46.3105 46.3253 46.3256 46.3258 46.326 46.2787 46.2782 46.2778 46.2775 46.3123 46.3535 46.3541
41.2909 38.6574 35.8979 35.8429 35.7786 33.433 30.3231 30.2979 30.2671 28.467 28.4255 20.8749 18.901 15.7957 11.7954 11.6686 9.571 9.38 9.119 6.7896 8.6444 9.2916 13.0703 15.5777 19.5805 21.9156 24.0894 25.7209 26.5245 30.3069 34.2711 36.4978 40.6625 42.1728 45.2706 45.9235 45.824 46.0696 46.1375 46.1854 46.2365 46.239 46.3123 46.3248 46.3252 46.3255 46.3258 46.2791 46.2784 46.2779 46.3119 46.3122 46.3534 46.3541 46.3335
41.3322 38.7169 38.6411 35.89 35.8222 35.7422 32.4647 30.3253 30.2923 30.2515 28.4509 26.7599 20.8301 18.843 15.4385 11.8326 11.6503 8.6423 9.2465 6.4369 6.7561 8.8728 11.8988 15.4025 17.3255 20.4545 22.9414 24.2017 26.0687 27.6048 31.673 35.6071 37.756 40.3897 44.2262 45.2038 45.8781 46.2294 46.182 46.2454 46.2555 46.3378 46.3351 46.3245 46.3251 46.3256 46.2796 46.2786 46.2779 46.3118 46.3121 46.3534 46.3335 46.1028 46.0991
41.3813 41.3315 38.7112 38.6179 35.8785 35.7931 35.6913 32.4445 30.3256 30.2808 28.4867 28.4219 26.7234 18.9819 18.7442 15.3356 11.8867 11.6047 8.5838 6.5265 4.5084 6.0865 11.3211 15.0529 16.8889 18.3242 21.1815 23.039 24.4862 26.9435 29.1855 32.0832 36.2238 38.4204 41.9096 44.3185 45.4019 46.1858 46.3321 46.353 46.3383 46.3304 46.3228 46.3244 46.3009 46.2805 46.2789 46.3109 46.3115 46.352 46.3533 46.3336 46.1028 46.0982 46.0946
43.393 41.3905 41.3293 38.7015 35.9509 35.8616 35.7511 33.4168 30.3695 30.3217 30.2582 28.4635 26.7675 23.6758 18.9351 15.5196 14.4565 11.9703 9.1239 8.2754 4.4748 5.3191 6.6791 13.2955 16.251 17.2835 19.8704 22.5211 23.142 25.1689 27.9805 30.5056 33.0669 36.6717 39.6703 42.107 43.6525 45.2072 46.3856 46.3543 46.3153 46.3165 46.3232 46.3027 46.2822 46.3092 46.3102 46.3111 46.3517 46.3922 46.11 46.1024 46.0966 46.0924 46.0892
43.4148 43.396 41.4013 41.3244 38.6854 35.9526 35.8356 35.6877 33.3849 30.3786 30.3084 28.5271 28.4132 26.7016 21.0365 18.835 15.4107 14.3348 12.1023 9.1595 5.9956 3.9281 6.0061 10.1559 15.4748 16.7478 17.953 20.5324 22.7861 23.5245 26.0758 28.6933 31.9696 33.91 37.4712 40.9066 40.3064 43.2507 46.351 46.3411 46.313 46.3249 46.3087 46.286 46.3067 46.3086 46.3104 46.3321 46.3727 46.1116 46.1013 46.0941 46.0889 46.1055 46.1036
43.4403 43.423 43.3997 41.4142 41.3151 38.6587 35.9534 35.7938 33.4284 33.3323 30.3842 30.2735 28.4918 26.7866 26.5562 19.3659 18.5982 14.6697 14.1441 12.1145 7.0519 2.9723 3.3572 5.632 14.1014 16.6128 17.2599 19.5341 21.5673 23.4349 25.1192 26.3241 29.9051 33.1103 34.5988 37.0781 37.8085 37.805 45.0118 46.3287 46.3142 46.3334 46.307 46.2996 46.3045 46.3256 46.3866 46.373 46.1134 46.099 46.0895 46.1038 46.1006 46.0988 45.9075
44.388 43.4549 43.4337 43.4042 41.4297 41.2977 38.6147 35.9515 35.7226 33.3862 31.395 30.3763 30.1855 28.3863 26.6397 24.4667 19.5854 17.3709 15.8159 14.1119 8.6972 4.706 3.4756 5.2397 7.7022 14.9715 17.5713 18.7896 20.6382 22.5174 24.4554 25.7697 27.8125 30.9536 33.4217 35.3246 37.0988 37.0682 38.8575 46.3758 46.3774 46.2625 46.2906 46.3062 46.3493 46.4147 46.375 46.1152 46.1135 46.1023 46.0961 46.0929 45.9078 45.6456 45.637
44.3816 44.3865 43.4746 43.4483 43.4097 41.4486 41.2656 36.1804 35.9426 33.4832 33.3032 31.4001 30.3214 28.5742 26.851 26.2144 23.0984 20.8014 17.5711 16.9838 13.1824 9.579 5.6362 2.3654 5.5953 9.3298 15.9562 18.3304 19.7942 21.5534 23.7416 26.0173 27.0916 29.4875 31.6191 33.6667 36.2484 37.7032 37.9549 43.8004 46.3262 46.4321 46.3779 46.3759 46.4132 46.3841 46.1403 46.1061 46.0894 46.0823 45.9094 45.6539 45.6397 45.6298 45.6229
44.3739 44.3782 44.3842 44.3927 43.4693 43.4167 41.4714 41.2058 37.1783 35.9142 33.4461 33.1226 31.3689 30.097 28.2552 26.4441 24.8935 23.1554 19.2933 18.6645 15.253 11.5842 7.3338 5.8075 4.964 8.0841 10.0857 16.9378 18.7269 21.2058 22.3664 24.45 26.5869 27.9679 29.8318 32.1405 35.848 37.5321 38.0861 41.5508 45.6211 46.2214 46.5678 46.5281 46.4225 46.1987 46.1293 46.1077 45.954 45.7269 45.6454 45.6286 45.6179 45.611 45.6068
44.3721 44.3682 44.3732 44.3809 44.3924 43.5008 43.4257 41.4992 39.0806 37.2577 36.2076 33.3396 31.7152 30.5609 28.874 27.4928 25.1594 23.8872 22.0412 19.2187 18.6143 15.6734 10.9548 7.9519 3.2196 3.6126 9.6509 12.6791 16.8817 19.4427 21.0394 22.6302 25.2958 26.6257 28.4613 29.7383 33.4562 36.4797 38.718 39.9709 44.4205 46.2806 46.7521 46.5517 46.3726 46.0675 46.0255 45.9093 45.7081 45.6259 45.4491 45.4412 45.4561 45.4541 45.4532
44.2529 44.2547 44.3669 44.3656 44.3755 44.5711 43.5518 43.4375 41.5405 39.5456 37.4134 34.6083 32.932 31.7154 29.8079 27.9274 26.8702 24.9667 22.6861 19.6364 18.1474 17.7804 15.057 8.5703 6.366 3.5077 5.1327 11.5969 13.928 17.2004 20.2643 21.5512 23.4495 26.1955 27.2988 29.5473 30.8614 32.8113 37.0177 39.6351 41.5024 45.9871 46.4028 46.5213 46.0642 45.5995 45.7958 45.6583 45.4488 45.4329 45.4449 45.4428 45.4426 45.4434 45.4445
44.2476 44.2484 44.2502 44.3564 44.3608 44.3662 44.5551 44.5859 43.5387 41.5749 40.019 37.7371 34.3423 32.7875 31.2486 29.6467 28.821 26.6952 22.6871 21.1744 19.5233 18.1079 16.4131 13.9091 6.9979 5.4755 3.9554 8.7162 12.2548 14.8633 17.4161 20.8905 22.122 23.9179 25.7255 27.0211 30.0521 31.0202 34.3163 38.4947 40.0869 43.4867 45.7176 46.2046 45.798 45.5626 45.5036 45.3134 45.3072 45.3065 45.308 45.3101 45.3121 45.3139 45.3154
44.2417 44.2412 44.2412 44.2423 44.2455 44.3429 44.3578 44.5323 44.612 43.475 42.7729 39.7263 36.797 34.6175 32.1953 31.2256 31.208 30.4716 26.7516 25.0381 24.142 19.8269 17.9832 16.4108 13.5919 7.4673 4.5897 4.5992 9.6655 13.7977 15.8373 17.8505 21.2428 22.7631 24.4715 26.3722 28.219 30.4232 31.1504 35.0443 39.1986 42.1101 45.4491 46.015 45.6371 45.5531 45.3165 45.2925 45.2928 45.2981 45.303 45.307 45.3101 45.3126 45.3145
44.2356 44.2334 44.2311 44.2289 44.2273 44.2273 44.3007 44.3232 44.5579 44.725 43.8889 42.7483 39.2954 36.4574 34.4139 32.075 31.5081 30.8292 28.0329 26.1391 25.2448 22.7543 19.6591 17.9269 15.729 13.2716 6.6326 3.83 7.6609 11.1435 15.6258 17.2965 18.8355 21.7557 23.1133 24.5964 27.2253 28.7013 30.4981 31.9274 34.5928 40.1457 43.6641 46.0713 45.8938 45.5453 45.2416 45.2756 45.3338 45.3686 45.298 45.3042 45.3084 45.3115 45.3138
44.2652 44.2599 44.2207 44.2145 44.2067 44.1964 44.1786 44.112 44.3982 44.8068 44.7216 43.9516 43.6839 38.4302 35.8356 33.3518 31.4298 30.3771 28.8821 27.517 26.4553 25.1274 23.4602 18.7721 18.1362 14.7512 11.1256 4.4486 5.5794 7.9051 11.7153 15.0942 18.6911 19.6817 22.0282 23.5068 24.3804 26.2155 28.5428 30.5191 33.7487 35.4269 40.1888 43.9539 45.8365 45.5649 45.2177 45.286 45.3774 45.3629 45.3866 45.4024 45.4136 45.4219 45.3135
44.2618 44.2553 44.2468 44.235 44.2179 44.166 44.1337 44.1033 44.3206 44.5893 44.8058 43.9657 43.2305 42.1177 37.8399 34.6883 32.8666 31.1682 29.7815 27.9793 27.6437 25.9012 25.1977 21.7767 18.2796 17.6504 14.2223 7.2294 5.1151 6.2859 10.1912 11.155 17.9889 19.6817 20.3513 22.5385 23.6678 24.8509 26.8367 28.3142 31.382 33.8279 36.0719 40.5845 43.6966 45.6961 45.4536 45.3906 45.4184 45.4487 45.4722 45.49 45.5036 45.4223 45.4285
44.1498 44.1459 44.1407 44.1334 44.1222 44.1029 44.0607 43.9151 44.0336 44.2823 44.7152 44.2088 42.6548 42.4487 41.0526 35.6998 33.8606 33.2935 30.7254 29.8543 28.8436 27.5103 25.3015 25.037 20.4641 17.7176 16.2659 12.1034 2.9614 3.2724 9.3865 11.3629 13.9211 18.0716 20.1467 21.0059 22.7287 23.7926 25.5832 26.532 29.3798 32.7854 34.7595 36.9506 40.7103 44.7374 45.5603 45.5072 45.4684 45.4775 45.4898 45.5014 45.5114 45.5198 45.527
44.1891 44.1857 44.1814 44.1758 44.1683 44.134 44.1242 44.1887 44.3862 44.5068 44.6379 44.7845 41.8981 41.5394 40.4463 39.5042 35.5963 32.9653 31.8661 30.3907 29.3447 28.2809 26.8863 24.6961 23.9384 18.6405 17.1769 15.1491 10.9202 3.009 1.6871 9.5629 11.3464 12.8074 18.2205 20.2341 20.7964 21.8615 24.7289 26.0377 28.2186 30.4826 31.5556 33.8162 36.9733 39.8455 44.6966 44.7245 45.5442 45.5051 45.5087 45.5145 45.5208 45.5268 45.5322
44.195 44.1935 44.2223 44.2224 44.2249 44.2686 44.284 44.4194 44.4849 44.5817 44.795 44.8401 42.9765 41.565 40.815 40.4976 38.2797 34.2513 33.1293 31.8965 30.4592 28.7641 28.3407 25.8019 24.4873 22.6823 19.5674 15.9657 13.2542 6.8654 1.9002 4.5681 10.7858 12.4746 13.9226 18.7783 20.054 21.1956 23.0455 25.3257 26.7775 28.3197 30.0558 31.544 33.9416 37.1439 39.8951 42.1233 44.6922 45.5665 45.5643 45.5275 45.5306 45.5343 45.538
44.2349 44.2362 44.2389 44.2442 44.4173 44.4276 44.4529 44.6555 44.689 44.8629 45.0054 44.9163 44.2376 41.441 42.009 42.7475 39.9233 36.37 34.0311 32.3619 31.6632 29.8592 28.2756 27.2993 25.1405 23.6681 21.5505 18.3555 16.4821 9.6623 6.2008 1.0822 5.9842 10.8084 13.919 15.1379 18.7559 20.6845 21.4186 23.05 25.8545 27.7953 29.362 29.7359 31.4367 36.7815 37.231 41.5925 41.9802 44.6692 45.581 45.5795 45.54 45.5418 45.5441
44.2443 44.2476 44.4337 44.4385 44.4481 44.4658 44.6873 44.7074 44.7581 44.8528 44.9152 44.8844 44.2692 42.2968 42.0853 42.5775 40.3227 38.3352 35.4464 33.5581 32.9678 31.0049 29.3599 27.6679 26.346 24.0609 22.4972 20.6063 17.6573 15.2266 7.2703 4.1888 3.318 7.7355 11.6554 14.1883 15.8646 19.7354 20.785 22.0789 23.8313 26.7617 27.2854 29.4464 29.642 31.0522 36.9621 37.4238 41.6214 41.8889 42.9393 45.5912 45.59 45.5488 45.5499
44.4418 44.4447 44.4495 44.4575 44.4701 44.698 44.7099 44.7324 44.7699 44.8166 44.8465 44.7857 44.2263 43.1428 41.9886 41.2205 40.4354 39.9448 38.9578 34.203 33.6152 32.2045 30.4281 29.2453 26.4643 25.2862 23.2053 21.6242 18.6223 16.9996 13.6115 5.7277 2.5233 4.4609 11.0144 12.7832 14.5828 17.8522 20.1889 22.0426 23.0481 25.2578 26.9243 27.1901 29.4823 30.8636 31.0014 37.2056 39.439 41.635 41.8289 42.8526 42.9501 45.5977 45.5978
44.4513 44.4557 44.4621 44.4714 44.7025 44.7102 44.7226 44.7413 44.7662 44.7922 44.8093 44.7287 44.0245 42.3662 41.029 41.1811 40.3955 40.9413 39.8254 38.6372 33.9369 33.048 31.2669 29.6272 28.3711 25.4603 24.4448 22.2841 21.2382 17.0508 16.0325 12.2444 2.0837 0.7714 6.562 12.278 12.7734 14.739 18.0329 18.6094 22.8915 23.2139 26.7224 26.9645 27.1167 29.4993 30.8753 34.415 37.3435 41.444 41.6416 41.7878 42.7939 42.8764 42.9357
44.4593 44.4645 44.4716 44.7046 44.7099 44.7177 44.7287 44.7431 44.7599 44.7759 44.787 44.6904 43.5101 42.1899 41.165 40.9685 40.179 40.0891 39.6994 39.4285 38.1454 33.5198 32.398 30.1127 29.0597 26.5958 24.9161 22.9744 21.9674 20.3953 13.8528 12.767 8.9901 3.5917 3.8877 7.6773 11.3349 14.3838 17.4813 18.0679 20.8266 23.0774 25.2716 26.8225 26.9685 27.0655 29.508 30.8835 34.5496 37.4235 41.4961 41.6447 42.66 42.7529 42.823
44.4658 44.7029 44.7057 44.7096 44.7149 44.7221 44.7312 44.7422 44.7539 44.7646 44.6967 44.6656 43.2637 41.1222 40.9933 40.0492 40.0247 39.8555 39.1959 38.8396 38.6279 37.1629 32.8355 31.4468 29.3773 27.9738 26.2522 24.8314 22.4079 21.61 18.1347 14.6734 11.9799 6.6491 5.5365 5.8114 7.4284 11.1363 15.938 17.7391 18.0657 20.904 23.1581 25.3752 26.8665 26.9623 27.0292 29.5125 32.6867 34.6318 38.4878 41.5306 41.646 42.6463 42.7233
