normal_rasters/0772100001000734.ascii
ncols 167 
nrows 183 
xllcorner 158677.485001
yllcorner 383630.904999
cellsize 0.25
nodata_value -9999 
[rows 32 to 63 of 183, columns 0 to 71 of 167]
8.8452 8.8479 8.8507 8.6356 8.6161 8.8935 6.6579 2.3237 2.323 1.9049 1.9012 1.9715 1.9708 1.7059 1.7066 2.0553 2.0587 2.0625 1.6945 2.593 2.5988 2.6052 3.0889 3.0881 3.0872 3.0863 2.5986 2.5857 2.571 1.6377 1.2199 0.9165 1.0007 1.0015 1.0025 1.0036 1.005 1.9009 1.9312 2.4728 2.506 4.7363 4.7859 4.4983 5.72 4.4927 10.7434 10.9004 10.4497 10.0914 10.2384 10.3886 9.7252 11.9605 7.3417 9.2828 9.5462 9.3419 6.8748 3.6132 3.5604 4.6966 4.6996 4.0448 3.3737 4.0468 3.1157 2.7586 2.4333 1.8263 1.3851 1.4898
8.845 8.848 8.851 8.854 8.6318 8.6102 8.8785 2.324 2.3233 2.3226 1.9044 1.5817 1.9711 1.9704 1.706 1.7068 2.0558 2.0596 1.6913 2.0312 2.5949 2.6015 2.6088 3.0889 3.0879 3.0869 2.6095 2.5965 2.5813 2.0226 1.6299 1.2154 0.9168 1.0005 1.0015 1.0027 1.0041 1.0058 1.905 2.45 2.486 3.583 4.7561 5.7234 5.8987 5.7118 4.4809 10.6506 10.8624 10.5056 10.2613 10.5175 10.6273 11.9982 7.2774 7.4089 9.264 10.1342 8.7738 3.1815 2.0388 1.9833 2.3393 2.1183 2.156 2.3176 2.0024 2.3326 2.2211 2.0092 1.4281 1.174
8.8448 8.8479 8.8511 8.8544 8.8577 8.627 8.9064 8.8606 2.3237 2.3229 2.0777 1.9038 1.5812 1.9706 1.7054 1.7062 1.7071 2.0564 2.0607 1.694 2.5902 2.5972 2.6049 3.0897 3.0887 3.0877 3.0864 2.6089 2.5935 2.5754 1.6413 1.215 0.8693 0.9992 1.0002 1.0015 1.003 1.0049 1.8725 1.9125 2.4591 2.5073 4.7152 4.7907 5.7767 5.9007 5.7004 10.3328 10.4943 10.7904 10.6028 10.5989 11.1035 10.8802 11.4235 7.0527 7.4158 11.7257 11.321 3.3848 1.0884 2.3794 1.8052 1.5287 1.6242 1.5046 1.34 1.7107 1.4421 1.8493 1.8772 1.3213
8.8444 8.8478 8.8512 8.8547 8.8583 8.8619 8.621 8.8902 6.6478 2.3233 2.3224 2.0773 1.9029 1.971 1.9701 1.7055 1.7064 1.6345 2.0571 1.6898 1.6974 2.5921 2.6003 2.6092 3.0897 3.0885 3.0873 3.0858 2.6077 2.5893 2.0278 1.632 1.2094 0.8693 0.9987 1.0 1.0016 1.0036 1.006 1.4413 2.4235 2.4759 3.5771 4.7455 4.8514 6.7444 5.7737 5.6837 10.0189 10.1987 10.0715 10.7937 11.4485 12.4914 10.7518 5.3899 6.2063 13.7456 7.7439 3.6477 3.14 3.6398 3.7855 2.8276 2.2705 2.7742 1.8435 1.5057 1.6479 1.4239 1.3952 1.4255
9.38 8.8474 8.8511 8.8549 8.8588 8.8626 8.6409 8.6135 8.8706 2.3237 2.3228 2.3218 2.0768 1.5842 1.9704 1.9694 1.7057 1.7067 2.053 2.0581 1.6928 1.7017 2.5947 2.6042 2.6147 3.0896 3.0882 3.0867 2.7737 2.6057 2.5833 2.0172 1.1306 1.2017 0.8695 0.998 0.9997 1.0019 1.0046 1.0079 1.4451 2.4317 2.5068 3.6312 4.8063 5.8095 7.3803 5.7985 6.3259 5.0319 9.5339 10.0736 11.5825 14.2728 16.159 5.711 10.9499 5.7632 3.4929 5.3887 5.5917 4.8739 5.6249 4.7167 4.0041 3.8035 3.7324 2.3974 2.1064 2.0545 1.4701 1.39
9.3679 8.8469 8.8509 8.8549 8.8591 8.8633 8.8676 8.6351 8.9063 8.8467 2.3233 2.3222 2.0785 2.0762 1.5838 1.9697 1.7048 1.7058 1.6341 2.0534 1.6873 1.6966 2.0365 2.5981 2.6094 3.0908 3.0894 3.0878 2.7751 2.6025 2.6024 2.0373 2.002 1.1242 1.1908 0.908 0.9973 0.9996 1.0026 1.0064 1.4279 2.3704 2.4515 3.5636 4.7319 4.9266 7.3072 7.411 6.5652 6.2626 5.8743 7.6746 7.3281 12.2975 16.9884 7.4658 6.8339 7.5442 5.9901 8.2154 8.552 7.3827 6.2069 6.4958 6.1379 5.5182 4.7632 4.3883 3.2491 3.2789 2.5864 1.7632
9.3543 9.3755 8.8504 8.8548 8.8593 8.8639 8.8686 8.8599 8.6275 8.8849 2.3239 2.3228 2.3216 2.0781 2.0754 1.5831 1.9689 1.7048 1.706 1.6344 2.0541 1.6904 1.7013 2.5907 2.6027 2.6162 3.0909 3.0892 3.0871 2.7773 2.6005 2.5972 2.025 1.1332 1.1145 0.8365 0.9941 0.9964 0.9997 1.0041 1.0097 1.4327 2.3685 2.4969 3.6648 4.8621 7.3871 7.3089 7.3735 6.7298 6.2218 5.1747 2.1013 8.2928 10.5715 9.5171 10.033 9.8186 11.5467 10.4731 10.2441 10.1676 8.6663 7.609 7.0322 6.9522 6.473 6.2751 5.3611 4.1691 4.0144 3.1872
9.3391 9.361 8.8497 8.8544 8.8593 8.8643 8.8695 8.8746 8.8575 8.6178 8.8583 2.3234 2.3222 2.3208 2.0775 2.0744 1.5823 1.6587 1.7049 1.6333 1.4547 1.683 1.6943 1.7075 2.5944 2.609 2.6253 3.0908 3.0887 2.7791 2.7799 2.5964 2.0547 2.006 1.1243 1.1604 0.8364 0.992 0.9953 1.0004 1.0074 1.0157 2.2487 2.3795 3.5207 4.732 5.1556 7.4929 8.0789 8.3325 8.0471 6.4359 6.1431 8.4329 11.2666 14.6699 12.8152 14.0723 13.5729 13.809 11.8724 11.0204 10.532 9.1426 8.2159 7.8125 7.3408 7.5148 7.1476 6.2061 5.2932 4.6441
9.3221 9.3446 9.3691 8.8537 8.859 8.8645 8.8702 8.8759 8.8692 8.854 8.8738 8.8249 2.3228 2.3214 2.08 2.0768 1.588 1.581 1.6586 1.7049 1.6334 1.4548 1.6858 1.6996 2.0387 2.5998 2.6177 3.0929 3.0907 3.0879 2.7822 2.783 2.5888 2.0414 1.4899 1.1096 0.8299 0.8365 0.9888 0.9942 1.0028 1.0144 1.4063 2.1936 3.234 3.7575 5.1153 6.8185 7.5391 8.4023 8.5926 8.2673 9.0345 10.6618 14.2891 16.2231 16.0055 15.5561 15.6147 14.4699 14.0388 12.2797 11.4269 10.6348 10.0277 9.6928 8.4151 8.5327 8.4868 7.9407 6.4207 6.2316
7.4721 9.3262 9.3515 9.3789 8.8584 8.8644 8.8706 8.877 8.8833 8.8667 8.6369 8.876 2.3237 2.3222 2.3205 2.0795 2.0758 1.5876 1.5793 1.7034 1.6319 1.6336 1.4548 1.6897 1.7067 2.0481 2.6075 2.6299 3.0931 3.0903 2.7848 2.7859 2.6147 2.5751 2.0184 1.0617 0.7381 0.8275 0.8368 0.9839 0.9937 1.0103 1.0301 1.4415 2.0979 3.3053 4.9219 5.9215 6.8124 7.3393 9.7501 10.0872 10.5676 12.1254 14.7375 16.4835 16.9943 16.7064 16.1831 15.9368 14.73 13.9891 12.6556 11.7185 11.0664 10.7799 10.4708 9.1885 9.2599 9.1001 8.4156 6.6093
8.1266 7.4758 9.3315 9.3599 8.8574 8.864 8.8708 8.8778 8.885 8.8814 8.8629 8.8921 8.8379 2.3231 2.3213 2.3252 2.0788 2.0744 1.5868 1.314 1.7031 1.6317 1.4544 1.6773 1.6951 1.7165 2.594 2.6189 2.6473 3.0933 2.7878 2.7893 2.7902 2.6067 2.0537 1.0362 1.0381 0.7342 0.8233 0.837 1.1356 0.9977 1.0341 1.3497 1.4639 2.0913 4.1205 6.0837 6.701 7.8905 10.9928 11.8991 12.3155 14.5542 14.9911 16.0114 16.7073 16.3796 16.4569 16.014 15.3829 14.5039 13.4702 12.6648 12.6108 11.5554 10.8976 10.5967 9.7538 9.76 9.3054 8.3142
4.3188 8.1312 7.4806 9.3381 9.3704 8.863 8.8706 8.8784 8.8864 8.8945 8.8789 8.8571 8.8645 2.4101 2.3224 2.3203 2.0825 2.0779 2.0726 1.5855 1.3133 1.6295 1.6313 1.4538 1.6802 1.7028 1.7306 2.6035 2.636 3.0972 3.0933 2.7934 2.7948 2.6417 2.0999 1.5297 1.0188 0.9936 0.7278 0.8151 1.0486 1.0935 1.032 1.097 1.1964 1.6415 3.3358 5.212 6.8158 7.7378 10.7274 11.7844 12.7346 13.9896 15.4273 15.7588 15.7145 16.2055 15.8533 15.5452 14.4744 14.3402 14.2515 14.0068 15.1747 13.9311 11.0379 11.1711 10.8017 9.9698 9.3788 9.0526
4.3229 8.0913 7.4561 9.3132 9.3466 9.3834 8.8698 8.8785 8.8875 8.8967 8.9058 8.8747 8.8487 8.8276 2.4092 2.3214 2.3248 2.0821 2.0766 1.8049 1.5834 1.3121 1.6284 1.6308 1.2666 1.6847 1.7144 2.0575 2.619 2.6622 3.0984 2.7983 2.8005 2.8015 2.6292 2.0741 1.069 0.9756 0.6184 0.8119 0.7921 0.9358 1.0621 1.1998 1.176 1.8963 2.7412 4.7009 7.0858 9.114 10.6151 11.6269 12.9196 13.5139 14.8362 15.4947 15.3447 15.2236 15.3679 14.5469 13.827 13.7978 14.0271 15.6444 15.4772 15.0206 13.8204 11.3285 11.3817 10.6001 9.2042 8.9466
4.3276 4.3209 8.0932 7.4595 9.3192 9.3575 8.8682 8.8779 8.8881 8.8985 8.9091 8.8955 8.868 8.888 2.4105 2.4081 2.3203 2.3234 2.0815 2.0746 1.804 1.32 1.3101 1.6268 1.451 1.2716 1.6918 1.7324 2.084 2.6447 2.8787 2.8043 2.8079 2.8097 2.809 2.1645 1.5472 1.0557 0.6056 0.7851 0.995 0.8551 0.9264 1.004 0.6674 2.0896 3.2951 5.5161 7.9232 9.3235 10.6449 11.6097 12.4138 13.4002 14.4124 14.8419 15.1174 14.4783 14.3685 13.3704 13.6158 14.707 14.8228 15.8474 15.9807 14.9644 13.3624 13.3309 11.3061 10.7527 10.0371 8.9837
4.333 4.3261 4.3184 8.0964 7.4643 9.3272 9.3715 8.8765 8.8879 8.8998 8.9121 8.9242 8.8911 8.8574 8.8442 2.4096 2.3219 2.3247 2.3214 2.0804 2.0718 1.8024 1.3197 1.6223 1.6243 1.2641 1.2791 1.7039 1.7621 2.6158 2.8876 2.884 2.8175 2.8211 2.821 2.6512 2.1263 1.1824 0.9018 0.5894 0.782 1.0579 1.5632 1.7903 0.6621 2.0199 3.6816 5.9949 7.4218 9.3904 10.1865 11.5196 12.3648 12.6506 13.9113 14.0134 14.0909 14.0631 13.7294 13.1445 13.7587 14.1229 14.817 14.7879 15.6587 15.1228 14.8706 12.4269 11.7382 10.747 10.4276 9.3992
4.339 4.332 4.3241 4.3152 8.1014 7.4708 9.3379 10.2829 8.8867 8.9003 8.9146 8.9289 8.9189 8.8832 8.8413 8.7826 2.4085 2.3207 2.3229 2.3189 2.0786 1.8098 1.7997 1.3187 1.6177 1.6202 1.269 1.663 1.7259 2.0207 2.6586 2.896 2.8911 2.8375 2.8396 2.8329 2.3374 1.4073 0.9557 0.5297 0.56 1.0067 1.7173 1.545 0.8762 1.8037 4.33 5.2787 7.913 8.817 10.7114 11.3536 12.4839 12.8364 13.5288 13.5887 14.0832 15.2038 12.0237 12.7316 12.0993 12.002 12.8185 13.3855 14.2906 14.0664 14.9692 15.102 12.7791 10.825 10.2728 9.2994
4.0999 4.3388 4.3307 4.3215 8.0381 7.4314 7.4797 9.3523 10.2877 8.8996 8.9161 8.9332 8.9501 8.9149 8.8697 8.8737 2.4108 2.4069 2.325 2.3206 2.0873 2.0756 1.8088 1.795 1.316 1.6099 1.2533 1.2771 1.6698 1.9684 2.1054 2.914 2.9093 2.8607 2.8693 2.8727 2.5867 2.1536 0.9293 0.4941 0.4326 0.2608 1.2947 1.5495 2.1223 2.7154 3.8382 7.2453 8.0934 9.8109 10.2106 11.4564 11.7851 12.0836 12.945 13.0924 14.7072 15.1819 13.7138 13.0484 10.7838 7.905 7.59 10.8495 12.5209 13.8166 14.4296 15.0919 14.4765 13.2567 10.5161 9.6543
3.5919 4.1019 4.3383 4.3289 4.3181 8.0368 7.4348 9.3072 10.262 8.897 8.9162 8.9365 8.9572 8.9539 8.9057 8.8472 8.7954 2.4098 2.3785 2.3231 2.3172 2.0863 2.0706 1.8063 1.3381 1.0757 1.5955 1.252 1.2932 1.6934 2.0494 2.5776 2.9401 2.9137 2.9016 2.9885 2.7442 2.1835 0.953 0.6553 0.2979 0.3591 1.9372 2.4987 2.6881 4.1151 6.1033 7.0665 8.7461 9.5745 9.7667 10.3861 11.3268 12.0972 12.485 13.9607 14.7657 14.678 13.7427 10.2441 8.3075 7.1107 5.3379 5.864 11.2417 13.1562 14.3253 15.071 14.2378 12.4157 12.3498 9.6876
3.586 4.1019 4.1043 4.3376 4.3265 5.2843 8.037 7.4403 9.3205 10.2644 8.914 8.9382 8.9635 8.9887 8.9516 8.8878 8.9836 2.2978 2.4083 2.3257 2.3203 2.312 2.084 2.062 1.8008 1.3412 1.0704 1.2138 1.2459 1.3335 1.9488 2.2637 2.855 2.9697 3.0725 2.8018 2.5148 1.3468 1.0562 0.6985 0.5629 1.8969 3.072 3.4818 3.647 5.3638 6.4295 8.5107 9.5517 9.6753 9.8204 10.2751 10.379 12.1314 13.5103 14.4064 14.385 13.8522 12.2845 9.5223 6.8263 4.1472 4.0614 5.5279 8.8221 12.0503 14.5885 15.3948 15.5499 13.6395 11.9594 10.6391
3.5788 3.5937 4.1044 4.1071 4.3363 4.3231 5.2807 9.0399 7.449 10.2273 10.2687 8.9368 8.9679 9.0 9.0101 8.9418 8.8546 8.8677 2.2971 2.3275 2.3252 2.3159 2.3037 2.0789 1.8227 1.7893 1.1315 1.0515 1.1683 1.2138 1.6132 2.2869 2.8272 2.7511 2.5967 2.4509 2.1835 1.8916 0.7049 1.0615 1.7552 2.3899 3.5559 4.8824 5.0308 5.7401 7.7276 8.7626 9.1252 9.3682 9.6507 10.3347 9.7623 10.0959 13.4938 13.6668 12.4092 11.5045 10.2967 9.0364 5.7446 3.7552 5.048 7.2953 9.2081 12.09 14.746 15.9321 16.4657 14.7227 11.7948 11.2597
3.5701 3.586 4.1043 4.1074 4.1106 4.3344 4.3184 5.2766 9.0377 7.4625 10.2235 10.2764 8.9686 9.0096 9.0507 9.0137 8.9174 8.9591 4.553 2.2958 2.3278 2.3227 2.3084 2.2749 2.0679 1.8208 1.6007 1.1499 1.0004 1.0057 0.8875 2.6419 2.5214 2.6618 2.6074 2.4631 2.2903 1.271 1.2641 1.4992 2.395 3.0858 3.9952 5.0194 6.3532 6.9791 7.6571 8.0939 8.5257 8.7784 9.1904 9.4731 9.0673 8.7708 9.1149 11.9471 11.2515 9.2794 8.6585 7.7071 7.8259 6.4866 6.2842 8.8277 11.7066 13.7426 15.0425 16.9147 15.9531 14.3179 13.3012 11.4662
3.5594 3.5763 3.5952 4.1074 4.111 4.3481 4.3315 5.2744 5.272 9.0388 10.1667 10.22 10.2899 9.0146 9.0703 9.1096 9.0064 8.8631 8.7561 2.4774 2.3321 2.3277 2.3182 2.2933 2.25 1.9888 1.8193 1.6065 1.159 0.9268 0.4236 0.6405 1.316 1.7162 2.3171 2.1147 1.4754 0.973 1.3002 1.7661 2.3408 3.6065 4.6034 5.1865 6.352 6.6238 6.7667 7.0942 7.7892 8.3079 8.6238 8.9725 8.5082 8.1147 7.8608 8.2492 8.93 8.4006 7.6783 7.7699 8.6411 8.9423 10.6013 11.7366 13.4515 15.0443 16.2095 14.872 14.8138 13.6582 12.7496 11.8406
3.7513 3.5644 3.5847 3.6074 4.1111 4.1155 4.3477 4.3271 5.2698 6.2602 9.0453 10.147 10.2179 9.0099 9.0848 9.1622 9.1333 8.9721 8.8946 8.3858 2.4772 2.3373 2.3292 2.3081 2.2462 2.1922 1.9153 1.7959 1.4002 1.2731 0.8623 0.4003 0.535 0.8638 1.4613 1.2862 0.4244 0.8726 1.7212 2.041 2.7219 3.1666 4.7862 5.2112 5.3675 6.0326 6.3174 6.6583 6.8811 7.422 7.9851 8.0077 7.9326 7.2591 6.7481 6.9933 6.6924 6.2345 6.273 7.8468 8.2056 10.2565 12.0244 14.2561 16.1846 15.7527 15.8283 14.3544 14.4046 13.96 12.2404 10.6571
3.7441 2.9165 3.5712 3.596 4.111 4.1159 4.1212 4.3465 5.2675 5.2646 6.2537 8.2782 10.1206 10.2194 9.0854 9.1986 9.3077 9.1443 8.8671 8.4665 2.3555 2.4229 2.3488 2.3368 2.2755 2.1161 2.0172 2.123 1.5983 1.2017 1.0321 0.7436 0.4609 0.5257 0.8836 0.7067 0.5844 1.4513 1.845 2.4148 2.8406 3.7448 3.9954 4.8414 5.125 5.1629 5.2447 5.7738 6.6808 7.0151 7.4491 7.2448 6.8253 6.6014 5.8588 5.7285 5.8379 5.1637 5.5862 7.6521 9.5683 11.2124 13.0102 15.4267 14.3381 14.5978 14.1764 14.5166 13.9849 13.1383 11.7497 10.238
3.7356 3.743 2.9233 3.5809 3.6115 4.1159 4.1221 4.1287 4.3439 5.2626 6.2384 6.2479 9.4704 10.0833 10.2301 9.2158 9.3974 9.4163 9.0994 8.6734 4.2028 2.3494 2.4413 2.389 2.3917 2.1957 2.0005 1.854 1.5452 1.3272 1.0499 0.8534 0.6816 0.545 0.9684 1.0093 1.0916 1.505 1.996 2.5368 3.3514 3.6907 4.3099 4.3829 4.9031 4.9206 5.0581 5.3923 6.0218 6.9239 8.5587 6.4795 6.3821 5.5527 5.0467 5.2804 5.6407 4.2086 5.1166 7.5371 9.5295 12.5352 13.0555 14.9034 14.3408 14.4048 14.4302 13.9705 13.3936 12.6109 11.2888 9.8951
3.7085 3.7326 3.7422 2.9328 3.5948 3.6333 4.1224 4.1303 4.1387 5.2601 5.2579 6.2317 5.7994 9.386 10.0277 9.0841 9.4674 9.7743 9.5437 8.8118 7.4367 2.3598 2.3785 2.433 2.5752 2.6393 2.291 2.0907 1.4341 1.2602 1.1762 0.8903 0.9061 0.8139 0.6262 0.8553 0.6662 1.3562 2.0474 2.4772 3.083 4.0145 4.5589 4.7675 4.8496 4.8027 4.9659 7.9389 14.5886 13.0718 12.6782 12.7636 6.1806 5.7854 4.6518 3.7488 5.6711 5.464 6.3913 8.054 10.3877 11.5922 13.908 14.0562 14.0332 14.2148 13.9484 13.2964 12.5805 11.8825 10.4675 9.0038
3.6925 3.7022 3.7294 2.912 2.9462 3.615 4.1218 4.1313 4.1418 4.1526 5.2562 5.2549 6.2292 5.7812 7.8251 9.9375 9.317 10.0242 10.366 9.5571 7.3926 3.2506 2.3026 2.2441 2.4146 2.1755 1.8588 1.7606 1.5844 0.9989 0.9199 0.8889 0.9157 0.9108 1.3959 1.263 1.0584 1.7541 2.1507 2.5717 2.9306 4.1749 4.7092 5.0882 5.1033 4.9635 4.8535 12.005 26.6303 16.9289 25.2504 11.5731 7.1561 6.3766 5.1498 3.472 3.8277 5.3666 6.6163 8.7152 10.415 10.9383 12.2369 13.7338 13.5413 13.4649 12.6988 12.3056 11.6701 10.8116 9.4151 7.9596
3.6838 3.6854 3.6943 3.7126 2.921 2.9658 3.6455 4.1311 4.1441 4.1584 4.3802 5.2556 4.9119 5.7791 5.472 7.5728 8.6416 9.6928 11.4343 11.6114 7.6729 2.7073 2.2414 2.073 1.9403 1.6685 1.6326 1.3999 1.2967 0.8334 0.658 0.7506 0.8713 1.2874 1.7674 1.5424 1.6306 1.9896 2.134 2.642 3.4252 4.5536 5.1659 5.3903 6.0451 6.7528 9.2448 10.6453 11.3208 17.1705 21.2427 10.2618 7.4231 5.794 4.4482 3.1998 3.3442 4.9304 6.2411 8.1181 9.8354 11.0471 11.3264 11.4554 12.7293 11.8787 11.4222 11.2251 10.8829 9.2895 7.9992 6.7239
3.6604 3.6741 3.6764 3.6813 3.7084 2.9348 2.9958 3.6666 4.1447 4.1638 4.184 5.3978 5.2653 5.7816 5.768 5.3208 6.913 8.4079 11.1239 16.1823 11.0784 3.0648 1.8957 1.6642 1.507 1.2705 1.2921 1.1684 0.9927 0.6074 0.6206 0.6592 0.9182 1.5028 1.6618 1.4735 1.7152 2.1848 2.1441 2.7047 3.736 4.3843 5.5343 5.9321 5.9176 10.5151 12.1237 18.3244 8.5709 13.2955 11.9529 9.4031 7.1796 5.3174 3.9711 4.1822 4.58 5.0107 5.9978 6.9233 9.1507 10.2469 10.718 10.6372 10.4078 10.8601 10.5143 9.5897 9.2232 8.1421 6.6483 5.63
3.6446 3.6462 3.6614 3.6648 3.6725 2.8902 2.9574 3.6431 3.6992 4.1668 4.1969 4.2109 5.3609 4.9583 5.8246 5.4873 4.7233 3.1038 7.7803 7.2739 3.7563 2.3509 1.6636 1.4592 1.3164 1.1898 1.0696 1.0862 1.0291 0.5065 0.4351 0.807 1.2109 1.5194 1.5328 1.4561 1.9922 2.3746 2.5568 3.2355 3.5519 5.0466 5.6327 6.0486 6.276 6.6322 9.7869 5.5678 5.9365 5.7369 9.905 8.7459 6.2572 4.0489 3.9962 4.3426 4.3141 5.8904 5.8516 6.7751 8.0252 9.1158 9.8401 9.9979 9.7005 9.5973 9.0744 8.4886 7.4572 6.3445 5.2552 4.0098
2.934 2.9352 3.6266 3.6438 3.6494 3.6622 2.8984 2.9958 3.6667 4.2746 4.2078 4.2609 3.9935 3.8533 5.8707 6.1544 5.5023 2.9302 2.5275 1.4422 2.4007 2.0237 1.6872 1.2782 1.0916 1.006 0.8547 0.7996 0.7925 0.3377 0.3588 1.1394 1.611 1.4634 1.3904 1.5259 1.6633 2.1961 2.518 3.0971 3.7709 5.3357 6.1627 6.5267 6.1305 5.9 7.9535 11.6907 6.1497 4.1247 6.3785 7.0762 4.8142 4.0184 3.7823 4.0912 5.9981 5.2387 5.6412 6.5565 7.9153 8.5699 9.0575 8.8021 8.8697 8.1336 7.4004 6.6481 6.0589 5.0352 3.8711 2.3657
3.6155 2.9285 2.9295 2.9287 3.605 3.6285 3.6518 2.9165 3.6179 3.7066 4.3007 4.3036 3.9409 3.9708 4.2088 5.9087 7.5934 6.7009 1.9514 1.5494 1.5907 1.7581 1.5461 1.3092 1.0687 0.9498 0.7946 0.6784 0.5298 0.5074 1.1629 1.6275 1.5661 1.4642 1.3199 1.302 1.8988 2.4983 2.6342 3.2951 3.7931 5.443 6.6266 6.9793 6.7464 6.8103 7.1212 8.1248 3.5423 3.3075 3.6854 4.304 4.1038 3.8535 4.3135 7.9249 9.8979 9.7175 9.1053 8.4098 7.5823 8.5202 8.5738 8.27 7.5024 7.2075 6.5759 5.4178 3.7468 3.0889 2.3598 0.2945
