normal_rasters/0772100000297596.ascii
ncols 67 
nrows 58 
xllcorner 159483.445984
yllcorner 383864.621002
cellsize 0.25
nodata_value -9999 
[rows 0 to 30 of 58, columns 0 to 66 of 67]
2.3361 4.1582 4.176 4.1955 6.3926 6.4375 6.4857 12.4052 20.3401 20.7609 20.788 18.7289 18.6627 18.5886 17.1162 15.8945 10.9661 10.7986 10.6244 3.3713 3.8224 3.8464 4.2386 4.2311 4.6905 4.7096 4.5752 5.3348 5.3756 5.4201 6.454 5.4016 4.9209 4.8892 5.0767 5.0325 4.838 4.792 4.1264 4.1961 4.1308 4.5841 4.5996 4.6142 4.6293 5.0783 5.0896 5.1016 5.6723 5.6862 5.7022 5.7192 5.7361 5.7519 6.6357 6.6641 6.6892 6.7109 6.7294 6.7449 6.7579 6.7686 6.7775 6.7848 6.7907 6.7956 8.9439
2.3382 2.3348 4.1641 4.1847 6.368 6.4161 6.4682 12.351 20.2678 20.4464 20.7931 20.8231 18.7058 18.6257 17.1767 17.0067 11.019 10.8335 10.6393 3.3705 3.8244 3.8143 4.6013 4.224 4.6772 4.6988 4.5472 5.3164 5.3621 5.4128 6.4499 5.4658 4.9496 4.9141 4.8717 5.0454 4.5813 4.7889 4.1219 4.1967 4.2024 4.1432 4.5946 4.6121 4.6305 5.0698 5.083 5.0969 5.6562 5.6735 5.6937 5.715 5.7358 6.602 6.639 6.6716 6.6995 6.7229 6.7422 6.7579 6.7707 6.781 6.7892 6.7958 8.9126 8.9436 8.9706
2.3406 2.337 4.1503 4.1721 4.1963 6.3909 6.4472 12.2865 12.449 20.3746 20.7977 20.833 18.7573 18.671 18.5729 17.0631 16.8613 10.8788 10.6613 3.3696 3.3774 3.816 3.8313 4.2159 4.6611 4.6857 4.7124 4.5952 5.3439 5.4017 6.4438 6.4831 5.4263 4.9463 4.8972 5.0632 4.5873 4.7856 3.8149 3.8807 4.2044 4.1452 4.5872 4.6084 4.6314 5.0604 5.0748 5.091 5.6355 5.6576 5.6839 5.7114 5.7373 6.603 6.6469 6.684 6.7145 6.7391 6.7586 6.774 6.786 6.7954 6.8026 8.9108 8.9456 8.9754 9.3233
2.3433 2.3396 2.3355 4.1574 4.1832 6.361 6.4219 6.4883 12.3862 20.2866 20.5163 20.8432 18.819 18.7265 18.619 17.1341 16.9083 10.9374 10.6925 3.3685 3.3777 3.8185 4.6853 4.5744 4.3439 4.6695 4.7005 4.5603 5.3193 5.3855 6.4349 6.4817 5.4621 4.9887 4.9318 5.0884 4.5962 4.5239 3.8088 4.1364 4.2067 4.1472 4.5736 4.602 4.6313 5.0539 5.0648 5.0831 5.6078 5.6371 5.6727 5.7093 6.5489 6.6104 6.6619 6.7033 6.7357 6.7605 6.7793 6.7934 6.804 8.8656 8.9119 8.9509 8.9838 9.3395 9.3785
2.3465 2.3426 2.3382 4.1402 4.1676 6.3255 6.3914 6.464 12.3099 20.1786 20.4304 20.8531 20.9007 18.7947 18.6773 17.2241 16.9703 11.0133 10.7363 3.3671 3.3781 3.8224 4.6792 4.5718 4.3272 4.6491 4.6855 4.7241 5.2861 5.3618 5.4488 6.4784 6.479 5.0452 4.9795 4.8952 4.6097 4.517 3.7988 4.1291 4.2089 4.2222 4.5901 4.591 4.6292 5.0472 5.0526 5.546 5.5687 5.6093 5.6605 5.7109 6.5529 6.6287 6.6878 6.7321 6.7645 6.7879 6.8047 7.7007 8.8646 8.9176 8.9613 9.3126 9.3631 9.4053 9.4405
2.3501 2.346 2.3413 2.3361 4.149 4.1821 6.3544 6.4338 6.521 12.4467 20.3216 20.8619 20.9205 18.8788 18.7512 18.5993 17.0522 16.7402 10.7967 10.4635 3.3786 3.3904 4.6728 4.6537 4.5333 4.3246 4.6663 4.7126 5.2411 5.3276 5.4303 6.4717 6.5101 5.5205 5.0473 4.9435 4.6308 4.5081 3.7831 4.1165 4.2106 4.2298 4.3867 4.85 4.6225 5.0412 5.2522 5.4848 5.5085 5.5688 5.649 6.4539 6.5743 6.6648 6.729 6.773 6.8026 7.6712 7.7052 8.8702 8.9308 8.9795 9.342 9.3973 11.3187 14.4635 14.515
2.3544 2.3501 2.3451 2.3395 4.1268 4.1622 6.3094 6.3964 6.4932 12.3558 20.1836 20.5236 20.9411 18.9828 18.8456 18.6763 17.1609 16.8014 10.8794 10.4943 3.3793 3.394 3.8135 4.6426 4.5258 4.3008 4.641 4.6976 4.7548 5.2782 5.3995 6.4592 6.5512 6.5121 5.1463 5.018 4.849 4.4962 4.3573 4.0955 4.2106 4.2392 4.6266 4.801 4.8656 5.0366 5.2179 5.3946 5.4007 5.5042 5.6474 6.4755 6.6284 6.7285 6.7909 6.8286 7.6782 7.7175 8.8874 8.9564 9.01 9.3871 11.9728 14.4306 14.4976 14.5522 14.5969
2.3592 2.3549 2.3496 2.3436 2.3366 4.138 3.9929 6.3497 6.4573 6.5761 20.0082 20.3866 20.9608 21.0473 18.9667 18.7792 18.5483 16.889 10.9925 10.5435 3.38 3.3991 3.8219 4.6301 5.2519 4.9112 4.6067 4.6774 4.7485 5.2075 5.3498 6.4368 6.5563 6.5685 6.1012 5.1386 4.9051 4.4792 4.29 4.0611 4.1556 4.2494 4.6022 4.6321 4.8048 5.0331 5.0354 5.276 5.1428 5.4033 6.2686 6.5665 6.738 6.8308 7.6354 7.701 8.822 8.9258 9.0027 11.8503 11.947 14.3871 14.4776 14.5489 14.6054 14.6504 14.6864
2.3649 2.3604 2.355 2.3485 2.341 4.1085 4.1559 4.7133 6.4108 6.5454 13.0317 20.2052 20.6867 21.0908 19.1229 18.918 18.6524 17.0143 16.4743 10.6183 3.3804 3.4063 3.4243 4.616 5.2224 4.5139 4.2671 4.6494 4.7397 5.8892 5.272 6.3967 6.5557 7.4418 7.2026 6.1032 5.0096 4.4528 4.1857 3.8416 4.1353 4.2599 4.5621 4.5917 4.7044 4.9204 4.9864 5.4666 4.4103 5.7576 6.4683 6.7823 7.5549 7.6869 7.7584 8.8854 9.0031 11.7663 11.9132 14.3278 14.4558 14.5522 14.6254 14.6813 14.7241 14.7571 14.7826
2.3714 2.367 2.3614 2.3546 2.3465 2.3369 4.1231 4.6829 6.3504 6.5033 12.8967 19.9641 20.5117 21.1355 19.3249 19.107 18.8032 17.1952 16.5411 10.7277 3.3793 3.4163 3.4421 5.2963 4.5482 5.1359 4.8606 4.6092 4.7268 5.8005 5.2333 6.3258 6.5423 7.4108 7.2547 7.2154 5.2186 4.4026 3.9689 4.0572 4.269 4.6269 4.5754 4.5769 4.7473 5.0418 4.9547 5.9316 6.5537 6.4657 7.0418 7.6941 7.8458 7.8927 10.0957 11.6248 11.8691 12.0345 14.4363 14.5724 14.6694 14.7391 14.7894 14.8257 14.852 18.0178 18.0512
2.3789 2.3747 2.3691 2.3621 2.3533 2.3428 2.3305 3.9601 4.7184 6.4454 7.417 13.0398 20.2645 21.1747 21.371 19.3661 19.0251 22.213 16.6535 15.7845 10.0838 3.4297 3.4703 5.2342 5.2042 5.0661 4.4519 4.8845 4.7072 5.5719 5.7591 5.404 6.5054 8.0973 7.7843 7.3861 6.2554 4.3895 3.7637 3.8701 4.3575 4.9034 4.7819 3.9987 4.9688 6.4157 7.0117 7.9007 8.1749 7.7441 8.6526 9.4677 9.9397 10.2357 12.3497 12.6294 14.4365 14.637 14.7675 14.8525 17.1333 17.1685 17.1932 18.0475 18.0868 18.1173 18.1408
2.6054 2.3837 2.3784 2.3712 2.3619 2.3504 2.3365 3.9137 4.6765 6.3654 7.3762 12.8429 19.9153 20.7655 21.4793 19.7227 19.357 22.3401 16.84 15.7178 10.4346 3.4454 3.5163 4.7613 5.0858 4.9529 5.3419 4.848 4.6779 6.7868 6.3058 6.7392 7.5084 8.1422 7.4582 7.8535 7.4912 5.064 3.5475 3.7508 4.9564 5.4452 5.2336 6.6455 6.8728 8.2117 10.3366 10.316 9.4622 9.7833 9.648 10.3713 12.2243 12.7602 14.5302 16.8743 17.0458 17.1472 17.2084 17.2457 17.2684 17.2819 18.1486 18.1815 18.3482 18.3655 19.2508
2.6111 2.6074 2.3894 2.3824 2.3728 2.3603 2.3447 2.3261 4.619 4.7367 6.5257 7.3584 13.0749 20.414 24.1464 21.9713 19.8608 22.6211 21.3479 15.6438 10.3031 3.4559 3.592 6.4677 4.9271 4.7902 5.0685 5.4342 4.9407 6.3779 6.247 6.3585 7.6824 8.6465 7.1795 5.9063 8.2813 6.7288 4.9507 6.9732 7.842 8.92 8.2787 10.7411 11.6965 10.4864 12.7607 13.8225 12.7032 12.7671 14.4787 14.922 15.3721 17.0035 17.2349 17.3475 17.3983 17.4176 17.421 17.4164 19.9107 19.9348 19.952 20.896 21.8604 21.8817 21.8988
2.6178 2.6144 2.6097 2.3961 2.3866 2.3734 2.356 2.3342 3.879 4.6763 4.8445 7.303 12.7676 19.8709 23.8343 22.2707 20.629 23.1993 21.4619 16.0925 13.5365 6.0945 3.7096 6.5787 4.4722 4.2762 4.2443 5.3696 5.6077 5.5828 5.0825 6.156 9.2088 9.9377 10.7517 8.1767 9.6155 12.2354 12.6929 11.0543 11.3276 14.2159 13.9623 12.6564 14.9684 15.2456 14.7259 15.3633 16.0177 17.0267 17.727 17.689 18.9663 17.9584 17.8993 17.8242 17.7507 19.8746 19.9258 20.8462 20.8807 20.9052 21.8018 21.8799 21.902 21.9191 21.9323
2.6255 2.6228 2.6186 2.6124 2.4041 2.3907 2.3716 2.3463 3.7796 4.586 4.7907 7.2048 12.3196 13.1932 23.2869 24.6872 24.2572 24.3507 22.0138 15.7256 12.9807 9.2615 6.6669 6.9222 5.7524 3.2509 2.7608 5.7017 5.9597 3.5937 6.0619 10.2827 13.5273 14.3642 18.5181 18.5669 14.8905 18.7363 18.2556 19.4569 19.3758 15.8765 16.4949 17.0538 16.4817 17.688 18.1234 17.7487 18.249 18.4655 18.5677 19.2175 19.284 19.3274 19.8022 19.8649 20.7481 20.8337 20.8893 20.9251 21.7993 21.8814 21.9107 21.9322 21.948 22.6031 22.6095
2.6343 2.6326 2.6294 2.624 2.6157 2.4135 2.3935 2.3646 2.3261 3.8155 4.6966 7.0324 7.5373 12.6785 22.3439 24.1222 25.0985 23.9586 23.8235 17.8058 10.4096 7.2778 6.8985 7.4833 6.364 3.9344 3.2899 7.5075 8.4884 10.45 19.0007 20.7225 21.569 21.5982 26.2463 26.2745 26.0696 22.5035 22.916 22.1723 22.4024 22.2449 19.1261 18.136 19.1182 20.9271 19.5383 19.0311 19.2132 19.3498 18.6978 19.4833 20.1261 20.4075 20.6529 20.8173 20.9171 21.6224 21.8075 21.8468 21.9324 21.959 22.6008 22.6109 22.6182 22.6234 22.6272
2.6441 2.6439 2.6423 2.6384 2.6312 2.6192 2.4241 2.3922 2.3453 3.6338 4.5338 6.7296 7.3914 11.9059 15.3998 22.8873 26.9196 31.0267 28.9925 18.8969 5.4158 6.4909 12.63 10.8473 5.9392 5.1332 6.2533 10.1101 15.4708 20.2162 23.4731 25.044 28.7599 29.3339 27.8017 29.8673 30.0209 28.4106 26.6555 24.1095 24.0196 23.9708 24.3928 22.7071 21.5886 20.3888 21.6101 20.5047 20.6963 20.5429 20.5221 20.4589 20.6496 21.2156 21.5287 21.6673 21.7296 21.9069 22.5819 22.598 22.6159 22.6274 22.6347 22.6395 22.6425 22.6444 22.6455
2.8141 2.6565 2.6573 2.656 2.6513 2.6411 2.6226 2.4343 2.3787 2.2963 4.2599 4.7367 7.0447 9.5744 11.2826 18.0273 25.326 32.0125 39.0297 29.9676 5.3071 7.2119 18.97 19.1397 10.153 6.2304 11.6563 17.1216 21.3865 25.385 28.9318 29.4116 30.2046 31.4019 31.5028 30.9539 31.0665 30.7864 30.6626 29.3776 27.4725 25.8118 25.2528 25.8827 24.8368 23.1083 22.5433 22.736 22.3468 21.0711 21.2126 22.0422 22.1308 22.2077 22.4459 22.5058 22.5308 22.5997 22.6549 22.6637 22.6678 22.6693 22.6693 22.6684 22.6671 22.6655 22.5111
2.8195 2.8201 2.8199 2.6767 2.6765 2.6706 2.6546 2.6235 2.4372 2.3252 2.5968 4.2089 6.2087 9.2672 11.1504 15.8783 21.2637 30.2839 35.4628 40.6966 30.0024 15.3662 25.6147 21.4341 16.4189 12.6691 16.4829 21.0985 28.848 31.0777 33.5609 35.284 35.1946 35.6278 35.112 34.1023 33.4181 32.5946 30.3192 31.6736 29.6676 28.4037 26.5605 26.5944 25.311 24.5265 23.9307 23.0471 23.0298 22.3086 22.199 22.8258 22.8128 22.783 22.7418 23.0316 23.0307 23.0303 23.1088 23.108 23.1077 23.1076 23.1076 22.5408 22.5194 22.5023 22.4887
2.8252 2.8273 2.8293 2.8307 2.8303 2.7096 2.7006 2.6705 2.6169 2.3862 2.4375 3.3679 3.795 8.1592 11.4342 14.5948 17.7594 19.295 32.7228 41.3617 43.3304 34.5374 23.1398 21.6524 17.8643 16.8848 23.8493 27.7032 32.8676 36.5217 40.6869 41.3853 40.1732 41.2651 38.9991 37.6455 35.2864 34.7542 33.3254 31.5031 29.9051 28.469 27.4199 26.2177 25.5624 24.5556 24.1706 23.6616 22.9995 22.5588 22.7643 22.7532 22.8851 23.0038 23.0802 23.1146 23.1103 23.1076 23.1063 23.1059 23.1059 22.5616 22.5301 22.506 22.4876 22.4736 22.4628
2.8308 2.8346 2.8391 2.8445 2.8505 2.8554 2.85 2.7391 2.6766 2.5103 2.0491 2.0258 2.4959 5.9865 9.8228 13.6515 17.0276 19.6582 28.1147 39.7353 42.8278 32.4526 29.5203 23.8244 19.0186 17.2734 33.1489 39.0591 42.6041 40.5779 42.5443 45.3922 41.216 39.5724 39.5384 38.4087 35.5733 34.59 32.8136 31.2611 29.3228 27.6344 26.7541 25.9145 25.1916 24.3951 23.9516 23.6976 23.0891 22.8772 22.9729 23.0734 23.212 23.2844 23.1406 23.1119 23.1043 23.1026 23.1026 22.5945 22.5442 22.5079 22.4819 22.4634 22.45 21.7772 21.7584
3.0572 3.0549 2.8481 2.8575 2.8711 2.8923 2.9284 2.9737 2.7718 2.4325 2.1215 1.8617 3.0534 6.0794 8.4056 10.8232 14.0623 19.6997 26.9004 34.451 39.0147 39.945 34.0665 32.5699 25.4413 25.4285 36.6514 46.7139 45.201 40.889 42.3031 41.6678 41.763 39.8416 37.2607 36.8842 35.6555 32.5258 31.7859 29.2982 28.0924 26.8335 25.8257 24.7583 24.2362 24.1159 23.6434 23.3524 23.021 22.8648 22.8721 22.9193 23.1356 23.1347 23.104 23.0871 23.0912 23.0952 22.5643 22.5031 22.4637 22.4388 21.2329 21.1946 21.1669 21.1465 21.1312
3.0655 3.065 3.0645 3.064 3.0644 2.9151 2.9766 3.1228 3.059 2.6389 2.3449 2.2928 1.5453 3.8041 7.1055 10.8123 13.1655 13.1831 18.691 32.104 37.1962 40.5263 28.444 26.1595 28.5201 23.0917 26.4078 34.2854 43.0176 36.9664 35.6225 39.7839 40.4395 36.7443 35.5648 33.038 32.1615 30.0515 28.626 27.6415 26.8492 25.3602 24.5281 24.1816 23.3535 23.0599 23.1827 22.8896 22.7628 22.6756 22.6409 22.6045 22.4277 22.9138 22.9316 22.8739 22.3604 22.197 21.5674 21.4789 21.2277 21.1762 21.1421 21.1191 21.1034 21.0924 21.0848
3.074 3.0755 3.0775 3.0804 3.0845 3.0907 3.0988 3.0969 3.0348 2.943 2.7062 2.3351 1.826 1.7722 4.0392 8.6873 10.8474 8.9252 10.9909 18.2992 32.1658 34.6801 20.2595 19.988 22.6455 20.4886 20.4889 24.4313 30.4822 41.9129 31.303 29.0786 34.7118 34.652 31.7272 29.4705 29.1681 27.7941 27.0961 25.8011 24.6984 24.1136 22.886 22.7639 22.5967 22.3845 22.1952 22.2052 22.0342 22.1795 22.2268 21.8658 21.7305 21.9532 22.1003 21.7532 21.599 21.3845 21.1528 21.099 21.0687 21.0517 21.0425 21.0379 21.0361 20.4596 20.4554
3.0823 3.0857 3.0903 3.0965 3.105 3.1307 3.1329 3.1263 3.0735 2.8917 2.7932 2.5415 1.8812 1.5054 1.5971 6.1882 8.5771 9.1398 11.6167 15.5797 19.206 20.5129 18.8103 18.0862 18.0251 18.5279 18.1953 20.1264 21.5184 25.072 27.0809 24.8618 24.7884 28.8378 29.2379 27.2292 25.4117 24.8981 24.2342 23.4748 23.0071 22.209 21.7026 21.6022 21.4549 21.4346 21.6054 21.4273 21.2011 21.3744 21.3861 21.2917 21.3166 20.948 20.5572 20.5178 20.5621 20.4376 20.4558 20.8789 20.9034 20.9239 20.3511 20.3513 20.3523 19.8272 19.827
3.09 3.0951 3.219 3.1273 3.1341 3.1452 3.1678 3.2493 3.421 3.1818 2.7844 2.6165 2.0079 1.5379 2.0384 3.6476 6.133 8.1882 11.5226 14.7982 20.5361 24.0692 22.6497 18.1293 17.9997 18.1052 18.207 18.463 20.182 20.9551 21.6297 22.5507 23.1324 24.6201 25.0898 23.6227 23.7005 22.8539 21.9004 22.0591 21.617 21.3201 21.1066 20.7179 20.7941 20.8202 20.8626 20.8398 20.8897 20.639 20.5703 20.5439 20.6443 20.6321 20.0344 19.9686 20.0486 20.078 20.0969 19.9586 19.8292 19.8283 19.8276 19.8272 19.8269 19.8267 19.8267
3.2224 3.2249 3.2286 3.2341 3.243 3.2586 3.2273 3.2724 3.3507 3.2121 2.9118 2.6143 1.8103 1.7697 2.0949 2.2375 3.9393 4.8461 6.9349 11.9444 19.7823 28.1054 25.4825 24.2474 20.2777 18.4145 18.5129 18.7623 19.078 20.0836 20.1912 20.4449 21.2447 22.394 22.2896 22.2116 21.6301 21.4613 21.377 20.9428 20.6057 20.6014 20.5966 20.2267 20.1524 20.4708 20.3833 20.3235 20.2691 20.2439 20.1237 19.9443 19.8859 20.018 19.8403 19.8866 19.9081 19.8377 19.8309 19.8291 19.8279 19.8271 19.8266 19.8264 19.8264 19.8264 19.8264
3.2279 3.2317 3.237 3.2447 3.2083 3.2245 3.2504 3.2689 3.2779 3.3584 3.0364 2.2532 1.9851 1.8577 1.5172 1.3767 2.2766 4.1685 5.9387 7.0261 9.114 27.8153 26.5737 28.3974 21.8279 18.7819 18.8756 18.9497 19.0707 19.2831 19.7231 19.8317 20.3327 20.475 20.9302 21.2708 20.9477 20.8022 20.7307 20.5585 20.3259 20.1792 20.1076 20.0559 20.0264 20.0358 20.0661 20.0392 19.9826 19.9882 19.8743 19.8769 19.8443 19.8377 19.8377 19.8377 19.8377 19.8377 19.8288 19.8269 19.826 19.8257 19.8257 19.8259 19.826 19.8169 19.8168
3.2327 3.2373 3.1929 3.2421 3.3355 3.3357 3.3338 3.3274 3.3164 3.2687 3.067 2.492 1.9833 1.9393 1.3075 0.5451 1.7685 3.7436 6.0289 5.2982 7.2468 14.2305 20.337 21.495 18.6165 18.8061 19.0001 19.054 19.1733 19.2684 19.2996 19.5852 19.7998 20.2038 20.2851 20.4827 20.7198 20.4979 20.2203 20.165 20.2077 20.1439 20.0472 20.0207 19.9928 19.9752 19.9781 19.9852 19.9586 19.8753 19.8484 19.8455 19.8377 19.8377 19.8377 19.8377 19.8337 19.8283 19.8255 19.8246 19.8246 19.825 19.8254 19.8167 19.8166 19.8165 19.8164
3.3304 3.3313 3.3322 3.333 3.3334 3.3566 3.3517 3.2509 3.2562 3.153 3.0951 2.6692 2.1562 1.901 1.6459 1.2581 1.2481 4.1307 4.8683 5.8875 8.3167 12.3012 15.1437 17.1277 18.568 18.7497 19.0047 19.0564 19.0754 19.2353 19.2787 19.3715 19.5097 19.8233 20.0064 20.0908 20.1508 20.148 20.0832 20.0431 20.0517 20.0318 20.0271 20.0271 20.0172 19.9829 19.9764 19.978 19.9284 19.8488 19.8377 19.8377 19.8377 19.8377 19.8377 19.8377 19.8272 19.8211 19.8209 19.8223 19.8237 19.8245 19.8162 19.8162 19.8161 19.8161 19.8161
3.3551 3.355 3.3545 3.3534 3.3514 3.348 3.1365 3.1436 3.1554 3.1534 3.4311 2.8533 2.1698 1.8195 1.6477 1.2492 1.2356 3.6737 4.6558 5.7946 7.3824 11.3214 15.9642 15.2202 18.0075 18.6207 18.763 19.0408 19.1081 19.2049 19.2844 19.3878 19.5183 19.6624 19.808 20.0278 20.0361 20.033 20.0391 20.0304 20.0271 20.0271 20.0271 20.0271 20.0271 20.012 19.9922 19.9992 19.9319 19.8462 19.8377 19.8377 19.8377 19.8377 19.8377 19.8372 19.8109 19.8084 19.8175 19.8216 19.8158 19.8158 19.8159 19.8159 19.8159 19.8159 19.7911
