normal_rasters/0772100000296854.ascii
ncols 52 
nrows 46 
xllcorner 158241.247009
yllcorner 383894.598999
cellsize 0.25
nodata_value -9999 
39.8923 39.8651 39.8349 36.9386 37.1296 36.2375 36.2375 33.4658 34.6367 34.6713 34.7103 34.7539 34.8021 43.2594 43.3434 43.7553 47.4977 47.9978 47.999 48.0004 48.0022 47.8996 48.0056 48.1273 48.0241 48.4043 48.2737 48.2877 48.0866 48.3686 48.3813 48.3927 48.4015 48.2838 48.2729 48.2605 48.248 48.236 48.2252 47.7036 47.6866 47.0217 47.0112 46.9131 46.8864 46.8642 45.6064 45.5889 45.2824 45.2721 45.2634 45.2561 
39.916 39.8882 39.857 39.8222 36.9212 37.1252 36.2343 33.4806 33.4572 34.6466 34.6875 34.734 34.7861 33.2506 43.2707 43.3732 47.4835 47.9966 47.9978 47.9993 48.0012 48.0035 47.9022 48.0048 48.0243 48.0235 48.2666 48.283 48.0884 48.112 48.388 48.4028 48.4138 48.2963 48.2817 48.2655 48.2495 48.235 48.2223 47.6991 47.0393 47.0222 46.9198 46.8875 46.861 45.6075 45.5869 45.2797 45.268 45.2584 44.2306 44.0483 
41.6179 39.9145 39.8825 39.8464 39.806 36.8986 36.2308 36.2302 33.4729 34.617 34.6596 34.7087 34.7648 34.828 37.1875 43.2899 43.6787 47.4911 47.9963 47.9979 47.9999 48.0024 47.9033 48.009 48.0031 48.0234 48.3961 48.2751 48.0885 48.1194 48.3963 48.4166 48.4308 48.312 48.2917 48.2699 48.2494 48.2317 47.7144 47.0623 47.036 46.9279 46.8879 45.6203 45.6079 45.5836 45.2755 45.2623 45.2518 44.2303 44.0483 44.037 
41.6285 41.6168 39.912 39.8748 39.8327 37.5521 34.3442 36.2258 36.225 33.4617 34.6255 34.677 34.7369 34.8058 33.3034 37.2554 43.3215 43.7681 47.5023 47.9959 47.998 48.0007 48.0042 47.9078 48.0081 48.0235 48.0216 48.2622 48.2921 48.1263 48.407 48.4365 48.4551 48.3323 48.3024 48.2723 48.246 47.7353 47.0937 47.0538 46.6976 46.8869 45.6247 45.6072 45.2883 45.2691 45.2543 44.2303 44.0485 44.0484 44.0375 44.0389 
41.6406 41.6287 41.6149 39.9081 39.8644 39.8146 37.5288 34.3371 36.2193 33.4818 33.4457 34.6374 34.7007 34.7752 33.291 33.3841 42.8644 43.3729 47.4775 47.9935 47.9955 47.9983 48.0021 48.0072 48.0155 48.0055 48.0206 48.3775 48.2769 48.1297 48.1976 48.4673 48.2959 48.3585 48.312 48.2696 47.7656 47.1385 47.0777 47.0119 46.8834 45.6286 45.6043 45.2817 45.2594 44.2305 44.2297 44.0486 44.0484 44.0383 44.0398 44.0411 
41.6543 41.6424 41.6284 41.6122 39.902 39.85 39.7904 34.3788 34.3266 36.2107 33.4667 34.5883 34.6542 34.7339 34.8288 33.3754 37.2922 42.692 43.1611 47.4903 47.9921 47.9948 47.9989 48.0048 47.9166 48.0154 48.0202 48.0139 48.247 48.1221 48.2301 48.5207 48.3694 48.3913 48.3144 47.8134 47.4174 47.1112 47.0184 45.695 45.6304 45.5971 45.2702 45.2443 44.2297 44.2289 44.0487 44.037 44.0392 44.041 44.0424 44.0435 
41.67 41.6583 41.6442 41.6275 41.608 39.8929 39.8301 37.5423 34.3751 36.2028 36.1992 32.1327 34.5949 34.6788 34.7819 33.3553 33.493 37.4337 42.7503 46.851 47.9466 47.9899 47.9937 48.0002 48.0103 47.9316 48.0114 48.0083 47.8812 48.0837 48.2599 48.6307 48.5036 48.4199 48.0922 47.481 47.1616 47.0222 45.7171 45.6265 44.8585 45.2501 44.23 44.2286 44.049 44.0487 44.038 44.0406 44.0425 44.0441 44.0452 44.0461 
41.6878 41.6765 41.6626 41.6458 41.6257 41.6019 39.8792 39.8023 37.5032 34.3676 36.188 36.1835 32.1455 34.606 34.716 34.8539 33.4789 33.6634 42.7399 43.1118 46.8672 47.943 47.9859 47.9918 48.0036 47.9373 48.0373 47.9927 47.9698 47.9712 48.229 48.9325 48.7666 47.8535 47.5943 47.2342 47.0169 45.7402 45.6074 44.8297 44.2359 44.2284 44.2267 44.0491 44.0488 44.0394 44.0424 44.0447 44.0463 44.0475 44.3071 44.3306 
41.7078 41.6974 41.6841 41.6675 41.6471 41.6223 41.5927 39.8587 39.7625 37.1646 34.354 36.1671 32.1353 28.1742 34.6248 34.7747 33.4422 33.6656 38.6441 42.8506 46.7039 47.3363 47.746 47.9778 47.9879 48.015 47.9892 48.0343 47.7696 47.643 48.063 48.4649 48.0689 48.0064 47.3527 46.3677 45.8038 45.545 43.8124 44.2291 44.2252 44.2235 44.0492 44.0489 44.0415 44.0451 44.0476 44.0494 44.3066 44.3078 44.3316 44.3281 
43.1627 41.7212 41.709 41.6932 41.673 41.6476 41.6164 41.5789 39.8276 37.5177 34.4406 34.3299 36.1364 32.1478 28.2577 34.6579 33.3698 33.6385 33.9653 38.8971 43.0845 46.7151 47.3484 47.7473 47.8712 47.9778 48.0756 48.127 47.8639 47.5068 46.7878 46.4658 46.1302 46.9295 46.3867 45.6681 44.787 43.8296 44.2238 44.2188 44.0496 44.0495 44.0387 44.0449 44.049 44.0518 44.0536 44.3075 44.3087 44.5725 44.329 44.1224 
43.1793 43.1707 41.7377 41.7234 41.7042 41.679 41.6468 41.6066 41.5576 39.7798 36.7398 34.4369 36.1085 32.1272 28.2098 28.3782 34.719 33.5582 33.9758 38.797 41.3415 46.1333 46.7509 47.7327 47.7455 47.8085 48.0383 48.2557 47.7374 47.2094 46.6736 45.9904 45.4093 45.427 44.8477 44.2503 43.8729 43.7886 44.2038 44.0499 44.0502 44.0426 44.0503 44.0552 44.0581 44.307 44.3088 44.5691 44.3295 44.3303 44.1055 43.8896 
43.1979 43.1908 43.1812 43.1682 41.7416 41.7178 41.6856 41.6434 41.5897 39.8813 38.9707 36.7022 34.421 36.0415 32.1311 28.3064 28.5696 33.3858 33.9068 34.6233 41.32 44.6966 46.1539 46.6025 47.5464 47.67 47.8845 47.4924 47.2705 46.9826 46.2079 45.3184 45.0821 44.5551 44.7324 44.011 43.875 43.9324 44.0518 44.0527 44.0503 44.0598 44.065 44.3061 44.309 44.5634 44.3303 44.3315 44.3322 44.0629 43.8881 43.7003 
43.2184 43.2134 43.206 43.1952 43.18 41.7652 41.735 41.6924 41.635 41.5606 39.8266 36.8013 36.6351 31.1083 30.6665 28.1728 28.4483 31.0558 33.6737 34.652 38.4724 42.1248 44.4793 46.3743 46.9105 47.3803 47.1283 46.7483 47.137 46.7948 45.8624 45.3468 44.9186 43.7825 43.6684 43.6866 43.8971 44.0785 44.0663 44.0665 44.2827 44.2875 44.3091 44.5526 44.555 44.3336 44.3345 44.3214 44.11 43.8858 43.7 43.6987 
43.7405 43.2384 43.2339 43.2263 43.2145 43.1965 41.797 41.7572 41.6986 41.6165 41.5083 39.0335 36.7666 31.5664 30.9575 25.5822 28.1837 28.6911 33.1588 34.3487 36.7682 42.3239 42.8687 45.152 46.3326 47.0478 47.0098 46.9332 46.8826 46.5541 46.123 45.4365 44.7034 44.4899 43.9806 43.9202 44.6925 44.1334 44.2606 44.2796 44.4865 44.4936 44.3722 44.3803 44.3392 44.4654 44.1418 44.1315 43.7018 43.6996 43.698 43.7702 
43.7677 43.7607 43.7577 43.2617 43.2547 43.242 43.2209 41.8418 41.7871 41.7013 41.5764 41.4096 38.9788 36.6851 31.5743 29.4092 25.7091 27.9672 28.2942 33.7088 35.9953 45.1349 40.0762 40.9776 45.393 45.579 46.741 46.8978 46.4381 46.2441 46.0256 45.6878 45.2064 44.8481 44.4917 44.1382 44.0627 44.0428 44.3695 44.4366 44.3663 44.3819 44.4514 44.4689 44.4654 44.1413 44.1281 43.7019 43.699 43.697 43.7699 43.7729 
44.6955 44.6985 43.7932 43.7869 43.3003 43.2956 43.2834 43.259 41.9087 41.8289 41.6927 41.4861 41.2128 37.0116 36.4737 31.4054 26.9963 25.5414 26.0278 29.9619 33.2274 33.4213 36.2612 36.555 40.0995 43.8579 44.9806 46.514 46.4149 46.0529 45.73 45.6931 45.3072 44.9601 44.9053 44.6039 44.4139 44.3159 44.4063 44.3997 44.4578 44.5747 44.4712 44.3384 44.3257 43.9299 43.7578 43.6981 43.7648 43.7696 43.7734 43.7763 
44.6976 44.7012 44.7052 44.7098 44.715 43.829 43.3572 43.3491 43.3231 43.2635 41.8895 41.6475 41.2698 39.2224 37.0387 34.3826 29.9455 29.4436 13.944 13.4859 21.0175 28.0574 32.1335 34.8918 36.4272 40.0467 42.5114 46.1338 46.2773 45.8593 45.6103 45.2916 44.9552 44.9498 45.0345 44.6778 44.5612 44.5159 44.4885 44.559 44.5777 44.4769 44.3407 44.1605 43.9277 43.7575 43.6965 43.7627 43.7694 43.7743 43.7779 43.7805 
44.6993 44.7033 44.7081 44.7136 44.7202 44.728 44.7372 43.9057 43.4613 43.4422 43.3607 41.9781 41.4792 40.7215 39.0545 35.4178 32.2984 31.9393 21.2309 7.6545 11.4935 20.3435 27.6188 31.9922 35.1427 37.2857 40.4985 43.9927 45.8819 45.8647 45.5332 45.2023 45.1908 45.2076 45.3484 45.0547 44.6372 44.6039 44.6064 44.611 44.5537 44.3984 44.1648 43.7694 43.7567 43.6292 43.7594 43.7691 43.7759 43.7805 43.7836 43.7855 
44.7004 44.7049 44.7101 44.7165 44.7242 44.7339 44.7462 44.7621 44.7824 44.8073 43.6947 43.5851 42.0855 40.9625 39.4717 37.7086 31.9685 29.477 24.366 16.8966 11.9659 14.272 22.3568 26.8956 31.0934 35.8621 38.2573 40.6969 44.3796 45.5363 45.5687 45.2909 45.2591 45.3979 45.4101 45.329 44.8525 44.7232 44.7485 44.6248 44.4165 44.1706 43.9079 43.7544 43.6277 43.7537 43.769 43.7789 43.7849 43.7885 43.7904 43.7914 
44.78 44.7056 44.7111 44.718 44.7265 44.7375 44.752 44.7722 44.8016 44.8468 44.919 45.0079 44.5197 42.5609 40.9275 37.7897 33.5487 29.5704 24.6657 15.1617 9.7561 11.1215 17.7714 23.349 28.4014 32.6826 36.8684 38.9725 40.9194 44.015 45.4082 45.4071 45.2669 45.3941 45.492 45.5099 45.1445 44.7999 44.6899 44.5593 44.2355 43.9216 43.746 43.6243 43.7425 43.7694 43.785 43.7931 43.7968 43.7982 43.7965 43.7946 
44.8652 44.8364 44.711 44.7179 44.7265 44.7377 44.7528 44.7742 44.8068 44.8618 44.9716 45.2525 45.4683 44.0789 41.6157 38.8727 35.6775 30.2654 24.7224 15.3557 6.4368 6.5133 9.0183 20.4169 24.9155 31.3281 33.6044 36.8071 39.2088 41.746 44.302 45.2688 45.1848 45.343 45.4415 45.5373 45.379 44.9679 44.6787 44.3837 43.8505 43.6995 43.6121 43.7148 43.7722 43.8002 43.8102 43.8123 43.8087 43.8044 43.7912 43.7868 
44.9252 45.2548 44.8683 45.2509 45.1788 45.1794 45.1797 45.1792 44.8145 44.8548 44.9031 44.9978 44.8182 44.5081 42.5281 40.06 37.4081 32.6889 27.7926 19.4562 13.2364 6.9216 6.8898 11.9242 25.2594 27.1587 32.2527 34.8545 36.9516 40.4743 42.2076 44.3492 45.3556 45.5193 45.3675 45.4275 45.3761 45.2267 44.7387 44.602 44.165 43.5335 43.647 43.7853 43.8503 43.8296 43.812 43.8158 43.8031 43.8081 43.8024 43.7983 
45.2284 45.2369 45.2493 45.2672 45.277 45.2282 45.1714 45.1752 45.178 45.1766 45.1597 44.7284 44.5778 44.2219 42.9445 41.1567 38.9796 37.0711 29.3883 22.9219 18.5989 8.9017 8.5069 8.225 19.358 24.7315 28.5247 33.1424 35.5018 37.6802 41.5276 43.6187 45.2404 45.6231 45.5947 45.5507 45.5135 45.368 44.8514 44.4412 43.899 43.6644 43.8214 44.1122 43.9317 43.8855 43.843 43.8221 43.8104 43.8032 43.7984 43.795 
45.1974 45.201 45.2075 45.2185 45.2361 45.2636 45.3056 45.1646 45.205 45.2198 45.2436 45.2946 45.135 44.4278 43.121 41.5897 39.5749 37.7245 33.7789 28.5884 24.7706 17.7966 11.585 8.8348 14.5297 17.8756 28.44 31.0699 34.7489 37.3587 39.5023 42.9603 44.8348 45.6921 45.8951 45.6118 45.5568 45.4844 45.066 44.5255 43.9222 43.4557 43.715 44.0904 43.8835 43.8157 43.7903 43.8067 43.8 43.7958 43.7929 43.7908 
45.1653 45.1632 45.1628 45.1652 45.1722 45.1867 45.2135 45.2602 45.2185 45.2952 45.3303 45.2543 45.8206 46.0712 44.4834 41.1666 40.1439 39.168 36.7563 33.6092 26.3069 22.2783 13.4423 9.7317 12.519 19.6099 24.2701 29.4376 32.4002 35.9492 38.5453 40.3523 43.7937 45.8392 46.4175 46.0752 45.7119 45.5289 45.3087 44.4584 44.1406 43.6509 43.4493 43.6492 43.7189 43.7444 43.7525 43.7546 43.7547 43.7541 43.7533 43.7524 
45.1334 45.1254 45.1176 45.1105 45.1054 45.1044 44.9439 44.9616 44.9984 45.0731 45.169 45.382 45.152 44.8473 43.3834 41.8962 40.855 39.5392 37.5389 34.3098 32.4102 23.3848 19.2351 12.8647 3.7312 16.3529 20.8084 25.1762 29.7603 34.5105 37.1881 39.9024 41.5105 44.4159 46.4426 46.7574 46.431 45.7568 45.6832 44.9191 44.3323 44.3168 43.9528 43.6276 43.7526 43.8512 43.8943 43.9196 43.9355 43.9462 43.9539 43.9596 
45.1031 45.0895 45.0746 45.0584 44.9039 44.8977 44.893 44.8916 44.898 44.9247 44.9981 45.1013 44.981 44.1785 43.1945 42.021 41.436 39.416 38.2306 35.419 32.0595 29.3171 21.2633 14.0844 5.7109 7.0635 18.4847 20.9985 26.3842 31.8936 36.2684 38.1613 41.3208 42.84 45.7306 46.9409 46.81 46.2879 45.9398 45.3588 44.9382 44.6538 44.3828 43.9001 43.8419 43.8482 43.8596 43.9196 43.9341 43.9446 43.9523 43.9582 
45.0758 45.0575 45.0365 44.8892 44.8773 44.864 44.8493 44.8323 44.8102 44.7921 44.8266 44.9021 44.7709 44.0842 42.1899 42.0984 41.623 41.4303 38.9078 36.7997 33.7407 31.1743 24.9863 17.2211 7.5977 4.5624 7.8098 19.7216 23.7654 27.6556 32.9775 37.6399 38.9904 42.1025 43.9019 46.81 47.0142 46.7484 46.2692 45.6376 45.2582 44.8437 44.4156 44.231 43.9205 43.8946 43.8884 43.8886 43.8909 43.9463 43.9529 43.9583 
45.0526 44.8967 44.8854 44.8722 44.8568 44.8395 44.8208 44.799 44.7583 44.6913 44.733 44.7996 44.8449 44.3173 43.1787 43.0064 42.9501 41.4123 39.8956 38.6853 34.2483 31.9338 28.1045 21.3034 12.4266 6.0119 3.9729 11.7767 21.7875 25.6078 30.507 34.0001 38.4851 41.1299 42.9117 45.5307 46.8436 46.8277 46.7295 45.8336 45.5727 45.2067 44.8693 44.2848 44.2115 44.1741 43.9128 43.9065 43.9042 43.9039 43.9046 43.9597 
44.8981 44.8874 44.8749 44.8603 44.8436 44.8256 44.809 44.8022 44.774 44.6538 44.6534 44.7471 44.7016 44.2816 43.8294 43.9697 44.3212 43.1377 40.6919 39.7283 38.0345 33.202 31.2946 25.5136 16.7032 11.8468 6.4597 6.743 12.8559 22.0731 28.9671 32.9085 34.5232 39.4188 41.8649 43.4773 47.0777 47.1191 46.8066 46.4085 45.916 45.5374 45.168 44.6373 44.2442 44.2093 44.1893 44.0321 43.9159 43.9133 43.9122 43.9118 
44.8922 44.881 44.8682 44.8535 44.8372 44.8331 44.8133 44.8052 44.7997 44.7376 44.6807 44.6985 44.6791 44.6174 44.386 44.4863 44.575 43.9541 43.2346 40.5499 38.7286 37.4353 32.4203 29.0756 25.2591 13.9129 8.988 7.8326 10.8668 18.2905 25.5933 29.902 34.5146 36.4491 40.7929 42.519 45.579 47.1657 47.0031 46.7243 46.3545 45.9105 45.5486 45.1553 44.6077 44.2295 44.2099 44.1975 44.0412 44.0341 43.919 43.9176 
44.8884 44.8774 44.8927 44.8739 44.8538 44.8338 44.8166 44.8062 44.7636 44.7214 44.6949 44.6843 44.6637 44.6121 44.3719 44.4126 44.4221 44.609 44.3828 43.0859 40.1798 37.9316 36.2573 32.251 26.7073 22.3154 13.6687 8.5229 9.0557 14.8368 21.8103 25.685 31.265 35.4133 37.6968 39.9137 44.1117 45.7064 47.0445 46.7969 46.6923 46.3701 45.9065 45.4864 44.6376 44.5931 44.4917 44.211 44.2025 44.0466 44.0408 44.0369 
44.9209 44.9067 44.891 44.8742 44.8568 44.8399 44.8253 44.7465 44.7369 44.7154 44.6948 44.6991 44.687 44.6091 44.3456 44.4208 44.4463 44.537 44.745 44.4294 42.1327 40.1268 37.6091 33.036 25.8417 23.1481 20.0776 9.4337 4.4731 9.1467 14.5966 23.2424 27.1657 30.4935 34.079 36.826 42.1353 45.0356 46.0777 46.8231 46.749 46.4245 45.9512 45.9071 45.4851 44.615 44.5855 44.4926 44.2119 44.2058 44.05 44.0452 
44.9194 44.9063 44.8923 44.8776 44.8629 44.7232 44.7269 44.7262 44.7312 44.72 44.7081 44.6968 44.6845 44.5498 44.5591 44.6307 44.6494 44.5372 44.5031 43.9451 43.3992 41.1289 38.9688 30.8744 24.9803 22.5705 21.093 17.7766 6.1285 4.4069 8.9731 20.2624 26.0214 27.9067 32.0813 33.3309 35.0541 42.5456 45.1053 45.9906 46.7767 46.7335 46.4162 45.9379 45.5139 45.4854 44.6019 44.5129 44.4936 44.2128 44.2082 44.2048 
44.9197 44.9079 44.8955 44.8829 44.7099 44.7127 44.729 44.7269 44.7216 44.7136 44.7043 44.6942 44.6833 44.5579 44.6352 44.6455 44.4887 44.3727 44.31 43.7091 43.4117 41.7009 40.8802 39.1431 33.3906 29.6832 24.7942 20.1309 13.4626 6.1298 4.8018 13.62 21.6723 27.025 29.0751 32.5215 33.1511 39.1881 43.4342 45.8331 46.7901 46.7561 46.7294 46.2566 45.9316 45.5067 45.0905 44.5938 44.5091 44.4945 44.4832 44.2099 
44.9212 44.9107 44.8999 44.7202 44.7215 44.7221 44.7214 44.7189 44.7144 44.7081 44.7005 44.692 44.6827 44.6367 44.643 44.6532 44.3314 44.3031 43.7852 43.6388 43.3616 42.0972 41.7641 40.7012 37.9303 36.0294 30.583 27.5612 20.7104 10.6392 8.0011 10.856 14.6921 24.0398 28.7212 30.0245 32.761 35.1616 39.3263 43.511 45.8313 46.7695 46.7468 46.7293 46.2475 45.9287 45.5026 45.0831 44.5208 44.5067 44.4953 44.4862 
44.9237 44.7142 44.7154 44.7163 44.7168 44.7166 44.7154 44.7129 44.7089 44.7037 44.6974 44.6902 44.6914 44.6414 44.6476 44.3108 44.2951 44.2647 43.6992 43.8588 43.0918 42.6397 42.0062 42.5719 40.3353 37.2069 33.541 28.8344 23.5191 13.2697 9.5197 10.6566 12.8179 18.7885 23.9272 29.7327 30.2246 32.8823 35.3808 39.3768 43.5343 46.7775 46.7585 46.7428 46.266 46.2427 45.8111 45.1036 45.0786 44.5162 44.5051 44.4959 
44.7109 44.7117 44.7124 44.7128 44.7127 44.7121 44.7106 44.7082 44.7047 44.7002 44.6948 44.6889 44.7427 44.6444 44.4965 44.2884 44.2715 44.245 43.8893 43.7408 42.6355 42.6004 42.1253 42.4154 42.1457 40.5072 35.4297 33.3075 26.2497 18.2502 11.9954 9.6295 12.1831 13.3667 18.7698 23.8128 29.9978 30.3081 35.0771 35.4949 43.3649 43.537 46.7663 46.7525 46.7412 46.2579 46.2402 45.8078 45.0956 45.0757 44.513 44.504 
44.7088 44.7093 44.7096 44.7097 44.7093 44.7083 44.7068 44.7044 44.7013 44.6974 44.6929 44.6956 44.7448 44.492 44.283 44.2724 44.2567 43.8987 43.7869 42.6199 42.5952 41.9241 42.1159 42.4732 42.6896 40.9885 38.4408 34.7429 27.1988 20.4298 18.2397 13.2081 12.0192 12.8226 18.0864 21.3328 24.9209 30.1344 34.8906 35.2555 39.1148 43.4066 44.5422 46.7595 46.7493 46.7408 46.2528 46.2389 45.109 45.09 45.0738 44.5106 
44.7069 44.7071 44.7072 44.7069 44.7063 44.7052 44.7036 44.7014 44.6986 44.6952 44.6914 44.6966 44.4887 44.4818 44.2715 44.2613 43.874 43.8123 43.3135 42.5861 41.7688 41.8704 41.9973 42.1277 41.8834 40.6027 39.5109 38.8571 34.4261 25.5219 19.6001 18.5298 12.1382 12.5544 13.0771 18.2692 21.4029 24.8609 30.2094 35.0946 35.3636 39.0879 43.4283 46.7646 46.7554 46.7475 46.2626 46.2495 45.8199 45.1016 45.086 45.0726 
44.7051 44.7051 44.705 44.7045 44.7038 44.7026 44.701 44.699 44.6965 44.6935 44.731 44.7476 44.4809 44.2699 44.2629 43.8711 43.8267 43.3346 42.5774 42.5626 41.7234 41.7903 41.8542 41.6738 41.4929 40.3619 39.7985 39.3578 36.7612 29.5488 20.3314 19.3803 18.7773 12.476 12.8358 17.9698 19.5891 21.4284 24.8129 30.2527 35.2269 35.4309 39.1431 44.4639 46.76 46.7528 46.7466 46.258 46.2474 45.8167 45.0961 45.0832 
44.7034 44.7033 44.703 44.7024 44.7016 44.7004 44.6989 44.697 44.6948 44.7313 44.6978 44.7482 44.4747 44.2632 43.8685 43.8353 43.3474 42.57 42.5578 41.6281 41.6698 41.709 41.5108 41.4453 41.2857 40.2122 39.8803 39.5862 39.3899 29.9176 20.6981 19.9109 19.343 18.7344 12.673 12.978 19.3126 21.0916 21.4332 24.7744 35.1298 35.315 38.9958 40.5492 44.4732 46.757 46.7512 46.2649 46.2548 46.2461 45.8144 45.092 
44.7019 44.7017 44.7012 44.7006 44.6997 44.6986 44.6972 44.6954 44.7316 44.7314 44.7387 44.5124 44.2629 43.8663 43.8407 43.3552 42.564 42.554 42.5427 41.5903 41.6172 41.4008 41.3705 41.2968 41.1671 40.1141 39.8987 39.6952 39.5372 34.9692 25.1617 20.2332 19.7323 19.3629 18.9415 12.8433 17.9706 19.464 21.1673 21.4282 28.3703 35.2285 35.3753 39.0532 40.576 44.4784 46.7549 46.7502 46.2609 46.2525 46.2452 45.0994 
44.7005 44.7002 44.6997 44.699 44.6981 44.697 44.6957 44.7317 44.7315 44.7315 44.5177 44.5075 44.2227 43.8442 43.3602 43.3336 42.5509 42.5415 41.5339 41.5535 41.3226 41.3064 41.2673 41.1978 41.094 40.9609 39.8959 39.7491 39.6248 39.5314 32.4334 23.1672 19.996 19.6562 19.1469 19.0836 19.1123 19.3003 20.9624 21.2134 21.4188 28.3798 35.2988 38.9539 39.0932 40.264 44.4808 46.7536 46.7497 46.258 46.2509 45.8204 
44.6993 44.6989 44.6983 44.6977 44.6968 44.6957 44.7317 44.7316 44.7315 44.7385 44.5129 44.2225 43.8465 43.3634 43.3422 42.5482 42.5404 41.4916 41.5066 41.2642 41.2548 41.2319 41.1913 41.1295 41.0459 40.9451 39.886 39.7761 39.6778 39.5979 34.7702 24.9427 22.8679 19.8696 19.3124 19.2294 19.1843 19.2186 19.4204 21.0427 21.242 21.4075 35.2398 35.35 39.0065 40.4922 40.2851 46.7563 46.7526 46.2625 46.2558 46.2497 
44.6981 44.6977 44.6971 44.6964 44.6956 44.6946 44.7316 44.7315 44.7315 44.739 44.5026 43.8481 43.3655 43.3482 42.5458 42.5393 42.5319 41.4707 41.219 41.2132 41.1989 41.1735 41.1345 41.0807 41.0127 40.9338 39.874 39.7892 39.7105 39.643 34.9409 27.8842 23.1395 22.6958 19.8008 19.3513 19.2924 19.3019 19.3137 20.9079 21.0978 21.2596 21.3957 35.2963 36.6411 39.0453 40.1881 42.7118 46.7551 46.752 46.2599 46.2541 