normal_rasters/0772100000297414.ascii
ncols 116 
nrows 104 
xllcorner 159425.432983
yllcorner 383936.121002
cellsize 0.25
nodata_value -9999 
[rows 0 to 30 of 104, columns 0 to 70 of 116]
30.4868 33.6379 32.9134 35.5582 34.6203 32.3022 28.7972 28.7849 28.4828 28.6969 27.1807 24.4179 26.2359 26.262 27.0551 26.3388 28.8634 28.3751 26.3697 26.375 28.4601 28.5725 28.5683 25.9738 25.8356 22.3881 22.3723 20.4287 20.0758 18.4519 18.2707 18.0327 18.0246 17.832 16.4567 16.4527 16.4484 16.2155 15.8305 15.8255 15.4475 21.2595 27.1844 36.7145 36.9169 36.9208 36.9237 36.9255 36.9259 38.3191 38.255 38.1839 33.9744 26.6852 26.7258 26.9635 27.5621 27.5376 30.8413 32.734 30.4102 36.0361 39.0678 33.819 33.7504 31.8382 32.106 31.4112 32.001 31.9581 31.9162
30.4873 30.4888 32.9079 32.9219 34.6305 32.3104 28.8024 28.7894 28.4855 28.4758 28.6844 27.1587 26.2252 26.2529 27.0509 26.3434 25.2836 29.2486 26.3698 26.3683 26.3713 28.4717 28.5686 25.9757 25.97 25.8086 22.3771 20.4394 20.088 18.4557 18.4491 18.0362 18.0273 17.8357 17.8202 16.4542 16.4495 16.2176 15.8317 15.8261 15.449 15.4466 26.9787 36.6072 36.9273 36.9323 36.9363 36.9391 36.9403 38.3542 38.2831 38.2028 33.7936 31.1803 26.7137 26.7641 27.5759 27.5478 30.7787 32.7005 30.395 36.0175 39.0765 37.2666 33.7846 33.6911 31.8725 32.7676 32.0043 31.9492 31.8948
30.4878 30.4895 33.6389 32.9164 35.5627 34.6153 32.2967 28.7945 28.4887 28.4782 28.6879 27.1647 24.4165 26.2424 27.046 26.3486 26.337 29.2511 28.3685 26.3684 26.3724 28.4654 28.569 25.9779 25.9717 25.8202 22.3828 21.2781 20.4182 18.4601 18.453 18.0403 18.0306 17.8402 17.8231 16.4561 16.4509 16.2202 15.8332 15.827 15.4507 15.448 21.1455 27.3079 36.853 36.9448 36.9502 36.9543 36.9567 36.9569 38.3193 38.2284 38.1267 31.1889 26.6968 26.7554 26.9822 27.5617 27.5247 30.8721 30.3698 35.9881 36.1239 39.0691 33.8335 33.7193 31.8586 32.815 32.0133 31.9405 31.8671
30.4884 30.4901 33.6334 32.9101 35.5563 34.627 32.306 28.8005 28.4923 28.4811 28.6921 27.172 24.4165 26.2303 24.6356 27.0585 26.3424 25.6704 29.2425 26.3685 26.3737 28.458 28.5696 28.564 25.9738 25.8342 22.3897 21.2836 20.4301 20.0694 18.4577 18.4492 18.0346 18.0231 17.8267 16.4583 16.4526 16.3079 15.835 15.828 15.4527 15.4497 15.4464 27.6501 36.7324 36.9582 36.9655 36.9713 36.9753 36.9767 38.3664 38.2632 38.145 33.9132 26.6728 26.7416 26.8192 27.5807 27.5369 30.7846 32.7362 30.5151 36.1075 39.0819 33.9053 33.7642 31.8343 32.1748 32.0338 31.9343 31.8301
30.4889 30.4908 30.4927 33.6406 32.9205 35.5689 32.3168 28.8073 28.7906 28.4845 28.4718 28.6757 24.4165 26.2162 26.2523 27.0532 26.3486 26.3343 29.2451 28.3594 26.3668 26.3689 28.5705 28.5643 25.9762 25.9683 25.7972 22.3742 20.4444 20.4014 18.4632 18.454 18.0394 18.0267 17.8314 17.8091 16.4548 16.31 16.2123 15.8294 15.455 15.4516 15.4478 27.3308 36.5749 36.9726 36.9822 36.9904 36.9965 36.9998 36.9994 38.311 38.1728 33.7575 31.0702 26.7201 26.826 27.6072 27.555 26.0567 32.6677 30.496 36.0745 36.3007 37.2879 33.838 29.261 31.9091 31.4859 31.9367 31.7784
30.4894 30.4915 30.4935 33.6343 32.9132 35.5618 32.3293 32.2997 28.7973 28.4886 28.4748 28.6798 24.4166 24.4145 26.2386 27.0468 29.0416 26.3406 29.2484 28.3629 26.367 26.3704 28.4661 28.5648 25.9792 25.9705 25.8126 22.3818 21.2773 20.414 18.4698 18.4598 18.0454 18.0311 18.0158 17.8123 16.4576 16.4498 16.2154 15.8311 15.4578 15.4539 15.4495 20.9775 27.8245 36.9879 37.0003 37.0116 37.0208 37.0268 37.0284 38.3772 38.2147 32.1861 27.6999 26.6864 26.7977 26.8591 27.5823 26.0759 30.8173 30.4512 36.0127 36.3068 39.0846 33.9653 33.6597 31.8686 31.5935 31.967 31.7027
30.4899 30.4922 30.4944 33.6272 33.6433 35.5534 35.7461 32.3122 28.8052 28.4934 28.4784 28.6849 27.1587 24.4144 26.2223 27.039 27.0638 26.3481 25.6725 29.2366 26.3673 26.3649 28.4564 28.5658 28.5578 25.9732 25.8319 22.3913 21.2844 20.4297 18.7949 18.4669 18.4543 18.0368 18.0193 17.8166 16.4611 16.4523 16.3032 15.8333 15.4611 15.4565 15.4514 15.446 27.4232 36.7656 37.0197 37.035 37.0485 37.0585 37.0633 36.8219 38.2786 32.2298 27.7237 26.6337 26.7721 26.8734 27.625 26.1038 25.7743 30.3558 30.8375 36.2928 36.1135 34.1974 33.7607 31.7731 32.0887 32.0897 31.5878
30.4903 30.4929 30.4954 30.4978 33.6361 35.5436 35.5697 32.327 32.2905 28.7923 28.4829 28.4657 28.6625 24.4144 26.203 26.2519 27.0568 26.357 26.3374 29.2401 28.3496 26.3651 25.278 28.5671 28.5581 25.9766 25.965 25.7779 21.2931 20.4493 20.3864 18.4756 18.4618 18.0441 18.0241 17.8225 16.8641 16.4557 16.3058 15.8363 15.5685 15.4598 15.4537 15.3278 21.021 30.6584 37.0399 37.0605 37.0798 37.0958 37.1059 37.107 38.3769 32.2966 32.372 27.2242 26.7238 26.8875 26.9402 26.147 26.103 30.156 30.8531 36.2385 36.4963 32.817 34.0184 31.5578 32.0315 32.0971 31.4573
29.3171 30.4935 30.4963 30.499 33.6278 33.6477 35.5601 32.3444 32.3052 28.8015 28.4883 28.4694 28.6674 24.4144 24.4117 26.2331 27.0481 29.0424 26.3465 29.2447 28.3541 26.3655 26.3682 28.4698 28.559 25.9808 25.9678 25.7993 22.3782 21.272 20.4025 18.4865 18.4712 18.0536 18.0305 18.0054 16.8648 16.4603 16.3095 15.8402 15.5721 15.4639 15.4565 15.3306 15.3202 24.3147 37.0603 37.0875 37.1148 37.1396 37.1583 37.1659 36.8903 32.4035 32.446 27.1712 26.6341 26.8967 26.9806 27.6456 26.1564 30.3347 30.7734 30.4215 36.5142 36.1807 34.7801 32.8323 31.6662 33.0237 32.2151
29.321 30.4941 30.4972 30.5003 33.618 33.6394 35.5487 35.7474 32.3229 28.8125 28.4949 28.4741 28.6737 24.4145 24.4114 26.2102 27.0371 27.0725 26.3578 25.6765 29.2276 27.0062 26.3627 28.4568 28.5604 28.5482 25.9715 25.8275 25.7197 21.2809 20.4236 18.8121 18.4833 18.0661 18.0392 18.0095 16.8657 16.4664 16.3147 15.8455 15.5767 15.469 15.46 15.3338 15.321 21.1517 36.8332 37.1147 37.1525 37.1902 37.2228 37.2427 37.0154 32.5841 32.1057 29.6396 27.1113 25.9759 27.0283 27.5852 26.2678 25.7056 30.3326 31.3177 36.495 35.1949 35.4543 32.5379 30.3363 29.8308 30.7318
29.3252 29.3252 30.4982 30.5016 30.5049 33.6295 35.535 35.5706 32.3442 32.2942 28.795 28.4801 28.4556 24.4146 24.4112 23.1889 28.636 27.0629 29.0448 25.6894 29.2326 27.0053 26.3632 25.2788 28.5627 28.5487 25.9763 25.9578 25.742 21.2929 20.4513 18.5909 18.499 18.476 18.0514 18.0157 16.8671 16.8633 16.322 16.2945 15.5827 15.4757 15.4643 15.3375 15.3214 15.3064 30.5063 37.1399 37.1909 37.2467 37.3018 37.3447 37.3582 36.9555 32.2064 28.2185 26.9766 23.9144 27.0663 27.3367 26.5836 25.9739 28.6489 32.6798 34.3698 29.4911 37.6519 24.0106 27.1028 20.9408 19.7745
29.3298 29.33 30.4991 30.503 30.5067 33.6177 33.6449 35.5572 32.3699 32.3157 28.8082 28.4877 28.4602 28.6468 24.411 23.1934 26.2247 27.0503 29.0439 26.3576 29.2396 28.3393 26.364 26.3658 28.5663 28.55 25.9828 25.9612 25.7734 21.3095 21.2528 20.3722 18.8273 18.4937 18.0686 18.0251 17.9778 16.8646 16.3327 16.2988 15.5909 15.4847 15.4699 15.3418 15.3211 15.3024 23.766 37.159 37.2252 37.3051 37.3956 37.4822 37.5332 37.2013 32.4743 28.0196 26.7617 22.9092 26.0652 27.593 28.1406 25.6738 24.2897 23.3025 25.2287 20.3599 21.0191 19.3149 18.737 18.9497 19.6163
29.7191 29.3353 29.3354 30.5043 30.5087 33.6036 33.6332 35.5407 35.7494 32.3424 28.8246 28.4974 28.4665 27.0989 24.4109 24.4065 23.1916 27.0338 27.0883 29.049 25.685 29.2123 26.9959 26.3603 28.4636 28.5527 25.9916 25.9662 25.9383 21.7622 21.2628 20.3995 18.6144 18.5184 18.0937 18.0398 17.9796 16.8669 16.479 16.3062 15.6024 15.4974 15.4775 15.3466 15.3192 15.2956 20.6881 31.2374 36.8882 37.3544 37.4966 37.6678 37.8108 37.8417 33.2679 27.6425 24.9794 24.3096 24.3634 30.3064 24.7243 25.1589 22.349 20.2677 20.7282 19.886 18.9566 18.5663 18.1227 17.2164 17.1574
29.7177 29.341 29.3415 29.3413 30.5107 30.5154 33.6188 35.5203 35.5716 32.3754 32.3031 28.7994 28.475 28.4373 24.411 24.4058 23.1975 26.8445 27.0745 29.0484 25.7071 29.22 26.9941 27.8783 25.2833 28.5574 28.5323 25.9736 25.9395 25.6646 21.2786 20.4495 18.6389 18.3422 18.5085 18.0636 17.9845 16.8704 16.862 16.3188 15.6192 15.5164 15.4883 15.3518 15.3143 15.2842 15.2628 21.3696 31.4163 31.6726 37.1614 37.8958 38.3503 38.428 33.7926 22.4556 24.6905 24.4061 20.7735 20.8793 19.7302 19.5904 19.0904 19.4342 18.907 18.5525 18.806 17.1387 16.107 15.2765 14.7874
29.7154 29.728 29.3483 29.3486 30.5128 30.5184 33.6012 33.6406 35.5516 35.7438 32.3373 28.82 28.4864 28.4429 27.0478 24.4052 23.2048 25.5516 27.0549 29.0473 26.3811 25.6741 26.9924 27.8487 26.3567 28.5652 28.5349 25.9847 25.9424 25.7127 21.3045 21.1834 18.67 18.6565 18.5529 18.1035 17.9957 17.8833 16.866 16.3402 15.9126 15.6335 15.5048 15.3563 15.303 15.265 14.7898 20.5424 31.24 31.4341 31.7785 32.5269 34.9503 43.3727 21.9749 17.6581 26.5033 17.924 16.7077 18.4332 18.5912 17.6703 18.3696 17.9326 17.3954 16.9002 16.654 14.7975 14.2379 13.6751 13.474
29.7121 29.726 29.3558 29.3567 29.3565 30.5216 29.8483 33.6228 35.5258 35.7527 32.3812 28.8469 28.5021 28.4513 27.0789 24.4046 23.3653 23.2021 26.8605 29.0454 29.0572 25.7055 29.1821 26.9763 27.8782 28.578 28.5411 26.0016 25.9481 25.8885 21.7537 21.1822 18.8232 18.7025 18.4061 18.1031 18.0209 17.8549 16.8739 16.32 15.932 15.6808 15.5328 15.3566 15.2789 15.2331 14.7852 14.7475 24.4832 31.0637 31.1401 31.1759 30.5517 20.976 14.6545 13.9832 15.0436 15.6548 15.6776 16.0565 16.4964 16.2143 16.085 15.0784 15.3276 15.6717 14.184 14.3829 13.3034 12.3837 12.6546
29.7074 29.7228 29.7397 29.3657 29.3663 30.5251 29.857 33.6001 35.4925 35.5726 32.4381 32.3252 28.8081 28.464 28.399 24.4043 23.3626 23.2123 26.7981 27.1002 29.0572 27.4299 29.1951 26.9715 27.8332 25.4751 28.5539 28.4973 25.9592 25.8784 25.457 21.1901 20.2798 18.8722 18.7544 18.1999 18.0796 17.8128 16.7051 16.3751 15.9607 15.7874 15.588 15.343 15.229 14.8348 14.7646 14.7215 19.6061 23.1989 21.2205 20.9373 19.6595 16.606 12.5458 13.0148 13.3722 14.5885 14.3353 14.3194 14.5474 14.7741 14.4874 14.2793 13.9476 12.9393 13.0051 12.6346 11.4266 11.4108 10.9587
29.5283 29.7178 29.7368 29.3758 29.3775 29.3775 30.5378 33.571 33.6326 35.5395 33.3822 32.3864 28.8447 28.4832 28.4041 26.9811 23.358 23.2256 25.5058 26.9016 29.0566 27.4983 25.6933 26.9666 27.7658 27.8978 28.5784 28.5044 25.9811 25.866 25.5253 21.224 20.8652 18.8969 18.9709 18.292 18.1534 17.7438 16.7576 16.3728 15.9297 16.0398 15.7221 15.3375 14.9435 14.7947 14.7117 14.294 12.6585 11.2544 11.9393 12.3046 12.4897 12.4 12.3888 12.0952 12.222 12.0724 12.9299 12.4081 12.4398 12.8951 12.5132 13.4032 12.3653 11.9739 11.9164 10.5171 10.3819 10.2136 9.6884
29.5097 29.5405 29.7317 29.7554 29.3902 29.3916 30.5439 29.8725 33.6026 35.4941 33.3765 32.4699 28.8961 28.5124 28.4146 27.3963 24.3919 23.3826 25.4706 26.8085 27.3836 29.081 25.772 26.9624 26.9267 27.8241 28.6243 28.5285 26.0259 25.8512 25.6708 23.7481 20.7285 18.897 19.0196 18.8482 18.4328 17.583 16.8888 16.2958 15.7252 15.8358 15.6664 15.0369 14.8267 14.6567 14.6056 13.5193 11.7516 11.2807 11.1514 11.2392 11.2107 11.3731 11.4694 11.0163 10.6935 10.5992 10.801 11.4784 11.052 11.1493 11.523 11.2049 11.162 11.3808 9.745 9.3665 9.2652 9.2273 8.9251
29.4864 29.5184 29.5571 29.7508 29.4045 29.4081 29.4084 29.8872 33.562 35.4312 35.5724 32.584 32.3877 27.1106 28.4348 27.4099 23.2796 23.3777 23.2406 23.889 27.3588 29.0875 27.5248 29.1276 26.9061 27.6926 28.3075 28.5929 28.3838 25.8372 25.5239 23.8914 20.0092 18.8645 18.9452 19.599 20.3782 16.8108 17.2874 16.1894 15.362 15.2313 15.0817 14.5623 14.3958 14.2196 13.5065 12.6795 11.754 11.2914 11.2025 11.0737 10.6047 10.6213 10.6174 10.112 9.7644 10.2786 9.1734 9.1431 10.2962 9.4569 9.4602 10.313 9.895 9.211 9.2866 8.8158 8.2177 8.048 8.1622
29.4576 29.4899 29.5304 29.7422 29.7779 29.4272 29.4305 29.428 29.8923 33.6145 35.5081 33.4882 32.5217 28.9119 28.4729 28.2892 23.3239 23.3688 23.2696 23.8427 26.8717 27.4966 33.1734 25.7955 26.8777 27.4555 27.9092 28.7466 28.447 25.8464 25.2171 24.7409 20.0783 18.7912 18.7276 18.9327 17.0439 16.6519 16.1447 15.2394 15.0134 14.664 14.4568 14.0038 13.7825 13.2999 12.6798 11.7419 11.7572 11.3453 11.4092 11.0354 10.6732 10.6821 9.9703 9.111 8.7906 8.5855 8.7938 8.4689 8.145 8.7622 8.4275 7.9788 8.5342 7.9819 7.6519 7.4516 7.4471 7.2564 7.269
28.67 29.454 29.495 29.5479 29.7694 29.4489 29.4571 29.4584 29.9142 33.5539 35.4105 33.4907 32.8926 29.0423 27.1402 28.2878 27.0919 23.3558 23.4165 25.2087 23.9955 27.4956 33.197 26.1674 26.8434 26.6945 27.6042 28.8011 28.7113 26.0782 24.5465 23.6082 20.3004 18.3964 18.6518 17.5672 17.3012 16.0956 15.8236 15.3632 14.7528 14.4053 13.4009 13.2131 12.8057 12.2415 12.1756 11.9441 11.3893 11.3161 11.5045 10.8419 10.5196 9.8731 8.7749 8.8124 8.246 8.1027 8.1888 7.4001 7.4316 7.2597 7.2726 7.2656 7.2636 6.7504 6.9297 7.0255 7.0695 6.9338 6.7898
28.5965 28.6667 29.4488 29.5026 29.5746 29.8116 29.4889 29.4974 29.9449 29.9154 32.524 35.5651 33.0391 33.7364 27.3018 28.3116 27.0111 23.361 23.4042 23.336 23.9323 29.6585 31.7687 32.3499 28.7593 26.3328 26.0711 29.0587 30.2176 27.4855 21.5882 20.4158 20.2306 18.0057 17.7674 17.1772 16.3226 15.1112 15.5871 14.8786 13.4036 13.2596 13.0582 12.4866 11.9483 11.4627 11.7431 11.3195 10.7946 11.1614 10.7167 10.3673 9.7893 8.993 8.2358 7.946 7.9013 7.2696 6.4181 6.8371 6.6579 6.1548 6.707 6.6837 6.6283 6.3956 6.3118 6.5573 6.541 6.0468 6.4951
26.2163 26.264 28.6612 29.4411 29.515 29.6183 29.5254 29.5477 29.5517 29.9502 32.4126 35.3993 33.3002 33.0035 27.6087 27.1025 26.8837 23.5278 23.4242 23.2398 23.7968 28.8652 32.0163 31.7809 26.5955 25.1821 25.0537 23.6279 24.461 18.6977 17.9857 17.5394 17.447 17.0172 17.1758 17.1599 15.6502 14.6017 13.8394 13.1249 12.5018 12.3247 11.6023 11.1111 11.013 10.2936 9.743 10.383 10.1749 9.9042 9.4711 9.4816 9.066 8.5467 7.9234 7.3757 7.0323 6.402 6.1284 5.9732 5.931 5.9367 6.0027 6.468 6.4285 5.9744 6.2532 6.2274 5.9314 6.0302 5.7031
26.1928 26.2434 26.307 28.6521 29.4294 29.5367 29.6966 29.6106 29.6386 30.009 32.2103 32.4198 33.5359 33.3335 32.0061 27.5293 27.2672 23.7683 23.0094 22.6542 22.5806 24.8239 30.4443 29.8153 22.9503 19.2495 19.5121 18.1711 17.5112 17.6485 17.1987 16.6842 15.9292 15.4956 15.4838 15.4739 14.0 13.2999 12.7927 12.0418 11.7616 10.8546 10.4655 10.3892 9.7485 9.4875 9.1445 9.1428 8.9122 8.8768 9.0164 8.5705 8.2194 8.0993 7.6508 6.9811 6.7256 6.4441 6.0888 5.642 5.629 5.739 5.5974 5.9965 5.8551 5.6737 5.4535 5.4686 5.6153 5.3367 4.8425
26.1583 26.2094 26.2769 26.3656 26.4799 29.4106 29.5802 29.5743 29.7652 29.1866 29.9692 32.4242 30.6846 33.7523 33.1533 28.8952 25.7521 22.9529 25.5745 22.0265 19.3553 22.0344 21.7185 21.2523 17.9921 17.9315 17.547 17.0644 16.4597 16.434 16.0631 16.2324 15.0524 14.0965 13.5299 13.1655 13.1736 12.7683 11.2519 10.5251 10.0928 8.841 8.2011 8.8104 8.2843 8.1673 8.1084 7.776 7.927 8.0356 7.7863 7.7007 7.3978 7.4479 6.9814 7.0281 6.7037 6.1938 5.8855 5.504 5.3245 5.0581 4.9236 4.5515 5.0418 5.0552 4.3885 4.3046 4.2012 3.905 4.0103
26.1111 26.1583 26.2245 26.318 26.4494 26.6291 29.3794 29.6853 29.9347 29.5201 30.118 31.7159 31.0779 32.0001 32.8237 34.5767 25.9994 22.6782 21.7866 20.6169 18.9759 19.2278 19.3322 18.1227 16.8322 17.5896 16.2454 15.8062 15.491 14.9086 15.152 14.6849 14.3339 14.0776 13.3364 13.1004 13.111 10.7391 9.9008 8.8649 8.1406 8.0713 7.5127 7.327 7.4778 6.9508 6.8267 7.1898 6.7239 6.8053 6.8111 6.8171 7.1103 6.5097 6.454 6.6877 5.9825 6.0728 5.8204 5.2428 4.9625 4.7531 4.2773 3.5209 4.0179 3.925 3.3753 3.2563 3.1654 3.3184 2.9823
26.0626 26.1011 26.1438 26.2305 26.3663 26.5779 26.893 29.339 29.5953 30.0744 30.5085 28.0707 30.3123 35.3173 27.1755 27.0849 21.7892 19.6244 18.9286 18.7587 18.1947 17.7631 17.2065 16.4012 16.3914 15.3874 14.4946 14.5526 14.616 14.3337 13.8407 14.178 13.8407 12.748 12.7945 12.5544 9.8608 9.0762 9.1731 7.8915 7.1475 6.9027 6.8657 6.5781 6.0975 6.1368 6.101 5.4401 5.4426 6.0274 5.9909 5.7977 5.546 6.1633 6.1545 5.875 5.6609 5.6405 5.2998 4.6692 4.5938 4.2907 4.1973 3.1137 3.6151 3.3981 2.8521 3.082 2.8255 2.8345 2.2745
25.9837 26.0037 26.0384 26.0998 26.2128 26.411 26.7985 27.7274 28.5117 29.875 36.3818 25.3237 23.3838 25.3108 23.6371 21.3709 20.0778 19.0504 18.2731 17.3687 16.2009 16.2823 16.1125 15.617 15.1556 14.6708 14.2669 12.8123 12.9602 13.5827 12.8497 12.8454 12.6356 12.1258 11.1651 9.9108 9.1177 8.1436 7.5945 6.57 6.5807 6.0619 5.5403 5.5909 5.6808 5.1569 5.1688 5.181 5.0073 4.7198 4.9757 4.9705 4.8827 4.8605 5.1401 5.3813 4.9979 4.7044 4.6126 4.1784 3.8923 3.4778 2.5604 2.4228 2.5294 2.8593 2.6332 2.292 2.0308 1.9222 1.9924
24.8306 24.8736 25.8915 25.9004 25.935 26.0427 26.377 27.3774 27.8691 25.3064 25.8559 25.5941 21.0917 20.913 20.1266 20.6161 19.4368 17.6575 16.0985 15.7078 14.8643 14.6713 14.4491 14.3144 13.1767 13.5107 12.6982 12.2315 11.848 11.8432 12.1853 11.8056 11.4712 10.5746 9.9148 8.1963 7.9391 7.5091 6.843 6.2026 5.3686 5.3611 5.0357 4.5473 4.5666 4.6583 4.2058 4.3858 4.4325 4.3973 4.1113 4.2607 4.4266 4.1296 4.3929 4.6408 4.3612 4.286 4.1964 3.7729 3.6693 3.3755 2.5467 2.1506 1.8448 2.2351 1.8349 1.7975 1.4368 1.3033 1.3954
22.399 22.4703 22.567 24.679 24.6912 23.934 25.2477 25.1763 25.7774 24.1742 22.4386 20.0846 19.3027 19.6698 19.0762 18.6738 16.7079 16.5503 14.6827 14.3152 13.8278 13.1054 12.9777 12.8899 11.8383 11.5843 11.4714 11.4139 11.2589 10.9954 10.7072 11.0509 9.988 9.0542 8.3661 7.812 6.8888 6.3162 5.8917 5.2503 4.7735 4.542 3.9542 4.0471 3.755 3.5817 3.6019 3.6529 3.5919 3.2829 3.5613 3.3067 3.6978 3.9604 4.0574 4.0127 4.1542 3.9324 3.8499 3.6207 3.1599 2.748 2.397 1.8695 1.6668 1.3817 1.2689 1.4722 1.239 1.2351 1.1722
