normal_rasters/0772100000293563.ascii
ncols 54 
nrows 42 
xllcorner 158649.48
yllcorner 383580.051003
cellsize 0.25
nodata_value -9999 
33.1354 33.1334 33.1311 33.1285 33.1255 32.7309 32.7187 32.7048 31.9428 31.9117 30.8077 30.7478 29.6354 28.8055 26.1067 25.9547 20.5687 17.5485 16.8486 15.6324 14.0626 11.6721 9.7857 9.2457 7.1607 4.5465 4.525 4.504 5.339 6.4944 7.7672 7.925 9.6805 12.5718 15.8722 16.0461 19.0366 19.2311 22.7068 23.0273 25.9541 28.2065 28.3774 30.3199 30.3934 30.4551 30.5039 30.5403 30.5656 30.9935 30.994 31.3375 31.7386 31.7371 
33.137 33.135 33.1325 33.1296 33.1262 33.1224 32.7257 32.7098 32.6918 31.9253 30.8306 30.7586 30.6829 28.8001 26.1202 25.938 20.5977 17.5788 16.8464 15.6212 14.0542 11.6918 9.812 9.2519 7.4075 4.5503 4.5238 4.4979 5.3078 6.4594 7.7214 7.9154 9.6938 14.3566 14.473 17.7076 17.817 20.3438 20.4934 23.0229 28.0061 28.2264 29.6591 30.3458 30.4343 30.5054 30.5587 30.5956 31.0187 31.0204 31.3538 31.3501 31.7418 31.7398 
33.1391 33.137 33.1344 33.1311 33.1273 33.1229 32.7348 32.7166 32.6955 31.943 30.8606 30.7727 30.6794 28.7937 26.1386 25.9169 20.6369 17.6221 16.8459 15.6084 14.0445 11.7194 9.8469 9.6616 7.4003 4.556 4.5224 4.4898 5.2659 6.4127 6.5278 7.9043 9.7114 14.3311 14.4779 17.6749 17.8127 20.3163 20.5072 23.013 27.9699 28.2503 29.6858 30.3822 30.4898 30.5714 30.6278 31.0486 31.0529 31.374 31.3696 31.7475 31.7451 31.7426 
33.1416 33.1395 33.1368 33.1333 33.129 33.1238 33.1178 32.7261 32.7011 31.967 30.9011 30.7917 30.674 28.7862 26.1643 23.5633 20.6912 17.6851 16.8485 15.5939 14.0329 11.7588 10.8689 9.6579 7.3877 4.5646 4.5209 4.4787 4.6717 6.3484 6.4986 7.892 9.7356 14.2925 14.4826 17.6282 17.8063 20.2751 20.5258 22.9954 27.9124 28.2788 29.7221 30.4354 30.5672 30.6587 31.084 31.0932 31.3995 31.3943 31.7547 31.7518 31.7486 31.7454 
33.1446 33.1427 33.14 33.1364 33.1316 33.1255 33.1182 32.7395 32.7097 32.5555 31.9253 30.8182 30.6657 28.7773 26.2006 23.604 20.8996 18.2418 15.7464 15.5781 14.0192 11.8166 10.8957 9.6509 7.3659 4.5783 4.5194 4.463 4.0194 6.2561 6.4593 7.8795 10.6487 12.6951 14.4861 16.7129 17.7963 20.2113 20.5519 22.9691 27.8179 28.3107 29.7739 30.5164 30.6774 31.1251 31.1442 31.1467 31.4265 31.764 31.7603 31.7562 31.7521 31.7481 
33.1482 33.1467 33.1442 33.1406 33.1354 33.1284 33.1194 32.7586 32.7232 32.5652 31.9528 30.8566 30.6526 28.7672 26.2526 23.6648 20.9769 18.32 15.7932 15.5625 13.8379 12.6111 10.9378 9.638 7.3271 5.5742 4.5181 4.4398 4.0181 5.668 6.4044 7.8714 10.6265 12.6743 14.4852 16.2293 17.7787 20.1096 20.5908 21.0866 27.6576 29.4829 29.8515 30.6454 30.8366 31.2093 31.2188 31.4696 31.7764 31.7718 31.7663 31.7607 31.7553 31.7504 
33.1719 33.1514 33.1496 33.1464 33.1412 33.1333 33.1223 33.1083 32.7445 32.5817 31.9954 30.9149 30.6315 28.7565 27.7378 23.7583 22.0135 18.4425 15.8813 15.5521 13.8411 12.6306 11.007 9.614 7.2568 5.5584 4.5169 4.4041 4.016 5.4975 6.325 6.8195 9.8436 12.6208 14.4703 16.2024 17.7445 19.9455 20.6526 21.3952 27.0452 29.367 29.9728 30.8588 31.2929 31.3188 31.5292 31.7936 31.7879 31.7802 31.7722 31.7648 31.9375 31.9369 
33.1749 33.1752 33.1751 33.154 33.1496 33.1415 33.1284 33.1095 32.778 32.6113 32.5377 31.0076 30.5972 28.7477 27.6552 24.7584 22.0563 18.6381 17.9272 15.5614 13.8557 12.6639 11.125 9.1381 7.1293 5.5252 4.5129 3.9536 3.941 5.1219 6.2114 7.0273 10.219 12.9433 14.4066 15.6938 17.668 19.6917 20.7631 22.7431 26.763 29.0827 30.1526 31.3761 31.4676 31.612 31.8184 31.8128 31.8011 31.7886 31.7775 31.9418 31.9404 31.9391 
33.178 33.1792 33.1802 33.1806 33.1614 33.1548 33.1407 33.1153 33.0797 32.6657 32.5608 31.834 30.5447 28.2154 27.5419 24.7881 22.1618 19.7815 17.9202 15.6275 14.7715 12.7177 11.3194 9.2106 6.9135 5.6874 4.4741 3.1478 3.9712 4.3578 6.0891 7.4831 10.1368 11.7233 13.9491 15.7929 16.9656 19.0927 21.0427 23.1356 25.9787 28.4952 30.253 31.6466 31.7169 31.7075 31.8587 31.8372 31.8142 31.9526 31.9485 31.9454 31.943 31.9411 
33.181 33.1832 33.1857 33.1883 33.1903 33.1899 33.1646 33.1338 33.0738 32.7624 32.6322 31.8721 30.1244 28.3833 27.4429 24.7239 22.5149 19.8441 18.0151 15.7999 14.2603 12.6846 11.7931 9.4044 6.3502 5.4782 3.6001 2.9097 3.8853 4.2817 5.7764 8.5405 9.9307 11.7653 13.3243 15.7212 17.155 18.8907 21.8697 23.3569 25.9618 28.0009 29.7113 31.6814 31.8653 31.9934 31.9206 31.8599 31.9693 31.9591 31.9526 31.9482 31.945 31.9426 
33.1837 33.1869 33.1909 33.1961 33.2026 33.2102 33.2153 33.1863 33.0925 32.9229 32.8256 31.9831 30.654 28.6556 27.1977 24.4458 23.2388 19.9897 18.3899 16.0641 14.4451 13.0706 11.2139 9.9774 6.3684 5.1777 3.094 1.7771 3.0421 4.9496 6.5102 8.5945 9.7209 11.8235 13.8005 15.1971 17.6407 19.3638 21.4311 23.484 26.1181 28.7194 29.6147 31.0583 32.0224 32.1325 32.0461 31.9963 31.974 31.962 31.9547 31.9498 31.9463 31.9436 
33.1857 33.1896 33.1948 33.2021 33.2127 33.2296 33.2588 33.3028 33.197 33.0376 32.7624 32.0181 30.5965 28.8972 27.3971 24.5995 22.5097 20.8276 18.2059 16.4367 14.9558 12.7614 11.5146 10.0713 7.0398 5.2049 2.141 0.5073 2.5538 4.7672 6.5028 8.3393 9.8828 11.464 13.5454 15.3256 17.2911 19.7986 21.3976 23.3295 25.0664 28.9561 30.4079 30.9927 31.607 31.7963 31.8992 31.8722 31.9694 31.9605 31.9543 31.9499 32.1672 32.1725 
33.3277 33.191 33.1966 33.2045 33.2162 33.2355 33.2718 33.3594 33.2617 33.1197 32.8419 31.9477 30.7235 28.8155 26.8242 24.7964 22.9693 20.8642 18.5699 16.1981 14.9156 13.2942 11.5395 9.2973 8.2672 5.1642 2.3227 1.2248 2.8143 4.548 6.5363 7.8967 10.0195 11.1934 13.2778 15.5079 16.9115 19.1698 21.1522 23.202 25.7832 27.2858 30.1833 31.3238 31.7662 31.7345 31.7203 31.7033 31.993 32.3025 32.3238 32.3382 32.3482 32.3554 
33.3341 33.3332 33.3318 33.3297 33.3263 33.3207 33.2426 33.2346 33.1161 33.0808 33.0535 31.7293 30.3001 29.3876 26.3714 25.3912 22.941 20.5819 18.8716 17.0266 14.4372 13.6001 12.0828 9.3703 7.4022 5.6283 2.5548 0.8463 2.1336 4.9956 6.0766 7.9939 9.9843 11.7981 12.7121 14.5928 17.2069 18.4907 21.2046 23.0364 26.1364 27.5294 29.3021 31.0527 31.9052 31.8193 31.9792 32.2994 32.3342 32.3527 32.3632 32.3695 32.3735 32.376 
33.441 33.4399 33.4383 33.436 33.4323 33.4259 33.4133 33.2877 33.2499 33.2339 33.0869 32.5016 31.2573 28.5637 27.3824 24.5861 22.2382 21.0189 18.0026 17.419 14.9106 12.6757 11.4983 10.4093 7.7413 5.3224 3.4107 1.556 2.7682 4.3064 6.403 7.764 9.412 11.37 13.331 14.5209 16.5074 19.2036 21.2137 23.2358 25.6218 27.995 29.3806 30.6369 31.5497 31.9518 32.1958 32.2108 32.2079 32.4194 32.414 32.4098 32.4856 32.4826 
33.451 33.4526 33.455 33.4589 33.4656 33.478 33.5035 33.5388 33.5921 33.5556 32.9718 32.3038 31.4093 29.3034 26.9981 24.2554 22.5438 20.6971 18.5701 16.6874 15.2806 13.1768 11.4559 10.0159 8.7903 5.5836 2.9596 2.0074 2.9494 4.2723 5.9596 8.3155 9.401 11.2562 12.8921 15.0852 16.6906 18.8626 21.5423 23.4215 25.3665 28.1969 29.2075 30.9304 31.8251 32.3378 32.2637 32.6109 32.5758 32.5561 32.5445 32.5826 32.5767 32.5728 
33.8571 33.4651 33.4714 33.481 33.6229 33.8744 33.6773 33.7647 33.7671 33.7171 33.5318 32.7804 30.9147 29.759 26.7284 24.9628 22.3135 20.4558 19.2337 16.4516 15.1248 13.4611 11.5508 10.152 8.458 5.9559 3.1054 2.3021 2.3164 4.8497 5.9692 8.0133 9.8049 11.207 13.0544 14.724 16.8442 19.2226 21.1497 23.5398 24.877 27.1939 29.9638 30.9392 32.8447 32.7729 32.6236 32.5408 32.5963 32.5802 32.5717 32.5671 32.5645 32.5629 
34.4245 34.5153 34.5054 34.4888 34.4603 34.409 34.3152 34.0993 33.9095 33.9846 33.7616 32.7863 31.5359 28.9649 26.5056 24.6042 22.8326 20.4981 18.7797 17.1446 14.6084 13.5741 12.1076 9.7131 8.0369 6.3068 4.0854 1.323 1.8155 4.7503 6.7545 7.8458 9.5069 11.1436 13.1859 14.4919 16.8882 19.7664 21.1424 22.9249 25.2464 26.4782 29.2026 30.9949 32.4588 32.5087 32.4688 32.5471 32.5457 32.5466 32.5482 32.5498 32.4445 32.4436 
34.7511 34.7539 34.7577 34.7629 34.7702 34.7808 34.796 34.8507 34.7745 34.3816 33.7491 32.7257 31.0998 29.3653 27.4737 24.7289 22.7913 20.6824 18.5224 17.2705 15.2406 13.716 12.0948 10.1529 7.6303 6.0648 3.8766 1.1723 2.2765 3.6961 6.7824 8.1253 9.5996 11.151 12.5721 15.216 16.377 18.5221 21.137 23.019 24.7041 27.1059 28.8413 30.584 31.6747 32.2375 32.1642 32.1333 32.3091 32.4073 32.4158 32.4215 32.4256 32.4285 
34.791 34.8044 34.8234 34.8514 34.8943 35.0031 35.0933 35.271 35.2196 35.0455 33.7954 33.0356 31.7286 29.2364 27.5564 25.5051 23.0296 20.8643 19.5338 16.8256 15.5225 13.9637 11.3464 10.174 7.4251 6.1941 4.0158 1.7145 2.3306 3.7576 5.6953 8.2892 9.4487 11.5564 12.8043 14.4659 17.0238 18.7546 20.8405 22.7523 25.2671 27.1278 28.6249 30.5564 31.756 32.1873 32.1544 32.1286 32.1155 32.0637 32.579 32.6092 32.6289 32.642 
35.1197 35.2769 35.2837 35.2933 35.3074 35.3304 35.373 35.3965 35.8725 35.1728 33.7698 33.0868 31.741 29.6452 27.471 25.6999 23.785 20.8466 19.268 17.5084 15.2026 13.4436 12.2756 9.5695 8.4922 6.2021 3.6419 1.814 1.5138 4.339 5.4907 6.8105 9.9584 10.9727 12.7407 14.4527 16.2424 19.0869 20.9197 22.6971 24.726 27.164 29.3322 30.3249 31.5652 32.0693 32.118 32.1019 32.5787 32.6282 32.6547 32.6688 32.6763 32.6801 
35.2355 35.2403 35.2465 35.2549 35.2667 35.2846 35.3133 35.3569 35.2313 34.6915 34.1602 32.938 31.2993 30.7039 27.3544 26.2019 23.7556 21.8431 19.0275 18.0079 15.7302 13.8947 12.2531 10.2347 8.3703 5.8308 3.515 1.5293 0.8783 3.1707 6.0179 6.9972 8.7838 11.5292 12.8408 14.392 16.5085 18.2589 20.6821 23.2852 24.8664 26.997 29.0155 30.8711 31.4661 31.8575 32.5365 32.6618 32.7573 32.7542 32.745 32.7356 32.7273 32.7202 
35.2277 35.2302 35.233 35.2361 35.239 35.2404 35.2352 35.2088 35.0659 35.0079 34.2489 32.8033 31.6223 29.9767 28.8064 25.3132 23.3837 22.0973 20.01 17.1869 15.8373 14.6736 12.0854 10.7299 7.4571 6.1716 4.1921 0.7532 0.9989 3.6241 4.9949 7.4996 9.0955 10.8169 13.177 14.9748 16.2167 18.9082 20.2625 23.2475 25.4004 26.9743 28.3174 30.5962 31.8509 32.2735 33.0262 32.9446 32.8185 33.2568 33.2562 33.2557 33.2543 33.3259 
35.2756 35.275 35.2737 35.2709 35.2653 35.1552 35.1363 34.9255 34.9727 34.9214 34.3117 33.6721 31.9866 29.8829 28.7364 26.2553 24.0811 21.5413 20.1225 18.1756 15.7417 14.3678 12.6169 10.6922 8.5497 6.3558 4.4 1.1304 1.9937 3.4117 5.0749 6.9333 9.216 11.0578 12.6118 14.8011 16.4674 18.2407 20.7823 22.6834 24.9392 26.9281 28.7685 29.7732 32.143 34.2745 33.9966 33.6297 33.5035 33.4542 33.7231 33.7154 33.7757 33.7662 
35.2629 35.2592 35.2535 35.1467 35.1359 34.8641 34.8738 34.8151 34.8319 34.732 34.2078 33.6338 32.6465 30.2493 27.8459 26.6415 25.0235 21.3574 20.0644 17.9797 16.2759 14.1658 12.2623 10.371 9.4528 6.2187 4.0779 1.3823 1.9857 3.5137 5.62 6.7987 8.5935 10.9327 12.4222 13.5738 16.2352 18.0206 20.28 22.6162 24.7163 26.5817 28.6708 30.3719 31.9517 33.3377 34.0609 34.0138 33.9635 33.9268 33.9003 33.8806 33.8656 33.8538 
35.2397 35.2332 34.897 34.8972 34.8967 34.8944 34.7495 34.5505 34.6604 34.8491 34.1633 33.3243 32.3954 31.6523 28.1041 26.5591 24.9849 22.5761 19.9958 17.5741 16.4312 14.3159 12.4432 10.6915 8.6741 7.7242 3.9889 0.9113 0.7354 3.7516 5.1955 7.1586 8.4649 10.0046 11.5671 13.6537 15.5419 18.1054 20.4404 22.5922 24.4014 26.8018 28.434 30.6445 32.572 33.6917 34.184 34.3611 34.3257 34.3001 33.9514 33.9188 34.175 34.2632 
35.2169 35.2137 34.9677 34.9621 34.6326 34.6347 34.6334 34.5392 34.4971 34.2354 33.9276 33.6464 32.5154 30.9042 29.6702 26.6965 24.4792 23.34 19.6614 17.9559 15.8628 14.5122 12.7274 11.4742 8.6407 6.9481 5.1355 2.0062 1.5843 3.1778 5.7316 6.9781 8.8733 10.1166 11.6663 12.8059 15.6156 18.0252 20.7922 22.2075 25.0263 26.9411 29.3742 30.9832 33.0929 34.4516 34.6472 34.3351 34.3362 34.6382 34.634 34.6314 34.6296 34.6281 
35.2921 35.1342 35.1318 35.1276 34.8225 34.8211 34.8136 34.7966 34.7779 34.5536 34.1935 34.122 32.9904 30.8258 29.4172 27.1537 24.3607 22.2952 21.0628 17.4744 16.3148 14.6158 12.5786 11.3669 9.8014 6.4844 4.2898 3.1418 2.2989 3.9223 5.7564 7.175 8.8354 10.1208 11.5509 13.2188 15.1166 17.8171 20.7371 22.9402 24.5925 27.3493 28.6574 31.2514 32.7645 34.0559 34.4979 34.5101 34.5 34.606 34.6033 34.6011 34.5992 34.5977 
35.1567 35.1605 35.1651 35.1709 35.1781 35.1869 35.1959 35.0808 35.1392 35.0978 34.5254 34.0552 32.9038 31.4539 29.2851 27.5029 25.482 22.663 20.8607 17.9603 16.1237 14.2264 12.7269 11.0566 9.893 8.0804 4.4763 2.4291 0.7415 3.7382 5.7456 7.2231 8.9752 10.4522 11.9952 13.2075 15.2159 17.09 20.3898 23.1812 24.3867 26.9071 29.416 30.5674 33.6969 34.1428 34.4364 34.5054 34.518 34.6034 34.6023 34.6007 34.5991 34.5977 
35.5018 35.5044 35.508 35.3734 35.3855 35.4904 35.498 35.5131 35.5519 35.5097 34.8013 34.2743 32.9837 31.97 30.1303 27.2943 25.8341 23.7843 20.4817 19.073 16.3462 14.3282 13.0246 11.1393 9.6535 7.2103 5.7067 2.3215 1.9672 3.7711 5.3425 7.0022 9.1534 10.2175 11.997 13.5187 15.0291 17.7548 18.7969 22.0028 25.5747 26.5018 28.5875 31.7888 33.3153 34.4461 34.5534 34.4114 34.549 34.54 34.5354 34.5322 34.5297 34.5277 
35.8758 35.8706 35.8638 35.8545 35.8418 35.8244 35.5497 35.5979 35.6917 35.7128 35.5602 34.6482 34.0812 31.6559 29.4918 28.1709 25.4428 24.0665 21.3143 18.4089 16.8363 14.7039 12.6475 11.2943 9.8285 6.9003 4.8641 3.751 2.0359 2.6027 5.3834 6.9152 8.0083 10.4681 11.7815 13.6338 14.934 17.3452 20.1009 21.4407 25.01 27.4485 28.4935 31.1476 33.157 34.5878 34.4629 34.4142 34.3509 34.3144 34.5224 34.5216 34.5211 34.5206 
36.0632 36.0615 35.9001 35.9004 35.9006 36.1701 36.1353 36.0744 35.9778 35.8312 35.9182 35.6483 33.8009 31.443 30.1873 27.6488 26.3375 24.3303 22.2543 17.9666 16.7208 15.0163 12.7349 10.9829 9.1669 7.9901 5.2625 2.269 1.6207 2.6283 4.2993 7.0929 7.9973 10.0507 12.1689 13.5195 15.7432 17.3806 20.0107 22.2061 23.771 26.4624 29.1441 30.6655 32.7625 34.015 34.2517 34.2306 34.3289 34.3055 34.2874 34.2737 34.5128 34.5138 
36.2411 36.2417 36.2426 36.2442 36.2471 36.2524 36.2631 36.2854 36.3254 36.3155 36.1503 35.9996 34.6694 31.8518 29.9978 28.1636 26.0132 23.872 22.6791 19.9357 16.0344 14.5422 13.6444 10.8345 9.8444 7.7697 6.261 2.041 1.4793 2.0939 3.9261 7.0772 8.9056 9.9021 11.439 13.9625 15.7114 16.8092 20.0655 22.3634 23.4343 25.7799 29.2073 30.3533 32.0678 33.2328 33.4715 33.5184 33.8672 34.2897 34.2786 34.2686 34.2602 34.2531 
36.2601 36.2655 36.2732 36.2848 36.303 36.3334 36.3877 36.4903 36.6851 36.8182 36.6243 35.9572 34.6781 32.5384 29.9756 28.6687 26.9545 23.8572 21.8985 21.0243 16.4496 14.5602 13.534 11.4372 9.1032 7.6576 5.8325 3.6529 2.0834 2.2551 3.7031 6.801 8.8187 10.2128 11.8038 13.2854 16.0787 16.8179 20.016 21.7536 23.4503 26.3267 27.9971 30.4934 32.022 32.7876 33.1191 33.2597 33.3075 33.3114 33.7539 34.2617 34.2556 34.25 
36.2779 36.2873 36.3005 36.3196 36.3482 36.393 36.4653 36.6044 36.7495 36.859 36.582 36.0456 34.9958 32.4926 30.3157 28.001 26.436 24.0499 22.8993 20.385 16.7037 15.2204 13.0936 11.2729 9.3255 6.9806 5.3921 4.0431 3.1064 2.3671 4.2706 6.7888 8.4883 10.4591 12.0941 12.9553 16.3573 16.8169 19.9899 21.4123 23.5224 25.4584 27.5465 29.284 32.1054 32.6461 32.9124 33.0708 33.1536 33.191 33.2027 33.2005 33.1913 34.2461 
36.2934 36.3057 36.3223 36.3454 36.3781 36.4734 36.5258 36.6049 36.6691 36.5958 36.4339 36.1323 35.84 32.1721 29.9566 28.2609 26.0714 25.1113 23.5236 19.8123 17.5133 14.9175 12.8237 11.135 9.3916 7.3625 5.6687 4.0984 3.3283 3.136 3.832 6.7409 7.4713 11.0028 12.2678 12.769 16.4867 18.2643 20.0118 21.2018 23.6343 25.4605 28.2462 28.9474 30.9919 32.6139 32.8081 32.9484 33.0386 33.0919 33.1203 33.133 33.1361 33.1334 
36.306 36.3198 36.3379 36.3619 36.4452 36.4774 36.5321 36.5671 36.5948 36.4345 36.3251 36.1521 34.9633 32.8694 29.9795 28.2927 25.8662 25.2775 23.8591 19.5024 17.5786 15.0029 13.6116 11.0219 8.7927 7.3876 5.7135 4.1026 3.4124 3.2638 3.9154 6.7037 7.2088 11.175 12.3596 12.6743 15.2305 17.9789 20.0383 21.0884 22.7377 25.4659 26.0248 28.7449 30.8642 32.617 32.7586 32.8735 32.9578 33.0152 33.052 33.0739 33.0857 33.0907 
36.3155 36.3298 36.3478 36.4246 36.4461 36.4718 36.5114 36.5312 36.3705 36.3352 36.2584 36.1507 34.9333 32.9208 29.9779 28.3202 25.758 25.3734 25.0104 19.3388 17.6136 15.0129 13.7195 10.9525 8.7632 7.4138 5.7385 4.4744 3.4444 3.3342 3.9651 6.6801 7.0447 11.2772 12.411 13.803 15.169 18.0178 20.0595 20.3421 22.6851 25.4764 25.8861 28.6237 28.9605 31.0139 32.7365 32.8287 32.9026 32.958 32.9974 33.0242 33.0415 33.0519 
36.3223 36.3362 36.4092 36.4245 36.4423 36.4769 36.491 36.3168 36.3051 36.2723 36.2164 36.1443 34.902 33.1204 28.6645 28.3364 25.6989 25.4321 25.1778 19.713 17.6322 14.9991 13.7895 10.911 8.7475 8.4279 5.7528 4.5096 3.4556 3.3733 3.9955 5.9765 6.9387 9.6841 12.442 13.8302 14.1547 19.1928 20.0754 20.284 22.6534 25.4891 25.8004 28.5495 28.8191 30.9181 32.7282 32.8024 32.8655 32.916 32.9548 32.9835 33.0038 33.0178 
36.3875 36.3974 36.4088 36.4218 36.4538 36.464 36.2922 36.2735 36.2589 36.2305 36.1886 36.1372 34.8743 33.1813 28.5962 28.3448 25.6647 25.4704 25.2836 19.691 17.6415 16.3412 13.8324 10.8855 8.7389 8.4979 5.7614 4.5301 3.458 3.3953 4.015 5.9469 6.8676 9.6712 11.5331 13.8505 14.1031 18.5722 20.0873 20.2468 22.6348 22.9366 25.7457 28.5029 28.7214 30.8498 30.9885 32.7872 32.8406 32.8857 32.9221 32.9506 32.9723 32.9883 
36.3881 36.397 36.4068 36.4371 36.4449 36.4522 36.2471 36.2403 36.2254 36.2015 36.169 35.0427 34.8511 33.219 30.9302 27.46 25.644 25.4968 25.3544 19.6801 17.6456 16.3786 13.1614 10.8693 8.7342 8.5472 5.767 4.542 3.4567 3.4078 4.028 4.1888 6.8183 9.6593 11.5276 13.8655 14.0668 18.5592 20.0964 22.3751 22.6243 22.8714 25.7099 28.473 28.6524 30.8007 30.9208 32.7788 32.8241 32.8637 32.8971 32.9244 32.9462 32.9631 
36.3876 36.3954 36.4247 36.4308 36.4366 36.2422 36.2227 36.2146 36.2006 36.1805 36.1548 34.9868 34.8318 33.2422 32.9966 27.4354 25.6308 25.5157 25.4039 20.2107 16.6895 16.4035 13.151 9.7205 8.7317 8.583 5.7707 4.5489 4.4454 3.4148 3.3804 4.1662 6.0822 9.6486 13.7178 13.8767 14.0404 18.5509 20.1034 22.4127 22.6188 22.8238 25.6859 28.4535 28.6028 28.7385 30.8694 32.7746 32.8132 32.8479 32.8781 32.9037 32.9248 32.942 