normal_rasters/0772100001000734.ascii
ncols 167 
nrows 183 
xllcorner 158677.485001
yllcorner 383630.904999
cellsize 0.25
nodata_value -9999 
[rows 64 to 95 of 183, columns 72 to 143 of 167]
0.7443 0.7606 0.669 0.6829 0.7228 0.8792 0.9426 0.9571 1.0425 0.9511 1.1167 1.0356 0.9078 0.8229 0.5095 0.3758 0.2861 0.3735 1.0419 1.5558 2.7008 3.4607 4.4744 6.7304 11.5481 13.1705 11.584 22.8933 27.1936 33.6215 42.443 35.9081 29.5375 27.3927 28.977 28.9385 30.6726 31.3496 27.6305 31.5481 30.905 24.1901 19.1506 18.9938 20.1936 20.3188 17.7531 17.9139 15.963 18.2567 16.5811 16.5088 19.0152 15.9991 9.4106 9.4032 8.8055 8.7768 8.7512 9.9732 11.2526 12.6249 12.665 12.7005 12.7316 12.7587 12.7822 12.8023 12.8195 12.8341 12.8465 12.8568
0.7817 0.7923 0.7667 0.7417 0.7893 1.0934 1.1732 1.2668 1.1184 1.1633 1.2205 0.9904 0.8229 0.7208 0.9932 1.0402 0.9139 0.865 1.2445 2.6402 4.019 3.8137 4.6229 7.1125 9.0164 8.9483 11.5376 21.0894 31.2626 31.468 35.5014 27.9051 25.8048 25.9021 27.8782 28.4197 24.5801 24.3707 29.0343 21.8943 26.0485 31.0695 23.9533 19.1071 18.9966 20.3408 17.6885 17.8333 15.9066 18.2567 18.247 16.5476 16.4902 17.7676 15.9937 9.4031 9.3968 8.791 8.7669 9.6814 9.9799 11.2695 12.64 12.6743 12.7047 12.7315 12.7551 12.7756 12.7935 12.8088 12.822 12.8332
0.7935 0.8056 0.7979 0.9771 1.2012 1.3681 1.2774 1.2241 1.0238 1.151 1.0207 0.7619 1.0794 1.16 1.3077 1.46 1.4647 1.2966 1.8929 3.6647 5.0844 5.607 5.3796 6.3755 7.3209 11.4033 26.8991 22.4682 23.6273 18.0504 16.1108 18.6542 21.1501 22.7548 24.3341 24.7598 24.5387 15.4709 14.1035 13.2381 12.0011 11.9046 12.1652 11.7871 7.8861 20.3668 20.4484 17.7743 15.8615 15.9063 18.2485 16.5768 16.5247 16.4783 17.7538 9.4027 9.3973 9.392 8.78 8.7597 9.6882 11.2535 11.2826 12.6517 12.6812 12.7075 12.7309 12.7516 12.7698 12.7856 12.7994 12.8114
0.7965 0.9794 1.0506 1.2939 1.3106 1.0937 1.0353 0.9351 0.7697 1.0332 1.0261 1.0628 1.6603 2.016 1.9051 1.8849 2.2348 2.589 3.2585 4.4878 5.735 6.0703 7.2947 14.2399 7.6664 11.4415 22.3753 15.902 14.6243 12.9958 12.3891 9.0206 15.9427 22.0988 22.1117 19.2548 16.8882 15.204 13.523 11.9942 11.7558 11.2431 8.2704 4.9377 4.952 4.9626 5.5283 5.81 8.4569 15.2709 15.9049 18.243 16.5517 16.5088 17.8441 16.0847 9.3975 9.3928 9.3882 8.7716 8.7542 9.6936 11.2677 12.6323 12.6608 12.6864 12.7095 12.73 12.7483 12.7645 12.7787 12.7912
0.9673 1.1456 1.0149 0.9299 0.8843 0.7891 0.8328 0.7846 1.1213 1.4305 1.4174 1.9692 1.9188 2.3332 2.6354 2.6632 2.7376 3.3171 3.9387 5.0576 6.6485 7.6474 10.2971 13.2854 11.0255 9.854 13.6512 12.8627 11.3133 8.2857 10.4789 12.729 27.5302 32.0789 24.6918 19.4964 16.2209 13.2145 11.8105 11.4199 10.8336 8.2524 4.9367 4.9553 4.9684 5.5281 5.5294 5.5304 5.8717 5.8783 5.8837 8.6708 8.7442 9.3269 10.3074 16.98 9.75 9.3933 9.3893 8.7816 8.7651 9.6917 9.698 11.279 12.643 12.6679 12.6904 12.7107 12.7289 12.7452 12.7597 12.7725
1.1472 1.1338 0.8111 0.7008 0.4836 0.5379 0.6488 0.7935 1.2432 1.9014 2.249 2.3301 2.746 2.5432 3.2917 3.5154 3.3368 3.6865 4.1361 3.6927 9.6135 9.9763 14.4171 13.806 11.3244 9.1343 7.3842 7.8131 7.5483 7.4845 7.2965 12.1123 30.6973 33.1256 23.2427 16.2636 12.8959 11.1605 13.8016 7.6279 7.7584 8.2603 4.9611 4.9775 5.5279 5.5295 5.8626 5.8727 5.8808 5.8871 5.892 6.1054 6.1059 6.1097 6.3764 6.9124 7.1576 9.6612 10.7685 8.4539 8.7744 8.76 9.696 11.2671 11.2881 12.6516 12.6735 12.6934 12.7114 12.7277 12.7422 12.7553
1.0644 0.9615 0.8224 0.4737 0.4728 0.815 0.8783 1.1058 1.2436 2.6778 2.8114 3.7443 3.835 4.2372 4.3701 4.9123 7.3211 6.7502 9.4412 17.9995 8.0517 13.3456 12.892 13.2213 10.5618 8.6485 6.7654 4.8167 4.6704 4.7903 4.2711 7.6668 12.01 16.3334 13.7846 10.897 8.9136 3.3315 7.5072 7.7246 8.2502 4.9717 8.7294 5.5276 5.5298 5.8617 5.8746 5.8844 5.8918 6.1038 6.1092 6.1103 6.1143 6.3803 6.9144 7.1607 9.416 9.4305 9.6778 9.6852 9.9031 9.9009 10.0153 10.01 7.0752 10.7253 12.6585 12.6779 12.6957 12.7117 12.7263 12.7394
0.8135 0.6045 0.2392 0.5365 1.1603 1.4274 2.315 2.3513 3.1856 4.7454 4.5002 5.691 5.5531 5.5418 6.6409 6.953 17.288 9.7265 15.4256 17.518 15.0038 15.9974 13.2794 10.7544 9.2961 8.1097 5.5631 3.9579 3.4591 3.0131 3.8284 4.5384 5.645 6.6177 3.1454 3.0884 3.2426 7.2462 7.6785 8.2559 8.7307 8.6579 5.5272 5.5302 5.8609 5.8776 5.8899 6.1004 6.1087 6.1147 6.1164 6.3804 6.9087 6.9173 7.1648 9.4197 9.4359 9.6832 9.9059 9.9031 9.9006 10.0134 10.0075 10.0024 8.1408 8.1403 10.0687 10.0106 10.0155 11.7304 13.724 13.7896
0.5378 0.6743 0.7614 1.1463 1.5882 2.4608 4.6963 4.9703 5.4295 5.1203 5.8046 6.3243 7.5621 7.2108 15.2088 6.3925 15.9351 15.3801 14.914 18.089 17.9629 16.2394 13.3942 9.9545 5.9094 5.8964 4.9816 3.0763 2.236 2.0877 2.4032 2.9311 3.1088 2.7827 2.753 2.9988 6.046 7.6361 8.3283 8.6517 8.5345 5.5267 5.5311 5.8603 5.883 5.8659 6.1067 6.1162 6.1228 6.3228 6.3872 6.9114 6.9212 9.4027 9.425 9.6799 9.6903 9.9062 9.903 9.9002 10.011 10.0044 9.9988 8.1409 10.0608 10.071 10.0118 10.0171 10.0217 10.0258 10.0295 9.6617
0.8687 1.3433 1.5048 2.2883 2.8323 4.6142 5.3319 6.4022 7.0914 6.2179 6.1201 6.9055 9.6005 8.7951 8.9385 15.0134 18.7634 15.1092 13.0496 15.234 16.3347 14.4749 12.7448 10.4846 6.6665 4.5442 3.4283 2.1294 2.0491 1.9032 1.9079 1.7748 1.9383 2.2335 2.802 3.7376 8.0277 8.6432 8.5026 8.2852 5.5258 5.533 5.8604 5.8601 5.8768 6.1175 6.1283 6.3263 6.3317 6.6163 6.9154 7.3294 9.4068 9.4326 9.6884 9.6488 9.9066 9.9029 10.0164 10.0079 10.0006 9.9945 8.1409 10.0628 10.0068 10.0133 10.0191 10.0241 10.0285 10.0324 9.6623 9.659
1.4507 2.0819 2.8869 3.7017 4.6577 5.5608 6.7439 7.4068 8.0 8.9981 6.7496 6.9771 9.9647 9.7191 10.0457 15.8173 16.9132 14.071 13.5917 17.5481 14.2899 12.3964 10.3072 11.3502 4.8617 4.0957 2.9316 2.4679 1.9914 1.7885 1.3535 1.1094 1.4448 1.9195 2.7528 9.7131 5.8094 8.1717 7.6388 5.5233 5.5373 5.829 5.8724 5.8964 6.1373 6.3325 6.3404 6.6175 6.6212 6.9214 7.5696 9.4137 9.4437 9.6472 9.9121 9.907 9.9026 10.0135 10.0038 9.9958 8.1416 8.1409 9.9998 10.0081 10.0153 10.0215 10.027 10.0317 9.667 9.663 9.6593 9.3745
1.9752 3.6324 4.0853 4.5072 5.7512 6.6099 8.0241 8.8139 9.6772 10.0537 10.103 8.5951 12.1091 11.7658 11.7735 15.7695 17.7881 14.4937 9.857 12.2826 13.9966 8.5576 6.8114 5.8391 3.8632 3.1685 2.5689 2.3932 1.737 1.4293 1.0043 0.8629 1.3796 1.81 2.4165 6.6813 8.5215 5.4904 5.4445 5.4494 5.8203 5.8997 6.153 6.1305 6.3579 6.6196 6.6253 6.8555 7.322 7.5712 9.425 9.6431 9.6529 9.9136 9.9074 9.9021 10.0097 9.9986 9.9896 8.1418 10.0496 10.0005 10.0098 10.0178 10.0246 10.0306 10.0357 9.6681 9.6636 9.3798 9.3728 9.3665
2.4541 3.94 4.68 5.3281 6.4246 8.4915 9.2296 9.9513 10.8737 11.8836 13.0462 24.3023 12.27 6.4703 6.6424 12.373 13.9048 9.3209 7.9497 13.8539 7.7628 4.538 4.7308 4.4211 3.8796 2.4291 2.2573 2.0474 1.5772 1.4167 1.2098 0.7128 1.3575 2.0207 2.1243 3.1014 4.7473 5.2552 5.5149 5.7939 6.1033 6.1873 6.374 6.3767 6.634 6.6382 7.2456 7.3224 7.5739 9.5631 9.6492 9.8326 9.9155 9.9077 9.9014 10.0043 9.9917 9.9816 8.1419 9.9895 10.0017 10.0121 10.021 10.0286 10.035 9.6749 9.6693 9.6642 9.3783 9.3706 9.3638 9.3578
3.9218 4.1953 5.0669 6.2959 8.2045 9.7407 9.7646 10.7902 18.3978 18.4934 19.9449 16.0807 11.9425 5.2416 5.457 5.2008 8.2544 7.9715 7.1155 6.6149 4.5596 3.727 3.7861 3.8831 2.81 2.2548 2.2164 2.169 1.7804 1.8065 1.8576 1.5546 2.2892 2.4469 2.6132 3.5144 4.075 5.0018 5.7047 6.1426 6.514 6.4864 6.6209 6.6614 6.7984 7.2423 7.3238 9.5169 9.5669 9.6588 9.8397 9.9178 9.908 10.0155 9.9968 9.9823 8.1434 8.142 9.9894 10.0034 10.0153 10.0252 10.0336 10.0405 9.677 9.6706 9.3857 9.3762 9.3678 9.3605 9.354 8.7134
5.4449 5.7235 6.4063 7.0149 8.9466 10.2298 13.3213 15.5781 27.0403 12.8624 16.7685 11.6589 6.0975 5.3505 4.8502 4.52 4.8398 5.1398 5.709 5.6334 4.0606 3.5546 3.432 3.0827 2.4056 2.2521 2.0667 1.9325 1.776 1.5093 1.8364 2.084 2.4016 2.7293 3.1601 3.8995 4.2702 5.0041 5.9382 7.0089 6.8815 6.6657 6.8093 7.0004 7.0183 7.4536 9.502 9.5742 9.8412 9.8504 9.9209 9.9079 10.0084 9.986 9.9693 8.1438 9.97 9.9897 10.0061 10.0197 10.0308 10.04 9.6876 9.6794 9.6721 9.3839 9.3734 9.3642 9.3563 9.3493 8.7054 8.6937
5.4418 9.6182 10.5039 9.1731 9.2885 11.2383 26.4811 17.9802 13.1211 21.7088 10.9015 4.0363 5.2083 5.6966 5.9796 4.759 4.4438 4.1377 3.5997 3.9021 3.9205 3.4147 3.0782 2.8123 2.3057 2.1636 2.1167 2.0055 1.7738 1.58 1.794 2.2075 2.5752 2.946 3.5291 4.3836 4.5908 4.8806 5.9462 6.5719 6.6965 6.7699 6.9689 7.0147 7.4559 9.4766 9.5894 9.8569 9.8675 9.9251 9.9073 9.9972 9.9701 9.9508 8.0801 9.9671 9.9908 10.0102 10.0258 10.0383 10.0484 9.6918 9.6822 9.3948 9.3813 9.3696 9.3596 9.351 8.7098 8.6956 8.6832 5.8335
7.5074 10.5141 18.8271 7.9626 13.1854 17.1334 2.8648 12.6749 17.9809 5.0206 7.5295 3.5147 4.7144 6.0332 6.59 4.4411 3.8668 3.1044 2.8728 2.6708 2.881 3.2539 2.8793 2.647 2.2438 2.4172 2.2931 2.1323 2.0275 1.994 2.1431 2.3805 2.7028 3.3786 3.7462 4.157 4.4246 5.2617 5.7438 6.2856 6.5767 6.7815 7.111 7.4617 9.426 9.6246 9.8869 9.9673 9.9309 9.9049 9.9784 9.9455 8.1619 8.0807 9.9641 9.9932 10.0163 10.0343 10.0485 10.0595 9.6969 9.6854 9.3928 9.3775 9.3646 9.3535 8.7906 8.6985 8.6834 5.8371 5.6588 5.5606
8.0497 9.1655 9.4264 16.1014 12.9827 28.6037 12.7632 3.5704 6.2798 7.8661 2.8965 2.3912 4.362 5.2938 5.6559 3.7457 3.1826 2.7576 2.4644 2.2744 2.171 2.4801 2.7179 2.7217 2.6356 2.6895 2.5249 2.2041 2.036 2.195 2.3301 2.5192 2.7298 3.0284 3.8407 4.1496 4.4117 5.0315 5.56 6.1318 6.6026 6.9607 7.4434 9.2947 9.898 9.9539 10.0018 9.9387 9.898 9.9454 9.9058 8.087 9.9141 9.9614 9.9978 10.0256 10.0467 11.1328 11.1424 9.7031 9.4103 9.3896 9.3722 9.3577 8.7959 8.7783 8.6842 6.1159 5.5667 5.6587 5.5602 5.5586
13.4478 8.4796 16.6526 10.4341 9.2243 13.9512 9.3595 2.4458 2.0937 1.9731 1.8912 1.9793 1.762 4.6236 7.451 4.101 2.7581 2.6095 2.4693 2.1897 1.9984 2.2631 2.6376 2.7147 2.8855 2.7877 2.4936 2.4019 2.2014 2.2729 2.2654 2.5748 2.7533 3.0169 3.2988 3.9531 4.5284 4.7548 5.3133 5.892 6.1679 7.7278 8.7283 10.0067 10.1427 10.0752 9.9456 9.9676 9.8829 8.1679 8.0901 9.8962 9.9595 10.0063 10.0403 11.1229 11.1371 9.7309 9.7107 9.4086 9.3844 9.3646 8.804 8.7812 8.6861 8.666 6.1116 5.6596 5.6585 5.5597 5.5579 5.1919
16.3807 17.5609 17.8888 7.6345 8.8598 6.9293 3.7382 2.6865 2.049 1.9091 1.7494 1.7578 2.095 2.2707 4.2904 2.8078 2.5848 2.5305 2.5723 2.5019 2.3454 2.619 2.7942 3.0532 2.8663 2.7125 2.6295 2.4257 2.3738 2.2733 2.4372 2.8411 2.8386 3.0294 3.3113 3.5343 4.368 4.6701 4.9343 5.6107 6.0381 7.02 9.82 10.8838 10.2172 9.9138 9.8511 9.7532 8.075 9.1443 9.8711 9.9599 10.0218 11.1049 11.128 11.1448 9.7464 9.4403 9.4048 9.3763 8.8169 8.7861 8.7614 8.6638 6.2515 5.5701 5.6595 5.6583 5.5591 5.5571 5.1903 4.9223
19.0899 13.2716 10.2363 6.6561 5.8736 4.5935 3.3672 2.2854 2.2029 2.017 1.841 1.8997 2.2489 3.1806 4.3347 2.8505 2.4283 2.5621 2.7112 2.7003 2.9008 2.9508 3.0934 3.2403 2.96 2.8053 2.635 2.4685 2.2159 2.0462 2.4848 2.9091 2.9978 3.0245 3.3321 3.4638 4.1074 4.6299 4.8577 5.473 6.1918 6.6946 9.8068 8.1472 9.3506 9.3361 9.0006 8.0854 9.1076 9.1437 9.966 11.0667 11.11 11.1389 11.1582 9.4969 9.4411 9.3973 8.9473 8.7948 8.7609 8.7345 6.2527 5.6856 5.5688 5.6593 5.5607 5.5582 5.5561 4.8849 4.2118 4.2064
12.8085 9.0634 6.3671 5.7017 4.1912 3.6133 3.1489 2.5017 2.2928 2.2366 2.0529 1.9682 2.2398 2.5549 3.0258 2.6546 2.8218 2.9358 2.831 2.98 3.1936 3.2445 3.1412 3.0297 2.9273 2.8246 2.6452 2.2685 1.9545 1.9649 2.1278 2.6725 3.0834 3.173 3.4764 3.7279 4.2997 4.6125 5.0649 5.3881 5.7797 6.189 6.9784 7.7815 8.446 8.8782 8.9191 9.0885 9.1409 10.9632 11.0658 11.126 11.1614 9.8301 9.5114 9.4381 8.9731 8.9202 8.7616 8.7249 6.2547 5.6913 5.6846 5.6606 5.6589 5.5598 5.557 5.5547 4.924 4.212 4.2059 4.2006
9.7809 6.5719 4.3109 3.4802 3.2911 3.0009 2.838 2.5248 2.3485 2.253 2.1175 2.0378 2.1044 2.2971 2.602 2.7606 3.2118 3.078 3.0482 3.1856 3.1317 3.0083 2.9325 2.8845 2.8101 2.6544 2.3711 2.1746 2.0074 1.8748 2.0816 2.4253 2.8313 3.0613 3.277 3.5446 3.9868 4.4432 4.7818 4.9528 4.9293 5.3699 6.4351 8.6918 9.2101 8.9058 9.038 10.5334 10.9079 11.0869 11.1703 11.209 9.8888 9.5261 9.0249 8.9369 8.8762 8.7112 6.2579 6.2455 5.6907 5.6829 5.6602 5.6583 5.5584 5.5554 4.8875 4.924 4.2122 4.2053 4.1992 4.1941
4.2523 3.8515 2.7452 2.5841 2.6646 2.6941 2.6478 2.5106 2.3903 2.2962 2.1297 1.9489 1.9125 2.2321 2.577 2.4978 2.439 2.7173 2.877 2.9063 2.9753 2.9133 2.8049 2.6267 2.5723 2.4894 2.3299 2.2395 1.961 1.8427 1.9379 2.1453 2.6302 2.9031 3.1136 3.4306 3.6615 4.167 4.4553 4.7995 4.6286 4.8137 5.6096 7.848 9.2225 9.1875 9.904 10.8676 11.1961 11.2935 10.2145 9.5892 9.2684 8.9765 8.87 8.8034 6.4478 5.9542 5.7011 5.6894 5.4269 5.3086 5.6573 5.5565 5.2895 4.9269 4.924 4.2122 4.2043 4.1975 4.1917 4.1868
3.6497 2.6444 2.2264 2.3107 2.5796 2.4254 2.4533 2.5134 2.3928 2.331 2.2389 1.8825 1.8694 1.8578 2.0253 2.1365 2.1137 2.4157 2.6909 2.7672 2.9068 2.827 2.7611 2.609 2.4944 2.3802 2.2464 2.0816 1.9096 1.7845 1.8113 2.0594 2.2993 2.6713 3.0492 3.2019 3.5333 3.7812 4.1467 4.4278 4.4125 4.5761 5.2745 6.3735 7.4085 10.0962 11.2697 11.2081 10.638 10.016 9.6072 9.2335 8.8645 8.7434 6.4427 5.9662 5.9544 5.7012 5.6869 5.4262 5.3069 5.6334 5.5538 5.2901 4.9274 4.924 4.2119 4.2028 4.1951 4.1887 4.1833 4.1788
2.7594 2.1616 1.5871 1.7183 2.0948 2.2826 2.2386 2.2554 2.3448 2.2676 2.1708 1.7154 1.694 1.8366 1.7024 1.8907 2.1885 2.2772 2.4671 2.8787 2.9534 2.7331 2.6059 2.4094 2.3813 2.5498 2.1085 1.799 1.7176 1.5646 1.5134 1.8465 2.2642 2.4788 2.882 3.0909 3.2126 3.7447 3.8454 4.0764 4.2383 4.8314 5.153 5.3485 6.4053 6.5853 10.716 11.8505 10.1621 9.4515 8.8669 8.6025 6.43 5.9921 5.9698 5.9537 5.7 5.4384 5.4241 5.6687 5.6302 5.2894 5.2908 4.9279 4.9238 4.2114 4.2008 4.192 4.1847 4.1788 4.1739 4.1699
1.898 1.5447 1.1538 1.2261 1.0554 1.5049 2.0275 2.025 2.0826 2.2022 2.0725 2.004 1.7572 1.7115 1.6657 1.8474 2.0859 2.332 2.504 2.5876 2.6528 2.6417 2.3915 2.2374 1.9888 1.9896 1.7757 1.4186 1.2399 1.2376 1.3042 1.4684 1.9541 2.3854 2.5694 2.8953 3.1742 3.3934 3.7005 3.8062 3.9869 4.4037 4.9322 5.1032 5.3928 6.4799 7.6057 8.0496 8.1844 6.5544 6.3292 6.3002 6.0086 5.974 5.9508 5.6959 5.4039 5.6625 5.6639 5.2878 5.2902 5.2919 4.9284 4.2255 4.2102 4.1978 4.1877 4.1795 4.173 4.1678 4.1636 3.3856
1.2786 1.1647 1.1063 0.8833 0.775 0.6155 1.1629 1.6488 2.0827 2.2801 2.1719 2.1208 1.8505 1.8116 1.8773 1.9523 2.0025 2.2688 2.448 2.5238 2.5157 2.2117 2.0357 1.9447 1.7109 1.4932 1.2533 1.1481 0.862 0.7969 0.7054 1.2237 1.4125 1.8931 2.352 2.6141 3.0032 3.2581 3.3818 3.6039 3.7986 3.9339 4.2777 4.6547 4.9951 5.2666 6.5288 6.7102 6.4284 6.321 6.2833 6.0394 5.9788 5.9424 5.4326 5.3986 5.283 5.3183 5.2883 5.2913 4.9366 4.9288 4.2268 4.2082 4.1934 4.1817 4.1725 4.1654 4.1598 4.1556 3.3761 2.1465
1.2797 1.1855 1.1389 0.8299 0.3996 0.1919 0.4743 0.9587 1.7757 2.0895 2.1079 2.0413 2.016 2.0005 1.9118 1.9938 2.0907 2.154 2.3806 2.5223 2.5192 2.1719 1.8758 1.5327 1.5675 1.187 1.0612 0.886 0.7876 0.6866 0.6118 0.7879 1.2699 1.3673 1.816 2.1264 2.5978 3.034 3.1251 3.1846 3.5145 3.8593 3.9549 4.2294 4.6159 4.775 4.7012 5.9074 6.1633 6.2443 6.1322 5.985 5.4984 5.4289 5.3821 5.2647 5.3164 5.289 5.2931 4.9393 4.9291 4.2279 4.2046 4.1867 4.1731 4.1629 4.1552 4.1495 4.1453 2.1578 2.1384 2.1221
1.2979 1.1598 0.9851 0.9981 0.4954 0.2763 0.3737 0.6334 1.3251 1.8804 2.078 1.9513 1.9607 2.0104 2.0421 2.1256 2.2532 2.2697 2.263 2.4813 2.3932 2.1577 1.5251 1.3989 1.2571 1.1341 1.0102 0.8051 0.6397 0.5725 0.5317 0.6225 0.7954 0.9343 1.2243 1.7155 2.0725 2.6367 2.8933 2.9741 3.2278 3.4174 3.8132 3.8355 3.9719 4.0002 4.4137 4.9677 5.5429 5.7494 5.7866 5.4809 5.3909 5.2525 4.9329 5.3127 5.2905 5.2963 4.9431 4.929 4.2282 4.1984 4.1766 4.1607 4.1494 4.1413 4.1358 3.3584 2.149 2.1273 2.1095 1.5282
1.3513 1.129 0.9195 0.6136 0.3832 0.3053 0.3743 0.6231 0.8495 1.0438 1.6708 1.6929 1.6888 1.8326 1.9613 2.1572 2.2254 2.3157 2.2554 2.2915 2.1827 1.726 1.4593 1.1494 1.0171 0.9895 0.8655 0.7054 0.4619 0.4666 0.508 0.6333 0.6444 0.7391 0.895 1.4629 1.8522 2.086 2.6506 2.827 3.0235 3.2236 3.3244 3.6408 3.4195 3.5362 3.8025 4.4909 4.9637 5.205 5.2319 5.0602 4.9631 4.9335 5.2519 5.2938 5.3023 4.9487 4.9279 4.2266 4.1873 4.1603 4.142 4.1298 4.122 4.1171 2.1662 2.1365 2.1124 1.527 1.1384 1.1316
1.2578 1.0864 0.7089 0.4053 0.3233 0.3839 0.5362 0.5971 0.6693 0.7128 0.7797 1.2643 1.5483 1.6547 1.9326 2.0942 2.1859 2.208 2.2004 2.0352 1.6949 1.3882 1.3326 1.0868 0.9049 0.7392 0.6352 0.5014 0.3618 0.3626 0.4036 0.4872 0.5937 0.648 0.7762 1.085 1.645 1.9193 2.1796 2.6917 2.8442 2.9951 3.0708 2.8414 3.1253 3.2522 3.5358 3.7167 4.4403 4.8028 5.1084 4.9541 4.9261 5.2261 5.3024 5.3159 4.9575 4.9241 4.2202 4.1666 4.133 4.1126 4.1006 4.0942 3.3389 2.1524 2.1186 1.1487 1.1372 1.1282 1.1213 1.1159
