normal_rasters/0772100000297765.ascii
ncols 117 
nrows 102 
xllcorner 159468.963013
yllcorner 383947.444
cellsize 0.25
nodata_value -9999 
[rows 0 to 30 of 102, columns 0 to 70 of 117]
33.6945 33.7001 37.1805 37.1839 39.0459 36.313 36.3271 34.3068 37.8405 34.5897 32.1585 32.131 34.7517 34.7194 32.8052 33.6691 33.6674 32.9517 34.753 34.7866 33.3814 33.3524 27.1519 24.2304 24.2292 21.2473 20.6654 20.4989 12.4192 12.3771 12.3312 12.2819 10.1199 12.732 12.7607 12.9682 8.8141 8.8705 8.9284 8.142 8.9755 8.1321 15.5159 23.6984 22.2954 27.7271 29.0272 29.1456 29.2812 31.6191 31.7476 31.8832 36.6483 36.5928 36.5314 34.7632 28.9277 28.8072 32.2518 27.5034 28.791 30.6102 30.801 34.4381 29.9241 29.9415 29.7029 29.5554 24.526 24.4245 22.7575
29.3088 33.6988 33.705 37.1829 39.0429 39.0495 36.3233 36.339 37.8397 37.8454 32.1738 32.1446 34.7632 34.7286 32.8085 33.6663 33.6643 30.3371 34.7411 34.7774 34.815 33.3612 27.161 24.2366 24.2354 24.2335 20.7256 20.5442 12.4493 12.4044 12.355 12.3014 12.2442 10.1231 12.7505 13.4324 8.8067 8.8695 8.9344 9.0001 8.9966 8.1582 15.4607 15.6108 23.8368 21.7033 28.9363 29.0618 29.209 29.378 31.7171 31.8743 38.5935 36.6268 36.5558 32.6095 34.6892 28.8558 32.2066 26.6677 28.7759 28.8211 30.7622 31.1536 34.3696 29.956 29.7589 29.5755 24.5838 24.4571 22.7883
29.3091 33.6971 33.7038 37.1818 37.1858 39.0463 36.3188 36.3356 34.3109 37.8448 32.2607 32.1602 32.127 34.7394 32.8125 32.7949 33.661 30.3385 32.9565 34.7666 34.8075 33.3714 27.1716 28.601 24.2423 24.2403 23.4172 20.5992 13.4597 12.4362 12.3831 12.3248 12.262 10.1228 12.7378 13.4298 8.7962 8.8665 8.9397 9.0141 9.0203 8.1879 9.5083 15.5555 23.7165 21.6491 21.7447 28.9571 29.1154 29.3019 31.6726 31.8565 38.5984 36.6703 36.5875 32.65 34.7165 28.9232 32.153 26.6184 25.8319 28.8067 30.7002 31.0023 30.7525 29.9722 27.6381 29.6104 24.6678 24.5068 22.8297
29.3091 33.6952 33.7023 37.1805 37.1848 39.0427 36.3136 36.3315 34.3164 37.844 34.5987 32.178 32.1426 34.7522 34.7099 32.7983 33.6573 33.655 32.951 34.7538 34.7984 33.3835 33.3447 28.6105 24.2499 24.2479 21.2752 20.6659 20.4405 12.4736 12.4164 12.353 12.2839 10.1222 10.1259 13.4264 8.7817 8.8608 8.9438 9.0288 9.0471 8.2157 8.2154 15.4866 23.5711 22.2031 21.6815 21.801 28.9944 29.1989 29.441 31.825 32.056 36.7271 36.6296 36.5203 32.5759 29.0173 27.9358 32.0216 25.8166 28.7802 30.6021 30.9785 30.8548 29.9906 27.5041 29.6723 24.7943 24.5866 22.8885
29.309 29.3161 33.7005 33.7084 37.1836 37.1884 39.0468 36.3266 36.3469 34.3152 34.5964 32.2714 32.1606 32.1198 34.7216 32.8025 33.6532 33.6505 30.3365 34.7386 34.7874 33.3978 33.3553 27.1593 24.2585 24.2564 24.2533 20.7473 20.4982 13.4804 12.4561 12.3871 12.3109 8.5246 10.1247 12.7464 13.4189 8.8512 8.9461 9.044 9.0777 8.2544 8.2541 9.533 15.6161 22.0861 21.6 21.7268 28.838 29.0596 29.3318 31.7721 32.0538 38.6701 36.6873 36.5533 32.6231 29.9613 28.0284 31.9055 26.6169 25.8726 25.5717 30.9241 31.3258 26.406 30.051 29.7853 25.1548 24.7229 22.9784
29.3087 29.3164 33.6983 33.7068 37.1822 37.1873 39.0424 36.3207 36.3426 34.3217 37.8494 32.2779 32.1815 32.1376 34.7356 32.8077 33.6487 33.6453 30.3386 32.9591 34.7741 34.83 33.3682 27.1721 28.5809 24.2661 24.2627 21.2628 20.5706 13.5016 12.5037 12.4285 12.3444 12.2524 10.123 10.1273 13.4114 8.8364 8.9456 9.0593 9.1128 8.2995 8.2994 7.8607 15.5279 17.1307 21.4962 21.6275 21.7925 28.8714 29.1742 29.5487 32.0338 33.853 36.7686 36.6012 32.6914 29.9763 28.1679 26.4995 26.4826 25.8184 25.5246 30.8176 31.452 30.7766 30.0857 27.8131 25.2798 24.9727 24.209
29.3081 29.3164 33.6957 33.7048 33.7143 37.1861 39.0373 36.3137 36.3372 34.329 37.8483 34.6101 32.2843 32.1586 34.7526 32.8142 32.7879 33.6396 34.7502 32.9525 34.7578 34.8197 33.3839 27.1874 28.5912 24.2771 24.2735 21.3143 20.6618 13.5264 13.5055 12.4792 12.3863 12.2831 8.533 10.1242 13.4016 8.8141 8.9407 9.0743 9.1534 8.3528 7.9576 7.9081 15.4148 17.1224 21.3656 21.4966 21.6692 21.8922 28.9476 29.38 31.9809 32.4546 36.1534 36.6738 32.7933 32.5149 30.0648 27.5105 26.2857 25.6978 25.9418 30.6261 31.3219 30.882 26.6894 27.6795 25.4911 26.2186 24.3263
29.3071 29.3162 29.3256 33.7023 33.7127 37.1846 37.1908 39.0422 36.3306 36.3897 34.3274 34.6067 32.2922 32.1835 32.1277 34.7102 32.7934 33.6331 33.6293 32.9445 34.7378 34.8068 33.4031 33.3422 28.604 21.6281 24.286 21.6425 23.3718 20.4168 13.5331 12.5417 12.4388 12.3227 8.5629 10.12 10.125 8.7811 8.929 9.0878 9.2009 8.4168 8.0239 7.9642 9.578 15.5966 21.7874 21.3268 21.4991 21.736 28.6226 29.1127 29.7635 32.501 31.9998 36.7911 36.4576 32.5843 30.1101 27.7458 26.012 26.1836 25.7096 26.3579 31.5034 31.059 26.4316 27.5994 27.8343 26.7231 24.8793
29.3056 29.3156 29.3259 33.6993 33.7105 37.1828 37.1896 39.0359 36.3225 36.352 34.3361 34.6022 32.301 32.2132 32.1523 34.729 32.8005 33.6259 33.6209 30.3402 32.9672 34.7904 33.4267 33.3585 28.6201 21.6559 24.3005 21.6555 21.2949 20.5156 13.5664 13.5358 12.5054 12.3744 8.6754 10.1148 10.1171 8.7327 8.9069 9.0979 9.257 8.4947 8.1049 8.0316 7.9442 15.4411 17.0855 21.1116 21.2699 21.5067 21.8508 28.6921 29.4763 31.011 32.3337 36.9968 36.5061 32.7057 30.187 28.1313 26.3922 25.6196 24.9856 26.3989 29.0133 31.1122 27.5807 27.5519 26.6944 32.1016 25.4554
29.1105 29.3145 29.3259 29.3375 33.7078 33.7206 37.188 36.9084 36.3124 36.3447 34.346 34.3334 34.6248 32.3099 32.1821 32.1091 32.8097 32.7714 33.6111 34.7301 32.9596 34.7694 33.4561 33.3794 28.6406 21.6888 21.6532 21.67 21.3722 20.6464 13.6072 13.5729 13.4352 12.4423 12.2736 7.9292 10.1064 13.3315 8.8682 9.1014 9.348 8.5918 8.2063 8.1141 8.0025 9.5468 17.0549 15.619 20.9704 21.1813 21.5266 22.0688 28.9474 30.3192 34.7925 32.5329 36.622 32.1991 28.0433 28.9698 27.4702 22.4315 22.9398 24.2168 33.7148 28.2975 27.9468 29.5377 21.8426 22.7262 20.229
29.0945 29.3128 29.3253 29.3383 33.7042 33.7183 37.186 37.1946 36.3001 36.3353 36.396 34.3439 34.6197 32.3211 32.2187 32.1378 32.8218 32.7787 33.5999 34.6896 32.9498 34.7425 34.8463 33.4061 28.6669 28.5623 21.6883 21.6862 21.6863 23.3335 13.6582 13.6198 13.5716 12.5324 12.3368 8.6362 10.093 10.2727 8.8031 9.0918 9.4057 8.7155 8.3366 8.217 8.0705 7.9144 15.4939 16.1471 15.662 15.7922 21.0319 21.5816 22.5481 29.7836 33.5255 33.3972 33.0947 32.3094 28.9102 28.8734 28.2135 26.2233 18.3575 19.1444 32.5127 23.736 17.8532 19.1242 17.158 17.2198 16.5881
29.0753 29.1157 29.3242 29.3386 33.6998 33.7153 33.7317 37.1931 36.9017 36.3234 36.3656 34.3561 34.3395 32.334 32.3318 32.1739 30.2635 32.7888 33.587 33.5787 34.7506 32.9894 34.8271 33.4408 28.7011 28.5795 21.731 24.3541 21.702 20.4048 13.723 13.6803 13.6235 13.4575 12.4253 8.7718 7.9554 10.0621 8.6951 9.0573 9.4678 8.8783 8.5099 8.3492 8.149 7.9404 9.4062 16.09 15.5769 15.7069 15.9174 20.7554 21.7701 28.4993 32.5949 35.1666 33.9874 31.6902 31.7991 27.5986 23.9549 31.6146 18.7932 14.6192 18.9688 17.1246 13.5027 14.1288 14.7456 14.1703 12.9317
29.0524 29.0955 29.3221 29.3383 29.355 33.7112 33.7295 37.191 36.9117 36.3082 36.3549 34.3705 34.3521 34.6447 32.3467 32.2196 32.1078 32.803 29.9988 33.5601 34.7004 32.9822 34.8008 33.4864 33.36 28.6033 21.7841 21.7199 21.7193 21.7166 20.6022 13.7609 13.6937 13.6084 13.3761 8.8546 8.0452 7.3324 10.0588 8.9748 9.528 9.1001 8.7516 8.5244 8.2369 7.949 7.7027 13.9361 14.8116 15.5382 15.717 16.0856 16.9288 23.0674 31.9915 38.828 40.5054 27.3274 22.1769 22.6812 18.8141 17.4813 16.3097 15.6961 15.362 13.7955 11.1517 11.0503 10.762 12.1264 11.1331
29.025 29.0707 29.122 29.3371 29.3561 33.7058 33.7262 37.1884 37.2008 36.8899 36.3407 36.4022 34.3673 34.6363 32.364 32.6611 32.1512 32.8227 30.0041 33.5376 34.6338 32.9715 30.135 34.0835 33.3987 28.6366 21.8513 21.776 21.7389 21.7285 20.2967 13.8715 13.7928 13.6832 13.4551 8.9707 8.1838 7.957 9.9809 8.7971 9.5673 9.4163 9.1106 8.7667 8.3254 7.9144 7.6003 13.5272 14.6199 14.6822 14.7956 15.442 15.7083 22.5836 23.1132 35.2475 21.5533 19.3 18.7664 16.436 16.4092 15.7347 14.6382 14.1956 13.5239 12.4459 10.8567 9.6097 9.5553 9.3067 7.7405
28.9924 29.0405 29.0955 29.3346 29.3563 29.3787 33.7215 33.7461 37.1989 36.9015 36.3217 36.3862 34.3857 34.3602 32.3844 32.3799 32.2089 30.2826 32.7673 33.5104 33.4955 34.7406 30.147 34.0648 33.4532 28.6841 21.9381 21.8495 21.763 21.7375 20.4289 14.73 13.9406 13.7972 13.617 13.2698 9.0434 8.1114 7.0971 8.4269 9.5287 9.8893 9.6947 9.1203 8.378 7.7786 7.4001 7.3978 14.4029 14.3594 14.2693 14.0456 13.3465 14.9196 13.9118 13.7414 16.5944 15.7194 14.8367 14.8016 14.648 14.6124 13.1423 12.4646 10.6892 9.2891 9.1525 9.0725 8.5668 7.1067 7.427
28.9534 29.0038 29.0623 29.1293 29.3552 29.3813 33.7149 33.7429 37.1963 36.9165 36.2965 36.3695 36.3665 34.3795 34.6727 32.4042 32.659 30.3082 32.7915 30.9206 33.4524 34.6527 30.1586 34.0369 33.5316 28.7534 28.482 21.9491 21.8033 21.7415 21.7275 11.8349 14.8559 13.9889 13.7143 13.3337 9.3253 8.4146 7.2204 8.8905 9.2354 10.6205 10.7841 9.6703 8.2534 7.4174 4.6065 4.3878 10.9804 12.7053 13.823 13.3025 11.9607 9.1702 10.5667 12.8523 11.7442 13.9802 13.7965 13.2942 12.698 13.1131 11.7594 10.0742 8.8807 7.2211 7.0408 6.6372 6.3025 5.9082 4.6699
28.907 28.959 29.0209 29.0932 29.3522 29.3827 33.7057 33.7377 33.7724 36.9364 36.8814 36.3455 36.4054 34.4035 34.657 32.4342 32.712 32.1684 32.8295 30.9334 33.396 34.5241 33.0554 30.3256 34.0927 33.3406 28.511 22.0898 21.9008 21.7385 21.6885 12.7915 12.2515 15.0137 13.9074 13.4105 10.5204 9.0448 7.8718 7.7753 8.1475 11.9817 13.2266 10.4888 7.4109 4.5192 4.2183 4.468 2.7221 5.2147 6.9598 8.4339 9.1223 9.2676 9.6401 9.6922 10.3987 10.7294 13.2442 12.2067 11.0273 10.37 9.7819 8.0689 7.1065 6.78 5.7282 5.1712 4.6417 4.7878 3.4827
28.852 28.9048 28.9693 29.0467 29.138 29.3822 29.4199 33.7296 33.7704 37.21 36.8991 36.3116 36.4208 34.4342 34.3911 32.472 32.4592 32.625 30.3268 30.9555 30.8525 34.3315 34.7569 30.3913 34.0422 33.4263 28.5629 22.2996 22.0482 21.7281 21.5936 12.984 12.8072 13.0043 14.4127 13.293 10.6526 10.4505 8.4941 4.8278 4.4874 11.096 14.8848 6.009 3.5543 3.6346 3.7187 1.9433 2.6925 2.6537 3.8044 4.8017 5.3124 6.4922 6.0588 9.0267 9.6621 9.0178 8.0904 9.6387 10.0025 8.1277 7.654 6.7772 5.8721 5.1979 4.0398 4.0722 3.6884 3.4002 3.0461
28.7871 28.8391 28.905 28.9868 29.0862 29.3784 29.4243 33.7174 33.7656 37.2069 36.924 36.8404 36.3905 36.3323 34.4234 34.7147 32.5058 32.6882 28.7627 30.9943 30.8548 33.1541 34.5703 30.4784 29.5816 34.1118 28.6551 22.6334 22.2943 20.47 21.3859 18.5496 13.4786 14.4371 14.3938 13.0645 10.0956 13.7352 10.4716 0.8108 4.1939 4.0113 3.7261 0.8207 2.2252 2.9096 1.7734 2.6557 2.4065 2.6226 2.88 3.4601 4.2231 5.104 5.2468 6.0339 7.9962 7.6404 7.3171 6.3609 7.2477 6.4725 6.6828 5.6886 4.7106 4.2609 3.7749 3.5881 3.3534 3.1987 2.7224
28.7108 28.7601 28.8255 28.91 29.0166 29.1477 29.4255 29.4846 33.7564 33.8203 35.07 36.8589 36.3435 36.3911 34.4667 30.8769 32.57 32.7861 29.2175 30.1137 30.869 32.9433 34.2363 30.588 29.8197 33.9666 28.813 23.7357 22.773 20.0975 18.8734 19.6189 13.9698 16.2983 20.1304 11.6348 8.3907 8.2686 5.3307 4.4513 3.9236 2.1466 4.7918 2.8976 2.1714 1.9957 2.8041 2.6511 2.3801 2.5457 2.85 3.3403 3.6029 4.7891 4.7481 5.3986 5.6026 5.5165 5.4676 4.7009 4.7962 5.5391 4.4498 4.2965 3.6669 3.0957 2.7882 3.155 2.9541 2.4413 1.5985
23.7575 23.7765 28.7274 28.8117 28.9236 29.0676 28.5968 29.4968 33.74 33.8198 35.0595 36.8882 36.2719 36.4787 32.2423 30.9933 32.6654 32.6061 29.2884 28.864 30.9149 30.5701 29.3804 32.2094 30.25 29.914 28.8306 24.3597 22.979 20.2532 18.0572 13.2037 12.9712 14.7621 18.6895 9.2186 6.0047 6.2474 4.807 6.9391 6.3761 5.3253 7.6377 6.3919 4.2114 3.593 3.37 2.6469 2.3422 2.2818 2.8667 3.0768 3.3388 3.947 4.6148 4.7072 5.2987 5.0012 4.06 4.2335 3.7384 3.4555 3.4985 2.6158 2.287 2.6184 1.6134 1.913 1.6122 1.3361 1.1235
23.7885 23.784 23.8092 28.6871 28.7999 28.9542 29.1568 29.5039 33.7115 33.8129 35.0359 36.9339 36.7621 36.4141 32.328 34.5142 31.1437 32.7247 32.6058 29.3752 31.053 30.4416 29.5846 31.849 31.0588 30.8274 28.1344 24.8808 28.6014 18.7394 15.7559 11.4542 11.9899 10.6008 8.5275 6.3468 6.6132 10.1587 10.4935 8.4672 8.4285 7.1095 6.706 5.1548 3.6319 4.1767 3.5349 2.7493 2.6665 2.181 2.0237 2.8084 2.9539 3.4299 3.4459 4.5916 4.0332 3.669 3.6515 3.1794 3.1736 2.915 2.0958 1.8756 1.7253 1.64 1.5314 1.521 1.4495 1.3259 1.3316
23.7545 23.807 23.8177 23.8524 28.6366 28.7948 29.019 28.6552 29.6446 33.7933 33.9465 35.1334 36.7862 32.4164 32.412 32.3797 31.4555 29.3836 32.7592 29.5783 29.8637 30.2767 27.3021 29.3335 32.2619 34.3538 24.5653 20.3837 17.5964 12.1766 10.7892 11.0141 9.2715 8.4247 8.5388 8.1546 9.6947 10.9518 10.4775 8.8493 8.5711 8.2018 6.8839 6.3754 5.3501 5.0782 4.3087 4.353 3.2341 3.5266 2.7656 2.5946 2.4898 2.0968 2.5855 3.1481 3.6025 3.0627 2.7452 2.6792 2.6993 2.0146 1.8114 1.7462 1.6882 1.7387 1.6859 1.5999 1.5071 1.5618 1.6243
23.6006 23.7609 23.8282 23.8615 23.9123 28.5729 28.8092 28.5587 28.8548 33.7465 33.9679 35.1203 36.8283 32.5954 32.4801 32.7853 32.0713 30.4929 32.0348 29.9446 30.1106 30.5467 25.5554 26.1962 29.7141 20.5699 18.1456 13.9025 13.2952 10.5765 9.8097 9.7388 9.3678 8.8491 9.1019 8.3914 8.6993 10.7443 10.4788 11.3833 8.8324 8.7155 9.1422 8.831 8.7875 7.0708 5.5827 5.566 5.0806 3.989 3.2876 3.042 2.7819 2.4841 2.6332 2.5061 2.3138 2.6118 2.2674 2.1295 1.6776 1.5907 1.5762 1.6574 1.8147 1.9165 1.9222 1.8759 1.7765 1.7602 1.6831
23.5255 23.5832 23.6631 23.8512 23.92 24.0004 24.1023 28.8799 28.7484 28.9705 33.9811 32.259 35.2831 32.9215 31.4788 32.7222 31.5284 33.7253 29.1941 31.0598 37.9326 30.4625 28.8807 21.1617 21.7888 20.2056 13.9693 13.0383 11.2036 9.9373 9.7463 9.2766 9.2795 9.4649 9.8309 9.7088 10.2462 11.1869 10.9666 10.8004 10.7035 10.508 10.9294 10.8809 10.1233 9.59 8.7115 7.0921 5.8575 5.389 4.143 3.5488 2.6952 2.5269 2.4673 2.0337 2.0609 1.9628 1.8424 1.8338 1.6161 1.6038 1.6839 1.8312 1.9184 2.0019 2.0807 2.044 1.9343 1.7696 1.6918
23.4358 23.4803 23.5463 23.6446 23.8713 23.9997 24.1426 24.3464 28.5202 29.1887 30.0323 32.5627 35.079 31.3603 32.5028 31.6706 30.2577 37.2536 22.5628 24.2569 21.1429 19.8658 18.9806 19.6937 17.0535 15.4264 13.2307 12.3765 9.9494 9.2896 9.0304 8.1181 8.522 9.196 9.4845 9.7869 10.3899 11.2504 11.1159 11.3131 11.5858 12.8716 11.7838 11.7906 11.2816 10.8643 9.7612 8.8977 6.747 6.0385 5.2675 4.6582 3.1599 2.6424 2.3811 1.9717 1.9103 1.884 1.954 2.0219 1.9682 1.9618 2.0149 2.0218 1.9779 1.9628 1.9785 1.9768 1.912 1.7553 1.667
23.3334 23.3585 23.4007 23.4707 23.5873 23.7838 24.1024 24.4071 24.9644 28.9437 29.5803 33.5399 32.7014 31.0696 38.4024 30.7839 24.7167 21.0939 18.2097 17.7554 16.6465 17.5652 17.505 15.8526 15.4252 14.0609 11.4807 10.3425 9.1275 8.8963 7.3893 7.3665 8.247 8.9231 9.942 10.6986 11.2956 11.7315 11.6071 12.0783 12.621 13.7228 13.2219 12.1136 11.9091 11.3161 11.2062 10.1844 9.1289 7.4464 6.3363 5.3588 4.1912 3.3013 2.3944 1.9592 1.961 1.9956 2.0863 2.0946 2.1007 1.977 2.0135 2.0403 1.8253 1.8128 1.8241 1.8383 1.7905 1.6885 1.6178
19.4613 19.5237 19.614 23.2574 23.3148 23.4327 23.6694 24.0834 25.0296 28.085 27.2437 42.4833 28.9073 25.8295 18.0379 23.4774 19.1791 17.1078 15.8073 14.4443 14.1801 15.0153 15.1826 14.1228 13.5562 10.891 10.0443 7.8871 8.4182 7.6122 7.1614 7.9012 8.5968 8.912 9.7293 10.9374 11.4682 11.7881 12.0126 12.2948 12.8845 13.2357 12.9651 12.4761 12.5871 12.0286 11.4043 11.1626 9.8744 8.2717 7.3435 6.4782 4.674 4.1165 2.9836 2.1899 1.8846 1.991 2.0432 2.0694 2.0034 1.9185 1.9213 1.85 1.7907 1.7095 1.6427 1.7641 1.7032 1.6726 1.5321
19.3539 19.3951 19.4603 19.5651 19.7365 22.9905 23.0332 23.1609 23.132 26.7828 22.6412 19.2246 19.3772 16.7885 18.2283 18.9351 17.143 16.3851 15.5388 13.0787 12.4291 12.6858 11.9935 12.8432 11.6883 9.7524 8.8434 7.356 7.0226 6.7191 7.0546 8.5914 8.8875 8.9517 9.9915 11.2718 11.627 11.7568 12.3263 12.8595 12.9934 12.7842 12.5294 12.3765 12.5596 12.5472 12.204 11.3183 11.0992 10.1272 8.3217 7.2563 6.5335 3.701 3.5042 2.3974 1.9865 1.9071 1.9713 1.9961 1.9258 1.9484 1.8032 1.8588 1.836 1.5717 1.577 1.654 1.6292 1.5856 1.7888
19.2301 19.2399 19.2625 19.3098 19.4061 19.6001 19.9786 20.978 21.5574 21.2761 18.2239 20.7109 18.0351 14.6995 17.8558 17.0252 14.4963 13.0793 12.3267 11.8474 11.2368 10.3764 10.1898 10.0286 8.9136 8.1607 7.4565 6.8752 6.1804 6.6123 7.1405 7.5914 8.4542 9.2565 10.1072 11.3523 11.8647 12.2791 12.8969 13.2521 13.2144 12.6908 12.806 12.6217 12.5684 12.7095 13.3932 13.1791 11.6745 10.7427 10.055 8.0101 7.1976 5.8127 3.9663 2.6728 1.9454 1.66 1.9181 1.9091 1.8892 1.8722 1.8087 2.0928 1.9604 1.6184 1.5683 1.6529 1.9568 1.9376 2.2177
16.9649 16.9828 19.0349 18.9963 18.9578 18.9412 19.0243 18.9128 19.5585 18.8196 18.3021 18.414 15.6851 13.5441 12.2142 12.3658 12.6236 9.9217 9.1966 9.8222 9.269 8.2477 7.7421 8.1531 7.3234 6.9584 6.1807 5.8932 5.6344 5.637 6.8686 7.2311 7.8302 8.7311 9.8636 11.978 12.3607 13.466 13.8638 13.6338 13.0637 12.7414 12.8485 13.1796 13.4348 13.4488 15.6071 13.421 12.1347 11.1063 10.1108 9.3954 7.4425 6.6266 5.1899 3.5892 1.9529 1.596 1.7451 1.8478 1.8545 1.956 1.8447 1.8918 1.9133 1.9002 2.0204 2.0756 2.4055 2.5784 2.6776
