normal_rasters/0772100001000775.ascii
ncols 66 
nrows 67 
xllcorner 158293.924011
yllcorner 383912.024994
cellsize 0.25
nodata_value -9999 
[rows 31 to 61 of 67, columns 0 to 65 of 66]
24.8211 24.7565 24.6722 24.5591 24.4047 23.7341 23.5972 23.3671 21.3167 22.6412 23.5612 23.0706 23.1891 24.0778 22.0449 22.0026 21.5424 20.9906 21.0274 21.0232 20.9679 20.8987 20.8377 20.7182 20.6501 20.5141 20.4281 20.8713 21.0213 21.062 21.1168 21.1682 21.1736 21.2051 21.2643 21.2781 21.2781 21.0425 20.4882 19.0791 9.6232 16.6822 9.4339 4.971 4.1619 4.2236 3.5933 3.106 2.2417 2.0645 2.3383 2.549 2.7207 2.6432 2.5529 2.745 2.755 2.8893 3.3742 3.9382 4.4963 6.8642 11.4886 11.5951 11.6746 13.5264
24.8197 24.761 24.1068 24.0515 23.9922 23.9467 20.2174 19.2839 20.1299 16.4205 5.8077 21.3716 22.562 21.8602 21.2623 21.2009 21.0669 21.0915 21.1263 20.9865 20.9039 20.7737 20.6549 20.5928 20.5137 20.4719 20.4397 20.6662 20.9841 21.0194 21.1366 21.1736 21.1736 21.1736 21.2039 21.2781 19.9569 19.3334 20.4363 14.98 17.5717 8.0083 3.154 3.6057 4.1038 3.4345 2.5321 1.7067 1.6121 1.8165 2.6288 2.7865 2.6665 2.5514 2.6641 2.7484 2.8847 3.3695 3.9362 4.5045 8.1369 11.473 11.6181 13.5134 13.5638 14.2037
24.2181 24.1892 24.1582 24.1285 20.0556 19.8584 19.1747 20.1788 18.2439 16.1549 14.9107 19.4887 22.3905 22.0687 21.3121 21.0619 21.0253 21.0624 20.9834 20.9081 20.6836 20.7045 20.4739 20.4051 20.2566 20.1285 20.1299 20.4948 20.9753 21.0175 21.1376 21.1736 21.1736 21.1736 21.1587 21.1723 19.4157 6.5377 20.9324 3.9235 7.51 2.9121 2.8605 3.2838 3.2507 3.1673 2.3352 1.5489 2.1548 2.8155 3.0279 2.744 2.5676 2.5185 2.6569 2.8767 3.3618 3.9349 4.5464 8.1179 11.4413 11.6496 13.5514 13.617 14.2398 14.2348
24.2468 20.3193 20.2111 19.8901 19.3896 19.1328 17.9091 19.1075 17.6995 17.3757 17.8734 22.3997 22.1666 21.9291 21.298 20.9051 20.8472 21.0266 20.8454 20.4862 20.3665 20.3007 20.21 20.1559 20.0503 20.0023 20.1641 20.3391 20.8328 21.0323 21.1597 21.1736 21.1736 21.1736 21.1559 21.1357 15.4021 17.1702 6.7865 4.0156 3.3842 2.2824 2.2434 1.9614 2.5263 2.126 2.1106 1.8258 2.8239 2.9239 2.6335 2.343 2.4217 2.6258 2.8588 3.371 3.9381 4.7203 8.0743 8.251 11.6946 13.6087 14.2919 14.2905 14.2814 16.1094
20.2056 20.1053 19.464 19.3383 19.1501 17.9955 19.5134 18.3856 18.2493 18.0646 18.6061 21.9412 21.7172 21.3881 21.2235 21.1088 20.7339 20.396 20.3909 20.2745 20.312 19.9147 19.9284 19.8876 19.6231 19.679 20.0241 20.2941 20.7762 20.9946 21.1733 21.1736 21.1736 21.1736 16.1749 19.7886 17.5423 16.5918 4.4146 1.9542 2.0192 1.9144 1.3507 0.7348 1.2872 1.4071 2.6046 3.5786 4.3812 3.8918 3.6271 2.7578 2.6132 2.629 3.2621 3.967 4.7625 7.9567 8.3 13.4634 13.7022 14.3716 14.3663 16.1573 16.1415 16.1263
19.8437 19.422 19.3207 19.1796 18.9828 19.742 18.7208 18.6496 18.2995 18.0847 18.9296 21.8176 21.585 21.0559 20.9301 20.7348 20.2793 20.2384 20.0816 19.9006 19.8007 19.6949 19.5671 19.3674 19.3343 19.2657 19.6906 20.373 20.6772 20.9459 21.0127 21.1606 21.1709 18.2722 17.3172 16.4259 16.0831 5.2953 1.1847 1.6849 1.755 1.1712 1.3812 1.1936 2.4096 4.1281 4.125 4.5199 3.5828 3.5844 3.6353 3.3023 3.2651 3.2874 3.9422 4.891 7.5509 8.4068 13.4342 13.8723 14.5074 14.4904 16.2163 16.1882 16.1631 16.1417
19.4002 19.318 19.2093 19.0656 18.0574 18.9159 18.8729 18.2359 18.21 18.5606 21.8189 21.4498 20.9585 20.8683 20.6597 20.2871 20.1218 19.9929 19.732 19.4875 19.481 19.3743 19.1003 19.0583 18.9718 19.1773 19.4747 20.2635 20.771 20.9407 20.9419 21.0233 19.6127 16.4242 18.0813 3.9285 2.5229 1.1449 1.3173 1.404 1.1752 1.2257 2.3642 3.325 4.2512 5.7796 5.3331 4.4554 4.3187 4.0648 4.0529 3.7972 4.0431 4.2108 5.077 5.8257 8.6367 13.2779 14.6605 14.7851 16.3825 16.3166 16.26 16.2156 16.181 16.1537
19.3219 19.236 19.1269 18.1222 19.8465 19.0139 18.3641 18.253 18.4152 21.4901 21.4429 21.1343 20.8761 20.61 20.0455 19.8915 19.4889 19.331 19.3336 19.2097 19.1692 19.1517 18.8748 18.7343 18.7392 19.066 19.464 20.3475 20.8615 20.8521 20.8764 20.5773 16.1487 9.831 13.2763 1.1382 1.1263 1.3534 1.4048 1.3527 1.4547 2.3426 3.6661 4.9321 5.1832 5.6054 5.0895 4.8468 4.5671 4.2518 4.3168 3.6185 3.5751 4.1514 4.9639 9.1638 13.6118 14.883 16.946 16.7211 16.5102 16.3769 16.2913 16.2332 16.1915 16.1604
19.2594 19.1739 18.171 19.9488 19.1106 18.4525 18.4271 18.2141 18.1443 21.1916 21.1489 20.499 20.1888 20.1018 19.6835 19.4559 19.0349 18.8796 18.9217 18.8875 18.7393 18.6031 18.4015 18.3333 18.6616 18.9258 19.8891 20.4197 20.9079 20.8431 16.6792 14.968 7.909 13.8511 1.834 1.1926 1.2591 1.4008 1.419 1.716 2.5346 2.4597 4.191 5.0644 5.058 5.0977 5.0991 4.8675 4.5371 4.3408 4.1443 3.1301 3.6553 4.585 7.535 12.7274 14.1689 19.8107 17.9876 16.9152 16.5598 16.3925 16.2967 16.235 16.192 16.1603
19.211 18.2093 20.0229 19.1809 18.5165 18.4679 18.0108 18.052 21.1885 21.1589 20.4662 20.1615 20.1025 19.6634 19.5604 19.1048 18.9534 18.7797 18.3319 18.2534 18.4317 17.8857 18.0497 18.3227 18.8733 18.9888 20.1778 20.3246 20.7429 20.7466 19.7218 18.6142 15.1167 5.9585 3.6958 2.0019 1.5195 1.2439 1.3792 1.8223 3.1128 4.2188 4.7332 5.9123 5.5276 5.2044 5.0361 4.7086 4.3924 4.3088 3.8502 3.2601 3.1156 7.8611 8.5825 16.0017 16.1624 13.7731 16.8682 16.6531 16.4629 16.3465 16.2712 16.2192 16.1815 16.153
18.2403 20.0789 18.9492 18.5648 18.5015 17.8345 17.9992 21.1872 20.4711 20.4493 20.1498 20.1093 19.6597 19.6027 19.1289 19.0338 18.5912 18.358 18.1194 17.816 17.5432 17.5668 17.9085 18.4309 18.8427 19.9307 20.4021 20.146 20.3533 20.0148 20.0474 14.0868 10.2545 6.3584 3.8458 2.9253 2.0845 1.4936 2.6379 3.5605 4.6871 4.8293 5.0862 5.555 5.4375 5.0034 4.8339 4.4991 3.7128 3.0014 3.3659 3.6077 3.8746 6.6479 16.581 15.616 15.2881 15.3511 16.0217 16.304 16.3461 16.328 16.3649 16.3398 16.3183 16.1395
20.1226 18.9935 18.6025 18.1651 17.8412 17.9678 21.1868 20.4583 20.4405 20.1447 20.1157 19.6601 19.6241 19.1365 19.076 18.5605 18.448 18.1496 17.8997 17.386 17.3668 17.6029 17.9261 18.6476 19.4255 20.219 20.409 18.302 18.581 13.694 15.2472 8.6984 7.8697 6.4508 4.539 3.5601 2.5344 2.1718 3.6167 4.3693 5.1996 5.6895 5.5664 5.4959 4.9833 4.5173 4.3441 3.9141 3.2932 3.2838 3.5621 5.0571 10.7756 14.0655 18.629 14.8814 16.0465 15.4073 15.7116 15.9381 16.1955 16.2271 16.2316 16.2254 16.2155 16.276
19.0286 18.6327 18.1911 17.8486 17.9486 18.0677 20.4504 20.1587 20.1425 20.1209 19.6615 19.1689 19.1404 19.1002 18.5473 18.4754 18.3622 18.083 17.6432 17.4858 17.6123 17.9638 18.7535 19.1241 19.9568 20.357 19.9387 19.8767 19.8814 19.1749 12.4804 10.6405 8.2139 7.2125 6.2591 4.7183 2.7559 3.5433 4.8422 5.8487 5.8768 5.9262 6.0752 6.4268 6.0974 4.878 4.9718 4.859 3.7146 4.1858 9.0785 10.1477 13.7635 17.5912 16.4621 15.8916 16.4909 15.1339 15.5749 15.7649 15.8861 15.9539 15.9879 16.1816 16.1821 16.1789
19.0598 18.2121 17.8558 17.9366 17.5557 20.4455 20.1546 20.1416 20.125 19.6632 19.1637 19.1428 18.5746 18.5421 18.4938 18.4234 18.1674 17.7865 17.582 17.7591 17.79 18.457 19.292 19.8463 20.2777 20.3601 20.1319 19.7895 16.8212 15.1963 11.6728 10.7122 10.6675 7.8985 6.4755 6.3205 5.0145 5.0896 6.4346 6.4565 6.2395 5.8024 5.6558 6.8567 7.8242 5.1157 5.2133 6.2393 5.3657 8.6103 9.3932 14.1079 16.5729 14.0892 15.3487 15.8962 15.4194 15.4558 15.1714 15.663 15.7782 15.8549 15.903 15.9316 15.9477 16.1547
18.2295 17.8625 17.9292 17.5332 20.4423 20.152 20.1415 19.7608 19.6647 19.1604 19.1446 18.565 18.5405 18.5062 18.4593 18.3964 18.0011 17.7765 17.8281 17.8603 18.3351 19.5214 20.0062 20.1283 21.1476 25.6952 22.4434 19.0325 16.5452 14.7349 13.4867 11.3257 11.9869 9.8906 6.9129 6.9687 7.1403 7.1598 6.748 6.3496 6.2906 5.3951 5.5408 5.9961 7.1594 7.3892 8.5946 7.309 5.7347 9.5912 14.2324 19.8431 19.1793 17.0845 16.8026 15.8705 15.9638 15.4118 15.4505 15.1586 15.7091 15.7842 15.8371 15.8732 15.897 15.9123
17.8687 17.4503 17.5169 20.6859 20.1504 20.1416 19.7614 19.6661 19.1584 19.146 18.5592 18.5402 18.5149 18.4817 18.4389 18.0369 17.9888 17.8643 17.8797 18.8287 19.453 20.05 20.1115 21.7008 20.6149 24.1055 23.7198 19.9316 17.7723 16.1115 13.6879 11.8411 11.2844 9.9563 8.9613 7.606 7.6299 7.7892 7.4699 6.8395 6.1135 5.9389 5.3196 5.1354 6.3174 7.1028 6.8608 9.8303 12.3922 15.012 13.2283 17.1228 18.334 18.0545 17.5719 17.2939 15.9811 16.0179 15.4243 15.4535 15.667 15.7357 15.788 15.8267 15.8546 15.8744
17.4486 17.5048 20.1555 20.1494 20.142 19.762 19.165 19.157 19.147 18.5558 18.5406 18.5213 18.4966 18.4659 18.0568 18.0235 18.3043 18.4237 18.8545 19.4137 20.0577 20.0919 22.389 21.9114 21.6856 24.9829 25.9788 25.0733 18.9394 16.4985 14.3468 12.8683 11.6365 10.6365 10.0957 9.7521 8.3482 7.9878 8.2589 7.7829 6.5679 5.9584 6.0526 6.2903 6.5145 7.5403 8.7806 14.0826 16.1367 18.4072 15.6943 16.2502 17.3375 17.5911 16.4313 17.6163 16.3188 16.0338 15.3126 15.4378 13.5691 15.7037 15.7525 15.7908 15.8203 15.8425
17.4958 20.154 20.1487 20.1424 19.7626 19.1628 19.1561 19.1479 18.6444 18.5413 18.526 18.5071 18.484 18.0685 18.0445 18.601 18.4553 18.9244 19.3955 19.5024 20.0785 22.2243 22.2679 24.5612 26.0244 28.2745 32.0917 26.9762 23.929 16.7505 14.5606 14.3256 13.541 11.5536 10.5986 9.7954 9.2641 8.6487 8.6694 7.688 7.1174 7.3093 7.4428 7.2148 7.8698 11.1034 10.7353 15.9202 17.0142 18.461 17.1485 16.8916 17.0834 17.3965 16.2597 16.1972 17.649 16.3556 16.0665 15.3304 15.4494 13.5513 15.7276 15.7639 15.7931 15.8162
17.2067 20.1483 19.7706 19.7631 19.1612 19.1555 19.1487 18.6444 18.542 18.5297 18.5147 18.4968 18.4757 18.5581 18.6304 18.4029 18.9617 19.3879 19.4615 22.4871 22.5432 22.6651 22.9355 25.4669 26.6489 29.0856 30.0454 28.8684 26.0204 22.2053 16.111 14.5893 14.0088 12.3222 10.2484 9.1922 9.1711 7.7313 7.4973 6.6785 6.7882 6.87 7.9772 10.1751 11.2876 15.8014 16.3314 19.7431 16.452 17.5921 16.6686 16.4652 17.2137 17.2941 17.4259 16.0874 16.1008 17.6713 16.3763 16.3224 15.3432 15.459 13.5409 15.744 15.772 15.795
20.1481 19.7701 19.7636 19.1599 19.155 18.6556 18.6445 18.5428 18.5326 18.5205 18.5062 18.4896 18.5792 18.5894 18.6716 18.9686 19.3852 21.6704 22.6313 22.701 22.8199 23.0273 25.6085 26.147 27.0175 29.1375 28.6998 28.3611 27.1006 23.6802 24.1541 15.756 13.7907 12.5457 11.9059 9.2737 8.497 7.3806 6.8966 6.853 7.0916 7.3038 8.4723 13.6272 15.3568 18.8041 18.8936 19.5581 18.798 17.5484 17.8191 16.4033 16.386 17.3347 17.3738 17.4427 16.0049 16.055 17.6869 16.3898 16.349 15.3528 15.3543 13.5348 15.7559 15.778
19.7697 19.764 19.159 19.1548 18.6542 18.6447 18.5435 18.535 18.525 18.5134 18.5883 18.5943 18.6036 18.6819 18.9739 19.0159 21.7415 22.1323 22.7805 22.8808 24.5556 25.6655 25.9704 26.4294 27.9333 28.3999 28.1254 26.9155 26.6933 25.0926 23.4719 20.471 15.204 13.1035 11.8079 10.7314 8.3275 7.9097 7.2829 7.3511 8.0468 8.5373 9.5518 17.7811 18.5251 19.6829 20.1671 19.9575 19.3121 19.0165 17.6454 16.8144 16.314 16.3647 17.3901 17.412 17.7753 15.9611 16.031 17.6983 16.3994 15.3596 15.3603 13.5484 13.5309 15.7647
19.7644 19.1583 19.1546 18.6531 18.6449 18.6354 18.5369 18.5286 18.5189 18.5996 18.6054 18.6137 18.6894 18.9781 21.4891 21.7887 22.1517 22.8213 24.4841 24.6117 25.6888 25.8847 26.5605 27.5699 28.198 28.0621 27.7138 26.1806 24.9692 24.1122 23.0222 20.8442 18.3362 15.0449 13.2732 11.4202 9.9578 8.1155 7.8256 7.8338 8.0574 12.1445 15.449 19.9584 19.9335 20.205 20.1439 20.2518 19.4521 19.2377 19.1036 18.5776 16.7314 16.2801 16.3585 17.4197 17.4331 17.7898 15.936 16.0175 16.4398 16.4066 15.3657 15.3663 13.5426 13.5285
19.1577 19.1544 18.6522 18.6451 18.6369 18.5386 18.5315 18.5233 18.6083 18.6138 18.6212 18.6313 21.2019 21.5276 22.0622 22.1619 24.4609 24.5356 24.6376 25.6974 26.2413 26.4396 27.3783 28.0733 27.9408 27.7338 26.0439 24.7836 24.1043 22.5421 21.3476 20.2353 19.1179 16.3121 14.4182 10.6838 8.6072 8.4826 8.1345 8.2433 10.0195 12.1407 18.8362 18.0429 18.6343 19.6264 20.0804 20.1023 20.2769 19.3322 19.2182 19.1442 18.6187 16.6884 16.7598 16.8544 16.8793 17.4461 17.7996 15.9208 16.0097 16.4385 16.4122 15.3708 15.3712 13.5386
18.6571 18.6516 18.6453 18.6381 18.54 18.5338 18.5269 18.6152 18.6203 18.6269 18.6356 21.4706 21.5562 22.0834 22.1671 24.5024 24.5659 24.6489 25.6994 26.225 26.3676 27.2682 27.4101 27.8654 27.732 25.9697 25.7808 24.0615 22.3988 21.6204 19.8371 19.684 19.0517 18.7938 16.5757 12.1608 9.3143 8.2106 9.9241 9.8031 12.9422 14.6265 18.0272 16.9937 17.7697 18.3992 18.6043 20.0499 20.0735 20.2897 19.2809 19.2131 19.1667 18.6408 16.3323 16.762 16.866 16.885 17.4547 17.8066 15.9113 16.005 16.4381 16.4167 15.7347 15.3753
18.6511 18.6455 18.6392 18.6321 18.5358 18.5299 18.6208 18.6254 18.6313 18.6388 21.5035 21.5779 21.6671 22.1694 23.937 24.5842 24.6526 26.1271 26.2128 26.3203 27.1999 27.2471 27.8135 27.7218 27.5933 25.7822 24.0293 23.3253 21.6772 19.7366 19.6692 19.3459 19.0778 19.2453 18.5248 17.2639 15.0693 10.7874 12.8527 12.6219 15.8479 16.8419 16.7231 17.3951 17.727 18.0551 18.2547 18.8645 20.0459 20.0633 20.297 19.2566 19.2125 19.1807 18.6541 16.316 16.7647 16.8739 16.8888 17.4607 15.9165 15.9051 16.0022 16.4381 16.4205 15.7406
18.6457 18.6401 18.6339 18.5375 18.5323 18.6252 18.6295 18.6348 18.6413 21.256 21.5945 21.6714 22.1702 23.9387 24.5951 24.6524 26.1346 26.2031 26.287 27.1549 27.1688 27.7762 27.7099 27.5658 25.2849 24.0075 23.3468 21.6944 19.7027 19.81 19.4026 19.1701 19.8513 20.4897 21.9171 18.7934 17.346 13.866 14.1073 17.7325 16.7129 15.5601 16.5778 16.3883 17.4032 17.8654 18.1432 18.2453 18.1317 20.0466 20.0593 20.3016 19.2441 19.2133 19.1903 18.6628 16.3057 16.8657 16.8795 16.8914 16.9015 15.9104 15.901 15.8623 16.4384 16.4236
18.6409 18.6354 18.539 18.5344 18.6289 18.6328 18.6376 18.6433 21.2539 21.6074 21.6743 23.8412 23.9392 24.6014 26.0928 26.139 26.195 26.2623 27.0665 27.1154 27.167 27.6982 27.5735 25.2629 25.167 23.3544 21.701 20.8409 19.8077 19.4205 19.9221 19.9099 20.1301 22.0252 22.4893 23.7764 19.7765 19.4498 19.0986 18.4232 18.0334 16.7589 16.3934 16.1646 16.3091 17.4645 17.9194 18.1835 18.2441 18.1005 20.0482 20.0577 19.3586 19.2372 19.2146 18.671 18.6688 16.2991 16.8724 16.8836 16.8933 16.9016 15.906 15.8983 15.8626 16.4389
18.6366 18.5403 18.5362 18.6319 18.6355 18.6398 18.6449 21.2669 21.6177 21.6763 23.8709 23.9389 24.0168 26.1023 26.1415 26.1881 26.2433 27.0394 27.0776 27.1183 27.6877 27.576 25.2463 25.1754 23.3565 22.6811 20.8514 19.8073 19.5836 19.961 19.909 21.1061 22.3401 22.6202 24.3926 24.7166 24.8074 21.5854 20.9557 19.4291 18.2741 17.8188 16.9588 16.9023 16.2138 16.2895 17.4933 17.5151 18.205 18.2449 18.0826 20.0498 20.0572 19.3466 19.2332 19.2159 18.6751 18.6732 16.2946 16.8774 16.8866 16.8947 16.9017 15.9027 15.8964 14.7146
18.6329 18.6317 18.6345 18.6378 18.6417 18.6462 21.2775 21.6259 23.3686 23.8787 23.9382 24.0058 26.109 26.1427 26.1822 26.2282 27.0195 27.05 27.0827 27.6784 27.5759 26.998 25.179 22.7723 22.7027 20.857 19.8076 19.5942 19.976 19.9012 21.1241 22.4703 23.9983 24.3152 24.5983 25.143 26.4503 24.0059 22.2263 20.0288 19.5081 17.9993 17.7966 17.015 16.9799 16.2414 16.2848 17.5092 18.1818 18.218 18.2461 18.0713 20.0513 20.0571 19.3388 19.2308 19.2172 18.6781 18.6765 16.7416 16.8813 16.889 16.8958 16.9017 15.9002 15.8952
18.6341 18.6366 18.6397 18.6432 18.6473 21.2863 21.6325 23.3779 23.8849 23.9373 23.9964 26.1139 26.1431 26.1769 26.9818 27.0044 27.0293 27.056 27.6702 27.074 27.0054 25.1802 22.7685 22.7155 20.8601 19.8079 19.9587 19.9824 21.0621 21.1294 22.4745 24.0865 24.2731 24.5804 24.5282 25.1358 25.2237 23.9536 22.6505 21.9151 19.8822 19.5604 17.9029 17.7995 17.0398 17.0167 16.2437 16.2847 17.519 18.2004 18.2265 18.2473 18.0638 20.0525 20.0572 19.3336 19.2294 19.2185 18.6804 18.6791 16.742 16.8843 16.8908 16.8966 16.9017 15.8984
18.6385 18.6413 18.6445 18.6482 21.2937 23.328 23.3856 23.4505 23.9363 23.9884 26.1174 26.143 26.1723 26.9739 26.9927 27.0133 27.0355 27.0589 27.0663 27.0099 24.6068 24.5491 22.7233 20.862 19.8083 20.2666 19.9851 21.0803 22.3991 24.0484 24.1251 24.2456 24.4272 24.6731 24.766 24.8264 24.7604 23.7421 22.7262 22.1635 19.9786 19.6401 19.5905 17.8661 17.8052 17.0535 17.0373 15.8918 16.2859 17.5256 18.2128 18.2324 18.7839 18.0584 20.0536 20.0574 19.3299 19.2286 19.2196 18.6823 18.6811 16.7423 16.8867 16.8923 16.8973 16.9017
