normal_rasters/0772100000297600.ascii
ncols 75 
nrows 60 
xllcorner 159472.015991
yllcorner 383892.872009
cellsize 0.25
nodata_value -9999 
[rows 0 to 30 of 60, columns 0 to 68 of 75]
0.8283 0.8304 0.8326 0.835 2.5631 2.5839 6.0355 6.1105 10.0531 12.1782 15.2928 17.9651 19.3534 19.3671 19.3817 19.3972 20.4226 20.4342 24.7562 26.1145 26.2204 26.3315 26.8595 30.9575 34.6331 34.7525 34.8759 29.759 29.661 22.2729 22.1164 14.5155 14.4047 14.2835 14.1531 9.8308 9.7039 6.0434 6.0053 5.4539 4.6287 4.8986 5.6371 4.8076 4.7914 4.3449 4.3439 4.4329 4.4003 4.4107 4.4004 4.4795 4.9173 4.8234 4.8227 5.0625 5.0571 5.0531 5.0511 5.0514 5.0537 5.0576 5.0625 5.1313 5.1371 4.957 4.9604 4.9634 4.9661
0.8271 0.8294 0.8318 0.8343 2.5528 2.575 2.5987 6.0763 10.0067 12.1307 15.2696 15.353 19.3469 19.3614 19.3771 19.3939 20.4184 20.4311 24.7055 26.0779 26.1934 26.3154 26.854 27.1412 34.5936 34.7251 34.8615 35.6893 29.7466 22.3395 22.1678 14.5727 14.4522 14.3186 14.1729 9.8511 9.7073 6.0473 6.003 5.4454 4.6188 4.8969 4.9252 4.8142 4.7954 4.3462 4.345 4.4311 4.4352 4.4101 4.423 4.3956 4.9171 4.8219 4.8207 5.0551 5.0476 5.0421 5.0396 5.0403 5.0439 5.0496 5.1176 5.1251 4.9516 4.9561 4.96 4.9634 4.8759
0.8258 0.8282 0.8307 0.8335 0.8364 2.5648 2.5902 6.0369 6.1282 10.076 15.2417 15.3325 17.9717 19.3547 19.3716 19.3897 20.4134 20.4272 20.4419 24.7948 26.1603 26.2948 26.8457 27.1451 34.5465 34.6918 34.8432 35.714 29.7394 22.4226 22.2341 20.4116 14.5126 14.3652 14.2021 9.8797 9.7157 6.0532 6.0011 5.088 4.6055 5.5026 4.9281 5.2984 4.8012 4.7779 4.3461 4.3448 4.4329 4.4086 4.4242 4.7355 4.4815 4.8203 4.8186 5.0463 5.0356 5.0276 5.0241 5.0258 5.0317 5.0403 5.1089 5.119 4.9504 4.9557 4.9602 4.875 4.877
0.8244 0.8269 0.8296 0.8325 0.8356 2.5531 2.5803 4.964 6.0888 10.022 13.8213 15.3073 17.9692 19.3467 19.3648 19.3845 19.4056 20.4225 20.4387 24.7363 26.1196 26.2683 26.8337 27.1475 30.9848 34.6512 34.82 35.7431 35.7096 29.2668 22.3198 22.0914 14.5892 14.4268 14.2439 14.043 9.7312 9.5346 6.0 5.0683 4.5875 5.4951 4.9314 5.3182 4.8096 4.7816 4.3473 4.3457 4.4294 4.4058 4.4249 4.7338 4.7385 4.8189 4.8165 5.0361 5.02 5.0075 5.0025 5.0064 5.0167 5.0854 5.1 4.9426 4.9501 4.8707 4.874 4.8765 5.2233
0.8227 0.8253 0.8282 0.8313 0.8346 2.5396 2.5688 4.9398 6.0427 8.5886 10.1116 15.2763 17.9659 17.9804 19.3566 19.3779 19.4011 20.4167 20.4347 24.6656 26.0694 26.2343 26.8168 27.4846 27.5878 34.6014 34.7906 39.0992 35.7444 33.0895 22.4303 22.1757 20.3602 14.5083 14.3029 14.0729 9.7572 9.527 6.198 5.9261 4.5626 5.4849 4.9351 6.0916 5.2805 4.7877 4.3061 4.3463 4.2684 4.401 4.4248 4.7312 4.7365 4.8178 4.815 5.0248 4.9991 4.9775 4.9702 4.9795 5.0488 5.0715 4.9311 4.9425 4.8685 4.8729 4.8761 5.2191 5.2296
0.8208 0.8235 0.8265 0.8299 0.8335 0.8373 2.5553 2.5892 4.9705 8.5443 10.0482 15.2379 15.3628 17.9776 19.3466 19.3697 19.3951 20.4096 20.4296 20.4511 26.0072 26.1906 26.7934 26.9609 27.5977 34.54 34.7532 39.0739 35.7865 33.2649 29.2417 22.2896 20.4119 14.6158 14.3855 14.1212 9.7985 9.5262 6.1942 5.9109 5.0412 4.619 5.5344 6.1047 5.3073 4.7978 4.3061 4.3051 4.2679 4.2807 4.4234 4.4546 4.7328 4.7428 4.8151 5.0145 4.9707 4.9279 4.9173 4.942 5.0242 5.0599 4.9317 4.8659 4.8721 4.8762 5.2153 5.2278 5.2377
0.8186 0.8214 0.8246 0.8282 0.8321 0.8363 2.5394 2.5762 4.9424 5.0117 8.6089 13.7986 15.3289 17.9736 17.9924 19.3595 19.3873 19.4177 20.4231 20.4474 25.3735 26.1343 26.7613 26.9523 27.606 31.0417 34.7053 39.042 39.1371 35.7916 29.3974 22.4432 20.4856 20.2846 14.5007 14.1964 13.8504 9.5369 6.0193 6.0897 4.9988 4.5902 5.5333 6.1265 5.3466 5.2404 4.3069 4.302 4.3421 4.2741 4.4203 4.461 4.7263 4.7387 4.8177 5.0117 4.9353 4.8315 4.8202 4.93 5.0053 4.916 4.8633 4.872 4.8772 5.2126 5.2276 5.5642 5.8399
0.8161 0.819 0.8224 0.8262 0.8304 0.835 2.5208 2.5607 4.909 4.9849 8.5561 8.6963 15.2855 17.9683 17.9892 19.3467 19.3772 19.4111 20.4148 20.4423 20.4717 26.0614 26.7173 26.9365 27.6115 31.6399 34.6439 34.933 39.112 35.8568 29.6047 27.2779 22.2409 20.3618 14.6611 14.311 13.8996 9.5671 6.0401 6.0597 4.9385 5.0679 5.5309 5.6291 6.0586 5.2751 4.5643 4.2981 4.2915 4.2679 4.3216 4.4725 4.797 4.7287 4.7949 5.027 4.924 4.5925 4.6485 4.8998 4.8385 4.8639 4.8751 5.1892 5.2134 5.2307 5.8226 5.8534 5.8765
0.8132 0.8163 0.8198 0.8238 0.8283 0.8333 0.8388 2.5421 2.5898 4.9524 8.4916 8.646 15.2296 17.9611 17.9844 18.0097 19.3642 19.4019 20.404 20.4354 20.4695 25.4128 26.657 26.9101 27.6122 27.8074 34.5647 34.8987 39.0787 39.2181 35.9017 29.4287 27.1073 20.4803 20.1641 14.4838 13.9922 9.6304 6.0775 5.862 5.8545 4.993 5.5246 5.6654 6.0916 5.5896 4.6065 4.2981 4.2699 4.1764 4.4442 4.6424 4.7838 4.7029 4.8572 4.8633 5.0745 4.8271 4.8815 4.8866 4.8838 4.888 5.1955 5.2224 5.2405 5.8463 5.879 5.9022 5.9188
0.5836 0.8131 0.8167 0.821 0.8258 0.8312 0.8373 2.5196 2.572 4.9127 5.0139 8.5827 11.7564 17.9515 17.9775 18.0062 19.3473 19.3893 20.39 20.426 20.4658 25.2842 26.5743 26.8683 27.605 27.8404 35.1179 34.8508 39.0335 39.2021 39.6284 33.4453 27.2952 20.6593 20.2918 14.7429 14.1547 9.7504 6.1455 5.8502 5.7316 4.8687 5.1784 5.7237 6.1589 5.617 4.8521 4.3456 4.2417 4.1925 4.2299 4.6895 4.7454 4.5445 4.7944 4.9927 5.2653 5.3706 5.2234 4.9666 4.9236 5.227 5.2488 5.8471 5.8948 5.9255 5.9452 5.9577 5.9658
0.5828 0.8094 0.8131 0.8176 0.8227 0.8287 0.8353 0.8426 2.55 4.8639 4.9768 8.503 11.6991 17.5248 17.9676 18.0003 18.036 19.3722 19.4257 20.4129 20.4598 20.5105 26.4602 26.8034 27.5845 27.8731 31.804 35.4454 38.9709 39.1784 39.3914 33.6524 33.2428 27.0218 20.5104 19.9467 14.4295 13.5334 6.2737 5.8512 5.31 4.5558 5.1001 5.8193 6.2901 5.985 5.3627 4.4493 4.2739 4.0216 3.9403 4.8512 4.2737 4.5659 4.596 5.1844 5.8393 5.1559 5.2405 5.4084 5.4676 6.1408 6.2391 6.2948 6.3255 7.5571 7.6087 7.6444 9.479
0.5818 0.5834 0.8089 0.8135 0.819 0.8254 0.8328 0.841 2.5225 4.8035 4.9297 8.4021 8.6381 11.8181 17.9538 17.991 18.0327 19.3491 19.4099 20.3948 20.4505 20.5121 25.3351 26.7037 27.5418 27.902 31.7505 35.3704 38.882 39.1423 39.4127 37.3773 33.4731 27.3432 20.874 20.1983 19.2638 13.7393 6.5252 5.8941 5.1707 4.2204 4.9322 5.7133 6.7405 6.1626 5.3171 4.7781 4.3875 4.0204 3.3514 4.1892 5.0244 5.0611 4.5474 5.2913 5.2376 4.9365 5.281 5.422 5.8141 6.0147 7.1721 7.3245 7.4123 8.9877 9.0851 9.5388 9.6238
0.5807 0.5823 0.5842 0.8087 0.8144 0.8213 0.8294 0.8387 2.4882 2.5681 4.8696 5.0297 8.5388 11.7478 17.9345 17.9767 18.0256 18.0797 19.3869 20.3691 20.4359 20.512 25.1018 26.5509 27.4614 27.9196 31.6761 35.2689 38.7523 39.0861 39.4392 37.7314 33.8529 33.0695 26.869 20.7082 19.4732 14.1334 9.9553 6.0757 4.7686 3.6676 4.5449 6.269 6.99 6.6282 5.7079 4.8274 4.3226 4.2974 4.1779 4.1081 4.923 5.8824 6.0049 5.9892 6.3607 6.3384 6.4348 5.9455 7.27 7.7249 7.9383 8.9316 9.0837 9.5326 9.6556 11.9405 12.0681
0.5793 0.5809 0.5829 0.8028 0.8088 0.8162 0.8251 0.8355 0.8474 2.5344 4.7922 4.9756 7.8146 11.6503 14.5265 17.9553 18.0126 18.0784 19.3538 20.3323 20.4128 20.5085 21.3503 26.3171 27.3159 27.9102 28.5698 32.3537 38.5575 38.9957 39.4727 40.8965 37.5734 33.4977 27.4856 21.6718 20.1794 17.5191 12.177 6.6841 4.1347 2.4781 4.1098 6.732 7.3934 6.5861 6.6247 5.4634 5.1679 5.5664 5.8086 5.7949 5.7756 5.9864 7.2585 7.3904 7.5084 7.7691 7.6334 8.2385 8.246 8.2941 9.2237 9.3266 11.1833 11.3099 13.953 14.054 14.1208
0.5777 0.5793 0.5813 0.5838 0.802 0.8097 0.8194 0.8311 0.8448 2.4726 2.8601 4.9021 7.7123 10.8896 14.4795 17.9232 17.9902 18.0708 18.1607 19.4165 20.376 20.4982 21.3417 25.6233 27.0565 27.8388 28.7664 32.4458 38.8603 38.8457 39.5164 42.8578 39.929 34.3484 32.4879 26.7522 22.0177 18.0797 12.2686 7.9531 4.5386 2.3246 4.4275 6.859 7.6513 7.2141 6.99 7.2037 6.6647 6.6418 6.451 6.2618 7.3294 7.3853 8.247 8.3911 8.7143 9.0015 8.8441 9.8725 10.366 11.5722 11.4787 13.4468 13.9503 14.1138 14.2082 14.7085 14.7443
0.5758 0.5774 0.5793 0.5819 0.585 0.8016 0.812 0.8251 0.8409 2.4135 2.8149 4.8015 5.3656 7.9255 11.45 16.4909 17.9526 18.0517 18.1685 19.3677 20.3168 20.4743 20.6642 21.4916 26.5979 27.628 28.9886 32.6228 38.3894 39.2078 39.579 42.8309 40.3654 37.5065 33.4124 27.9766 25.6388 22.6822 12.9459 9.5199 6.5358 4.6101 5.8826 7.291 8.3226 8.9146 7.7049 8.4633 8.4914 7.9479 8.1774 8.3428 8.2494 9.085 9.7364 10.4526 10.953 12.1542 11.5327 12.2477 13.0598 13.6532 13.8949 14.3325 15.9846 16.0332 16.0514 16.0548 17.2414
0.5736 0.575 0.5769 0.5794 0.5827 0.5868 0.8022 0.8167 0.835 0.857 2.752 2.8899 5.2721 7.8025 10.9689 14.5111 16.5565 18.0115 18.1656 18.3368 20.2215 20.4231 20.6927 21.5376 25.8068 27.1104 29.1661 31.3691 36.2193 38.8263 40.3959 42.8829 41.5634 40.3114 36.9687 31.4171 28.4859 25.639 19.4215 12.7457 10.0648 8.3502 8.407 9.0627 9.224 9.9879 10.3054 9.3115 9.3513 9.948 10.0973 11.8713 10.7943 11.431 11.1279 13.0497 13.3502 13.9256 15.1423 14.7491 15.3838 16.0138 16.2025 16.268 16.2638 16.235 17.7265 18.7156 18.7665
0.5711 0.5724 0.5741 0.5764 0.5796 0.5839 0.7894 0.805 0.826 0.8526 2.3859 2.8275 5.1319 5.4934 10.7939 14.3901 16.4524 17.9316 18.1366 18.3853 19.4187 20.3195 20.9686 21.6115 24.548 25.9975 29.0021 32.5671 36.5485 38.5697 40.8636 43.3082 42.2127 40.7176 39.4616 33.8158 30.0559 25.7934 21.7184 18.1875 13.2101 12.0031 10.2816 11.7815 12.0597 11.2524 11.4047 12.3125 11.9689 11.7719 12.4703 14.6633 15.4156 14.2032 13.8347 14.3025 15.0509 15.4379 15.7666 16.4075 16.7356 16.9684 16.8431 17.5926 18.5356 18.6738 18.7629 18.819 19.6781
0.5684 0.5693 0.5707 0.5727 0.5756 0.5798 0.5858 0.7889 0.8125 0.8445 2.2621 2.7312 3.6652 5.3729 10.5104 11.265 14.5999 16.5735 18.045 18.4171 19.2494 20.1371 20.8781 21.7134 22.1426 24.2558 27.8701 32.032 43.461 37.9915 42.3357 44.2317 42.7781 41.4329 39.6561 37.588 32.3998 29.8159 23.2291 20.3745 15.7617 14.2576 13.1864 12.5155 13.521 14.3078 14.4153 16.0589 15.8173 15.5642 14.4671 15.1077 16.3398 16.3514 15.7707 15.7294 15.8703 16.4236 16.7846 17.3869 17.423 18.3308 18.319 18.6085 18.7741 19.4696 19.691 19.7543 20.1893
0.5654 0.5659 0.5669 0.5684 0.5708 0.5745 0.5803 0.5893 0.7921 0.8302 0.8184 2.5823 3.5362 5.1588 6.4236 11.0725 14.3708 16.3201 17.809 18.3602 19.2148 19.8455 20.6626 21.5999 22.1808 22.4675 25.034 28.9968 31.8702 39.0159 43.7502 44.6662 43.5733 42.0832 41.0126 38.1084 36.3689 31.7815 27.7836 21.9904 17.5621 15.3927 15.4759 15.65 15.673 16.4905 17.3212 16.4961 15.9868 16.5721 17.0699 17.0548 16.6872 17.2312 17.1667 16.9045 17.1401 17.1757 17.7108 18.439 18.9394 18.623 19.0517 19.5249 20.4111 20.521 20.9439 21.0054 21.0432
0.5623 0.5623 0.5627 0.5635 0.5651 0.5678 0.5725 0.581 0.5732 0.8054 0.8103 2.3552 2.7234 3.7465 6.2519 9.1724 13.9428 14.8422 16.5413 18.0911 18.9983 20.0006 20.4435 21.6703 21.9741 22.6342 22.8725 25.3523 30.9448 37.9205 44.8161 44.743 44.1126 42.7906 41.6266 39.82 35.8897 33.3731 31.2905 26.0484 21.9467 18.9824 16.5842 18.0879 18.5151 18.1803 18.4105 18.3802 17.6445 18.2332 18.0407 18.462 18.3208 17.6799 17.9776 18.0968 18.2853 18.7185 18.5855 19.2431 19.7979 20.1724 20.2743 20.6479 20.6862 21.0637 21.1061 21.1282 21.1386
0.5591 0.5586 0.5583 0.5584 0.5589 0.5602 0.5629 0.5687 0.5822 0.5869 0.7891 1.0955 2.4177 3.4283 5.8841 7.6121 13.009 14.0688 15.6815 16.9303 18.4734 19.8299 20.5223 20.9368 21.7203 22.1143 22.7692 23.8697 32.6435 35.8734 37.7083 43.0414 44.3086 43.5499 40.177 38.2927 35.2121 31.9052 30.0991 27.5569 23.3261 22.509 19.7827 19.3292 18.8837 19.7802 19.5235 19.5871 18.7582 18.903 19.0061 19.2435 19.4682 19.4817 19.0233 18.8009 19.4476 19.4626 20.0687 19.952 20.4369 20.8873 21.1731 21.3818 21.4732 21.5173 21.273 21.2543 21.8143
0.4455 0.5549 0.554 0.5532 0.5528 0.5528 0.5532 0.5541 0.5583 0.5619 0.7439 0.9747 1.3231 2.5259 5.1698 8.4063 11.5778 13.1915 15.0431 15.9749 17.8123 19.1133 20.2976 20.8598 21.3427 21.9023 22.3224 27.0832 29.9684 32.7153 30.6162 37.1843 40.5727 40.9473 34.6132 33.4976 30.7318 32.9528 29.0299 25.0605 26.1724 22.1223 21.8098 20.6803 20.8189 20.5004 20.484 20.3663 20.2547 19.5571 19.9582 19.9889 20.0853 20.047 20.057 20.1942 20.1824 20.4568 20.6526 21.3072 21.1525 21.3027 21.4485 21.5803 21.6457 21.8458 21.8532 21.8526 21.8496
0.4451 0.4483 0.4525 0.4474 0.4552 0.547 0.5474 0.5457 0.5327 0.4993 0.5594 1.0518 1.2227 1.6836 3.7002 8.0888 10.0488 12.7645 14.1375 15.3329 16.9982 18.8936 19.6189 20.5237 21.2719 21.6683 22.145 22.6246 31.7294 33.2667 29.7209 35.5583 34.9578 33.8425 33.8487 39.1123 27.4084 30.9968 29.1513 27.4988 23.2223 22.2878 22.0566 21.9602 21.6354 21.4921 21.0601 20.9375 20.958 21.0981 20.5533 20.8207 21.023 20.7663 20.5573 20.7602 21.1237 21.2047 21.4259 21.858 21.8263 21.7358 21.9071 22.1606 22.1069 22.0617 22.0389 22.0261 22.0178
0.444 0.4473 0.4516 0.4578 0.4669 0.4731 0.4986 0.5348 0.5054 0.4256 0.4292 0.6393 0.9614 1.9058 2.5814 5.5869 10.2074 11.0379 13.7633 14.9996 15.451 17.3112 19.2061 19.673 20.8213 21.1669 22.0961 22.7695 33.7229 39.5765 42.942 38.2071 38.215 35.6681 29.9915 30.9642 36.4329 25.9433 26.6946 25.2558 23.26 22.689 22.4949 22.1927 22.2111 22.0559 22.0722 21.4543 21.4205 21.8128 21.7999 21.414 21.4873 21.5097 21.3885 21.3297 21.2964 21.5011 21.6899 21.9115 21.9395 22.0102 22.3139 22.4429 22.2217 22.1264 22.0809 22.0713 22.0248
0.4422 0.4451 0.449 0.4546 0.4631 0.4773 0.5032 0.5482 0.5138 0.4303 0.3844 0.2034 0.8686 1.2426 2.9284 4.5136 9.0431 10.8788 12.0773 14.3541 15.5771 15.7251 17.5635 19.6162 19.8888 20.3611 21.3515 24.7796 35.26 38.2657 36.3927 34.7662 36.7878 31.4581 28.5491 27.1502 28.5985 26.6201 24.6708 24.1343 23.5473 22.9855 22.8099 22.5998 22.5863 22.5352 22.3893 22.564 22.024 21.9387 22.1226 22.0589 21.9805 21.766 21.6557 21.6303 21.5419 21.382 21.6283 21.8921 21.9853 21.9815 22.1867 22.2697 22.2637 22.2193 22.1804 22.0801 21.9223
0.4397 0.4418 0.4446 0.4485 0.454 0.4619 0.472 0.4737 0.3994 0.3332 0.2708 0.259 0.6697 1.286 1.8074 3.7326 7.8666 10.8656 11.7647 12.7424 14.8786 15.5067 16.8353 18.2163 19.3155 19.9583 20.1298 20.8362 27.3023 23.0425 33.435 30.9712 30.8114 29.0768 27.3352 26.6751 25.7581 25.0371 24.2387 23.9643 23.7809 23.3747 22.9255 22.8927 22.8489 22.8102 22.7923 22.8497 22.7549 22.3875 22.1891 22.1872 22.0706 21.8628 21.7786 21.726 21.8467 21.701 21.7554 21.8059 21.9352 22.0589 22.1838 22.2011 22.182 22.1331 22.1193 21.881 21.8564
0.4166 0.418 0.4196 0.4214 0.4232 0.4238 0.4203 0.4057 0.3462 0.2916 0.2538 0.2101 0.163 1.088 1.619 2.2109 5.8901 8.9674 11.9014 12.6596 13.6102 15.0971 15.9885 16.6347 17.5758 18.8973 19.8693 20.3652 22.8041 27.1922 25.3736 29.5303 28.7943 27.5675 26.7054 25.8326 25.2265 24.9038 24.176 23.7099 23.6212 23.4718 23.3464 23.0152 22.9154 22.8454 22.8749 22.819 22.8329 22.5319 22.2361 22.1696 22.0151 21.9439 21.8652 21.8072 21.8146 21.7533 21.8505 21.8656 21.9146 21.9755 22.0612 22.0317 21.9943 21.8939 21.7202 21.699 21.6914
0.4117 0.4118 0.3625 0.3629 0.3619 0.3581 0.3492 0.3339 0.2954 0.3093 0.264 0.1339 0.115 0.4803 1.2313 1.6987 2.7571 6.6435 8.4294 12.1417 13.1127 13.8424 15.1301 15.7384 16.9012 18.2722 18.6966 19.6586 21.6613 31.2692 26.4352 26.7312 27.5292 26.7167 25.4217 24.9126 24.7413 24.2064 24.103 23.5688 23.3633 23.2663 23.1805 23.0978 22.7343 22.5772 22.4407 22.4278 22.5601 22.3615 22.1388 22.0051 21.8648 21.8714 21.9649 21.8278 21.7812 21.7175 21.8297 21.7928 21.8502 21.8819 21.9518 21.9296 21.7831 21.6791 21.6401 21.6349 21.3464
0.3543 0.3538 0.3527 0.3504 0.3462 0.339 0.3278 0.2824 0.2785 0.292 0.236 0.1711 0.3292 0.4821 0.5972 1.4106 1.9977 3.9566 7.0085 8.5937 12.0373 13.0361 14.2983 15.1136 15.6275 17.1198 18.1741 18.3439 20.5001 24.9246 24.7507 25.2122 24.6783 25.3814 24.5711 24.0093 23.5948 23.6346 23.4913 23.2483 23.0527 22.8382 22.5911 22.6671 22.4554 22.2494 22.0147 22.1241 21.9729 22.1343 22.0295 21.9467 21.8151 21.6846 21.7916 21.8259 21.7994 21.6804 21.7265 21.713 21.6575 21.6933 21.7385 21.8353 21.6782 21.452 21.4177 21.334 21.089
0.3485 0.3469 0.3445 0.3406 0.3095 0.2645 0.2324 0.2361 0.2478 0.2218 0.1839 0.1659 0.2015 0.3814 0.5636 0.6769 1.9112 2.8257 6.2151 7.3536 8.5126 10.9356 13.2316 14.8864 15.1925 15.3758 17.0511 17.8664 18.2789 19.8698 22.9324 22.9094 24.3846 23.5333 23.5802 23.0985 22.843 22.7056 22.7578 22.9089 22.5367 22.4696 22.1008 21.9675 22.057 21.9873 21.6732 21.6364 21.7518 21.7072 21.8708 21.753 21.7463 21.5437 21.5048 21.5758 21.6718 21.6349 21.5645 21.4938 21.4366 21.3843 21.2786 21.4848 21.3691 21.3759 21.1628 21.0609 20.7893
