normal_rasters/0772100001002377.ascii
ncols 66 
nrows 83 
xllcorner 158338.34201
yllcorner 383906.496002
cellsize 0.25
nodata_value -9999 
[rows 31 to 61 of 83, columns 0 to 65 of 66]
21.201 14.0333 13.1886 11.7704 9.987 9.9537 8.7993 8.7204 14.3343 7.2876 7.1436 2.3236 2.8436 3.8028 3.8342 5.0817 5.1274 5.187 5.7923 7.057 7.071 7.6647 8.4592 9.3707 9.4903 10.9016 14.2914 19.4486 22.0779 23.3151 25.4712 25.4422 23.6449 26.4148 22.1412 22.1349 16.355 12.5991 11.3776 9.4198 8.5038 7.2404 6.5952 6.6893 5.9029 5.5057 3.844 3.0802 2.1017 2.1337 2.0801 2.0244 2.0196 2.0165 1.9779 1.9525 2.1908 2.5197 2.5485 2.8582 4.3421 4.4036 6.9744 7.8501 7.919 11.8036
40.7206 40.7478 40.7786 42.1121 40.9962 41.0115 41.3242 41.2561 41.1763 31.9561 27.4169 27.3283 27.2178 27.082 20.129 21.6114 24.6612 20.1997 20.3462 22.9091 21.8753 21.6033 21.4194 22.2634 15.8753 15.8334 22.1507 24.9893 26.5243 26.9169 26.0316 21.5357 20.9438 21.5512 20.2921 14.5559 13.9723 11.7967 9.7458 8.7461 7.9603 6.5446 5.6263 4.318 4.9079 3.612 2.3162 2.1052 2.0638 2.0725 2.0323 2.0215 2.0145 1.954 1.9498 2.1848 2.512 2.5511 2.8641 4.3352 4.4124 4.4728 7.8291 7.9149 11.7716 11.8595
40.6928 40.7199 40.7512 40.7871 42.1146 41.0061 41.0242 41.3316 41.251 41.1553 36.8698 32.4179 32.3433 31.7769 31.6326 35.2078 30.6874 27.7656 27.3587 24.4169 24.4586 24.465 23.2735 22.9129 22.0026 16.3888 20.399 20.6249 22.5292 33.228 17.2465 19.9437 18.8427 18.4071 14.1955 13.5205 11.7298 9.4583 8.8849 7.9018 6.5253 5.916 4.4056 3.6883 3.0152 2.506 2.0925 1.9502 2.0353 2.1072 2.0314 2.0056 1.9492 1.9439 2.1759 2.5001 2.7012 2.874 4.3249 4.424 5.2397 7.7986 7.9081 9.7723 11.8399 12.7041
40.6612 40.6879 40.7192 40.7557 40.7979 42.1181 41.019 41.0407 41.3408 41.244 41.1273 36.8543 32.4694 32.3788 31.7852 31.5977 31.9862 28.3879 27.7286 27.3963 24.6537 24.7672 24.0029 23.5447 22.8174 20.8172 16.4174 16.3423 18.0822 18.8012 17.0713 15.4149 14.8069 13.4563 13.219 11.5689 9.0667 9.1554 7.7617 7.0725 6.0806 4.0759 3.2107 2.4713 1.827 1.6504 1.8176 2.0114 2.145 2.1177 1.9907 1.9313 1.9296 2.1038 2.6239 2.7027 2.8917 4.3085 5.1652 5.241 7.7526 8.6102 9.7575 11.816 12.6963 12.7999
37.321 40.6514 40.6821 40.7186 40.7617 40.8119 42.123 41.036 41.0625 41.3526 41.2342 41.0892 36.8312 32.5395 32.4276 31.7937 31.5414 31.2063 28.3099 27.6415 27.7358 25.3605 25.3754 24.7539 24.2968 22.1669 16.5864 16.1941 14.8688 13.8511 12.5186 13.1314 12.8059 10.4994 9.5172 8.2343 8.2254 7.0996 6.3947 5.7322 4.4402 3.0433 2.3698 2.0145 1.6691 1.5657 1.6196 1.8358 2.1023 1.9979 1.8338 1.8901 2.2012 2.2899 2.7087 3.1283 4.2798 5.1289 5.2387 7.6804 8.5718 9.7382 11.7869 12.6902 12.8175 12.724
37.2884 37.3162 40.6394 40.6751 40.7182 40.7697 40.8306 42.1299 41.059 41.092 41.3681 41.2202 41.0357 36.7964 33.3792 32.4973 31.8014 31.4466 27.8887 28.1513 27.4329 25.4012 25.3948 26.5166 26.9175 25.7147 18.9985 16.0926 13.9919 12.1294 11.296 11.5845 9.4225 9.3131 8.2259 6.856 6.1769 6.0411 5.8095 4.4347 3.4698 2.8313 1.9903 1.852 1.6611 1.5073 1.5438 1.6799 1.8309 1.8261 1.8117 2.1737 2.3406 2.7302 3.1757 3.4944 5.0564 5.2854 7.5612 8.5104 9.712 11.9329 12.6886 12.8477 15.407 15.4507
34.9256 37.2782 37.3104 40.6244 40.6665 40.7181 40.7808 40.8558 42.1401 41.0912 41.1329 41.3886 41.1994 36.9079 33.4851 33.4378 33.3543 31.8043 31.2787 25.0579 28.0081 26.8908 25.2449 26.2524 29.1295 37.3227 19.7334 14.9868 13.1182 11.87 10.4315 8.7331 8.4783 7.4952 7.1574 6.6252 4.9677 4.4632 3.8896 3.478 2.9116 2.1121 1.7437 1.6752 1.636 1.4377 1.2429 1.3467 1.5269 1.6737 2.0877 2.6508 2.9284 3.3746 3.5201 4.9674 5.2121 6.0572 8.4065 9.9898 11.9019 12.697 12.8998 15.4081 15.4626 15.5018
34.9065 34.9304 37.2658 37.3033 40.6054 40.6557 40.7185 40.7962 40.8909 42.1557 41.1379 41.1915 41.4164 41.1668 36.8826 33.5879 33.5194 33.3847 31.7911 28.0652 25.0374 24.2457 24.4665 24.2163 25.5325 24.3231 21.161 12.9863 11.5108 9.1329 8.1908 8.3912 7.6892 6.9231 6.6597 5.3395 4.2402 3.1189 2.6819 2.4233 1.9251 1.5901 1.4987 1.5759 1.5262 1.3349 1.0944 0.9803 1.0593 1.7491 2.7898 3.0775 3.2944 3.5377 3.9782 4.9937 5.9803 8.2221 9.9211 10.4396 12.1755 12.9909 15.4148 15.4838 15.5304 15.5618
34.8837 34.9083 34.9369 37.2503 37.2946 40.5808 40.6417 40.7198 40.8185 40.9412 42.1809 41.2085 41.2785 41.4546 41.113 36.84 33.7479 33.6392 33.3911 31.7238 26.2511 24.8123 22.3914 20.8232 19.4352 17.9299 16.1474 11.5065 10.1083 8.3552 8.0084 7.3248 6.7263 6.6678 6.1236 4.6262 3.4804 2.621 2.32 1.7103 1.7456 1.5918 1.533 1.5371 1.2007 1.1742 0.8689 0.6694 0.6265 1.7474 2.494 3.2006 3.5157 3.8809 3.9216 5.6689 6.9844 9.8249 10.5216 12.2959 14.7526 15.4345 15.5228 15.5768 15.6097 15.6295
35.9819 34.8814 34.9111 34.946 37.2305 37.2836 40.5479 40.6229 40.7223 40.8515 42.8879 42.2239 41.3212 41.4128 40.7664 37.1047 34.0122 34.0266 33.8255 33.2645 31.9382 26.8265 23.1865 20.7537 20.3595 15.8451 12.5306 11.4119 9.0256 7.9931 6.1247 6.2544 6.0251 4.8098 4.435 2.9547 2.4471 2.0177 1.7969 1.5742 1.5583 1.5363 1.3862 1.3081 1.0026 0.9617 0.7619 0.4443 0.6248 1.5709 2.1884 2.8626 3.555 4.0953 5.0246 7.1046 9.0964 10.6986 13.2628 14.7658 15.4858 15.5964 15.6545 15.6841 17.5688 17.5837
32.3279 35.9618 34.8788 34.9152 37.2868 36.7159 37.2694 40.5023 40.5968 40.727 40.9023 42.8944 42.3039 41.5138 41.6281 40.7477 37.1322 34.4433 34.6083 34.1097 32.4972 30.2271 25.1762 22.7898 12.7372 9.3407 10.4231 10.5314 7.6149 6.7829 4.6938 4.0113 4.1985 3.8291 3.5733 2.441 2.2579 1.8126 1.6843 1.5231 1.4555 1.3884 1.1483 1.0671 0.87 0.5647 0.6121 0.9545 1.1696 1.4598 2.0596 2.6882 3.68 5.8894 7.8234 9.3569 10.9255 13.2862 14.8641 15.6193 15.7407 15.788 17.5299 17.5546 17.5741 17.5895
32.3358 32.3324 35.936 34.8758 34.9215 37.2747 36.71 37.2506 40.4365 40.5582 40.7346 42.7957 42.9162 41.5569 41.81 43.4733 40.6274 37.1889 35.4404 35.9953 34.1515 28.1806 25.166 23.0014 12.2629 5.6798 6.0652 7.6696 6.8221 5.0745 4.0234 3.2654 2.8931 2.5752 2.1234 1.8979 1.5827 1.5947 1.6512 1.58 1.3548 1.1057 0.9425 0.7874 0.6451 0.5053 0.6008 1.0542 1.3301 1.7337 2.0861 2.6171 3.6103 7.2861 8.5617 10.4922 13.7534 15.1646 16.5181 16.6331 17.4549 17.5017 17.537 17.5634 17.5833 17.5983
32.3444 32.3422 32.3382 35.9019 34.8721 34.931 37.2624 37.2736 36.7643 40.3368 40.4965 40.7446 42.7538 42.9902 42.0867 42.5095 43.6098 40.2228 34.3582 37.6688 33.1434 27.9723 28.0418 24.8159 19.3364 10.6369 6.3099 6.3424 5.7145 4.2898 3.7979 2.7407 2.2707 1.7227 1.7641 1.4989 1.2466 1.4096 1.6223 1.5455 1.3447 0.9009 0.7952 0.595 0.5509 0.9821 1.3363 1.6419 1.9266 2.04 2.4355 2.9842 3.186 7.1785 10.5487 13.518 16.4339 16.7138 16.6977 17.3813 17.4589 17.5146 17.5524 17.5785 17.5969 17.6104
32.3535 32.3529 32.3507 32.3461 35.8555 34.8673 37.2352 37.2513 37.273 37.1904 38.7525 40.3859 42.484 42.6915 42.5355 43.7269 41.269 43.7733 28.444 32.293 30.782 25.7214 24.9205 23.927 19.993 16.6985 8.2733 8.0324 6.8676 3.2602 2.8687 2.5683 1.5984 1.1659 1.1708 0.8909 1.0301 1.2008 1.5828 1.4643 1.3337 1.0539 0.4521 0.2623 0.2392 1.0122 1.2599 2.0238 2.063 2.2857 2.929 3.5949 3.6546 4.5735 10.28 14.1662 17.057 17.3394 17.1375 17.3639 17.4827 17.5437 17.5786 17.6005 17.6152 17.6256
31.2746 32.3643 32.3644 32.3625 32.357 35.7897 37.4019 37.2121 37.2444 37.2882 37.1901 37.1981 38.703 42.0651 42.1288 44.089 43.583 38.4835 20.9091 9.4523 10.8885 24.4644 24.8873 28.868 25.3081 14.4046 11.2675 9.6299 7.0017 4.7504 2.6169 1.8779 1.1628 0.8842 0.7313 0.8125 0.9842 1.1773 1.2792 1.2169 1.1612 1.0385 0.621 0.316 0.5788 1.2363 1.9153 2.1876 2.46 2.7498 3.8579 4.3462 4.2931 6.0791 9.6602 14.0129 17.3521 18.072 17.2036 17.499 17.6147 17.67 17.6162 17.6289 17.6374 17.6434
31.2796 31.3 31.3221 32.3804 32.3792 32.3727 35.6924 37.316 37.1812 37.2478 37.3417 37.2253 37.2677 39.1067 40.5611 43.1019 47.6153 38.6994 13.2635 6.4915 4.72 14.9101 27.3177 26.4745 23.2716 21.2114 15.9366 14.1643 6.8391 5.6221 2.3628 1.2737 1.0152 0.7005 0.7373 0.774 0.9325 0.9888 1.1833 1.1262 1.0451 0.9866 0.8854 0.8947 0.7767 1.1474 1.8587 2.3718 3.3355 3.9936 5.8347 7.2179 7.2092 9.553 10.7006 13.9737 17.8545 18.9324 17.959 17.7625 17.7502 17.8384 17.8564 17.8709 17.8825 17.8917
31.2834 31.3061 31.3313 31.3588 31.3888 32.4039 32.3963 34.2692 37.1814 39.6621 37.2658 37.7625 37.4526 37.6911 35.9299 36.3265 43.2164 38.3595 8.2893 3.9069 4.1614 3.6716 8.0059 20.8148 25.0498 18.1365 18.2818 14.0439 10.8918 5.5761 3.2293 1.9932 1.1711 0.9384 0.7688 0.8113 0.8501 0.902 0.9595 0.7732 0.8293 1.0799 1.2149 1.118 1.4939 2.1789 2.4008 3.5257 3.8449 5.1483 6.1659 8.4109 9.1071 9.5832 11.5245 12.7307 15.3446 16.7126 17.4792 17.9195 17.8472 17.8214 17.8131 17.8115 17.9036 17.9077
31.2854 31.3107 31.3393 31.3711 31.4061 31.4441 32.4416 32.4335 33.6813 36.3209 39.2579 39.3537 37.5203 39.5616 41.1903 39.2009 35.8863 9.5973 4.3225 3.1114 4.0981 3.2996 5.509 9.764 20.989 25.2977 12.4735 16.516 12.5449 9.4156 4.5635 2.8167 1.4907 1.1566 1.116 0.9616 0.9882 1.04 0.7611 0.5956 0.7615 1.0429 1.5152 1.9636 2.4251 2.6929 2.6572 3.559 4.6143 6.4571 7.4531 9.6392 10.7622 12.3363 13.6795 12.8267 14.5229 15.9254 16.4303 17.2383 17.2315 17.2119 17.8458 17.836 17.831 17.8288
31.2849 31.3129 31.3453 31.3824 31.4241 31.4692 31.5167 32.1804 32.4051 33.8341 35.8035 38.6567 37.3157 32.33 39.3797 21.4544 14.2988 2.8051 3.1428 4.1329 5.4002 6.0003 7.3375 7.1177 7.323 25.7108 25.939 19.8334 16.6633 12.272 8.0203 4.0523 2.4604 1.808 1.537 1.5568 1.1666 1.2422 1.0417 0.6864 1.5452 1.5846 2.5841 3.252 3.2301 3.7395 3.8799 4.8283 5.2986 6.0533 10.6428 11.3425 13.968 26.8595 17.2494 15.5243 16.1563 17.3259 16.1106 16.333 17.1477 17.1557 17.1526 17.1455 17.1373 17.8418
29.5606 29.6391 31.3478 31.3915 31.4428 31.5001 31.5578 31.6097 32.2426 33.5293 34.8355 35.2739 38.3823 43.0799 31.7601 13.1227 8.1208 6.6957 3.6857 7.5049 17.7289 6.0507 6.3965 5.8525 8.9828 18.8512 34.0437 24.2 18.6635 16.8176 13.0957 6.0904 4.0533 2.2752 1.7505 1.6745 1.6308 1.338 1.2504 1.2556 1.0938 2.1095 3.358 3.844 4.1138 4.8548 5.1504 5.5027 6.6323 9.5067 12.2511 14.4465 11.4077 16.2174 16.8815 16.3869 16.1363 16.7014 15.9688 16.1664 16.2877 17.0639 17.1125 17.1146 17.113 17.1095
29.5688 29.6573 29.7645 29.8946 30.0507 31.5382 31.6262 31.6904 31.6986 31.6881 32.8019 33.1214 33.3492 35.3486 17.0511 12.3889 8.6007 7.719 7.0388 15.3792 21.3526 7.4479 4.3621 4.6715 6.6491 11.6047 29.3434 33.6979 25.1768 17.4931 17.786 13.5386 5.5516 4.2405 2.0034 1.6235 2.1216 1.7736 1.4167 1.6352 1.7699 3.3371 3.6017 4.1149 4.6197 5.1135 5.9063 7.3738 9.6089 11.2847 14.8256 18.8288 17.3951 17.1085 17.9488 15.1577 15.759 15.6858 18.4058 16.0728 16.1865 16.2621 17.031 17.0484 17.0892 17.09
29.5611 29.6553 29.7734 29.9242 30.1198 30.3754 30.6995 31.8999 31.8762 31.6111 30.0803 29.7926 28.6485 22.0788 14.0563 11.187 10.0698 9.3578 8.6827 3.2902 7.0412 19.6064 8.0626 3.7056 3.6805 6.3562 17.2629 26.8847 28.5662 22.05 16.4538 16.74 10.4797 4.4282 3.2224 2.3844 2.349 2.7131 3.3082 2.2437 2.7932 3.3974 4.0282 4.7415 5.3403 5.951 7.4952 8.1625 10.6501 13.061 15.7197 16.358 16.499 17.745 18.0875 17.9994 14.6659 15.5004 15.5748 18.536 16.1215 16.1943 16.2458 17.0109 17.0257 17.0348
29.5346 29.6276 29.7466 29.9033 30.117 30.4214 30.8873 31.6977 32.104 31.913 28.0427 25.2975 21.0859 20.0799 15.3349 12.869 9.7736 9.209 4.9673 2.2512 10.4146 10.9181 6.2612 5.799 3.2441 3.0614 5.2765 19.8262 30.8555 28.6828 14.5184 15.7768 14.2648 10.6439 6.2557 3.5058 3.0217 4.5849 4.435 4.4698 3.9218 4.6184 4.5612 4.7587 6.5149 7.3678 8.3553 9.6093 12.844 15.3224 16.7204 17.5194 17.297 16.837 17.9703 18.194 17.9955 17.9961 14.6584 16.6996 18.6025 16.147 16.1974 16.9797 16.9977 17.0101
29.4884 29.5721 29.6789 29.8195 30.0109 30.28 30.6526 31.0085 35.5382 28.2898 24.5956 22.1619 19.6918 17.7812 15.6432 13.4965 12.6311 6.8949 4.8184 6.9931 3.9028 11.9551 15.3774 12.0273 8.1379 3.1735 9.3078 12.9418 19.1001 26.3604 28.5658 17.993 13.1556 13.2118 10.1755 5.1834 5.1869 5.1801 6.1075 6.8527 6.0697 5.8423 5.6456 6.3494 7.5417 8.43 9.2683 14.2547 18.9897 18.608 18.2466 17.4673 17.1695 17.2197 16.735 18.0819 18.2169 18.3122 18.1754 14.5518 16.6647 18.6399 16.1615 16.1983 16.9742 16.9885
29.4244 29.4913 29.5737 29.677 29.807 29.9646 30.1065 29.9842 29.558 23.5441 22.5011 22.0559 19.5443 17.2231 15.0352 11.5192 11.4079 7.527 6.6558 10.5831 4.0595 10.3831 8.7494 11.6681 15.0004 13.0401 22.3445 36.0715 10.4592 19.8949 27.5854 25.8143 16.1627 11.2028 13.0149 10.4356 6.5084 6.7884 8.6605 7.9984 9.2976 8.1759 8.116 7.5923 8.481 10.9383 10.7068 14.7786 22.0117 19.9805 18.8693 18.5688 21.3897 17.1389 17.1509 16.7023 18.1349 18.2222 18.2855 18.1406 18.0809 16.6417 18.6625 16.1702 16.1982 16.9702
29.3473 29.3924 29.443 29.4974 29.5484 29.5734 29.5032 29.1174 26.3489 21.6649 20.9824 20.494 19.1884 18.3004 11.6536 10.7686 10.3214 8.6706 6.3617 14.984 9.3319 6.6841 2.3826 8.624 27.1028 27.3403 16.4763 17.9235 3.9877 5.4914 14.6488 23.5314 18.7456 12.5243 13.688 15.8684 14.471 13.9025 12.2833 12.6289 14.4554 11.7514 9.5838 9.8865 14.0518 17.0677 17.7899 18.594 17.5762 17.9326 18.9722 18.4913 18.5737 21.8797 17.1044 16.8214 16.6881 18.1622 18.2225 18.2677 18.1184 18.0729 16.6255 18.6768 16.1757 16.1976
29.263 29.2853 29.3033 29.31 29.29 29.2093 27.4111 27.3414 26.164 22.536 22.358 21.3666 18.9749 18.8736 16.4719 10.2581 9.4696 10.7532 8.1657 7.1587 15.4524 6.018 8.8582 12.2229 18.512 12.3351 4.819 4.5238 3.9852 3.9214 3.6412 9.826 15.3218 19.9065 16.4914 16.1419 18.0174 17.5542 19.924 17.3082 17.305 16.1539 17.5337 18.4888 17.7664 28.8845 24.7165 18.7207 21.1038 21.0462 16.9428 18.4716 18.2558 18.5456 22.1236 17.0783 16.7741 16.6805 18.1774 18.2213 18.2551 18.1032 18.0674 16.6137 18.6862 16.1792
29.178 29.1795 29.8054 29.7559 27.8428 27.696 27.4018 26.9019 24.2042 23.6758 25.9129 26.7451 19.6471 18.9884 18.6998 15.5847 11.995 7.1644 10.9453 7.8213 7.2713 13.3728 12.2287 17.7245 8.3713 5.1784 4.1015 3.9194 3.4319 2.8536 1.2348 2.1349 5.8878 7.8781 20.8602 22.2104 20.2226 24.8072 23.7633 22.1179 19.3316 20.3268 21.4305 22.2606 36.241 29.9004 27.9565 25.4826 21.5778 21.4099 21.0516 18.4224 18.2305 18.7506 18.5167 22.2566 17.0593 16.7449 16.6759 18.1864 18.2196 18.2459 18.0922 18.0634 16.6047 18.6926
29.7673 29.7386 27.728 27.6732 27.5706 27.3967 27.1307 24.387 23.1871 23.6687 24.3534 23.459 20.4157 19.0964 19.1255 18.3507 15.8387 13.8723 12.7311 10.4206 8.0494 7.9511 7.2501 7.6015 4.9024 4.4031 3.5343 2.4559 2.3226 1.2451 1.0227 1.4769 2.8783 5.5839 14.6785 27.0481 23.838 27.1175 27.0799 28.1265 27.6667 25.4985 24.744 26.7285 27.6595 29.3849 27.4283 26.4773 24.8471 21.4853 21.2183 21.0115 22.6701 18.0905 18.6558 18.492 22.3349 17.0451 16.7256 16.6728 18.1919 18.2179 18.2389 18.0839 18.0602 18.0723
27.6429 27.617 27.571 27.4959 27.3811 27.2171 27.0047 24.1963 22.8752 22.7687 22.8559 21.9988 19.1968 19.2329 19.3435 18.9488 17.7586 16.4402 12.9934 11.9328 8.4169 9.2328 8.508 6.8582 6.0594 4.2106 3.2494 1.5509 1.0787 0.7727 1.3613 1.7975 2.2947 2.9854 6.628 15.1391 26.9003 24.6886 31.0759 30.4801 29.853 29.6861 26.6099 25.5599 27.7435 26.4855 28.3608 26.2943 25.7966 28.2159 27.7222 21.1157 20.965 22.68 17.9995 18.5922 22.4421 22.384 17.0342 16.7123 16.6707 18.1954 18.2163 18.2335 18.0775 18.0577
27.5422 27.5039 27.4468 27.3652 27.2541 27.1118 24.1453 22.536 22.1909 22.2574 22.0022 21.3761 19.2372 19.2842 19.2677 19.1981 18.9726 17.9102 14.7518 13.9009 11.904 11.1882 9.4543 8.8991 5.7728 4.3824 3.9642 2.729 0.6881 0.7325 1.5446 1.6619 1.7543 2.0358 2.8068 5.9435 16.0484 32.5869 32.1031 33.8594 33.2163 32.2206 29.268 27.9366 29.636 25.8613 25.9025 27.9935 25.7232 25.4284 28.1214 27.7855 21.0348 20.9222 22.6782 17.9358 18.5471 22.4631 22.4163 17.0257 16.7027 18.1775 18.1977 18.2148 18.2291 18.0724
