normal_rasters/0772100000302914.ascii
ncols 55 
nrows 66 
xllcorner 159162.757019
yllcorner 384396.697021
cellsize 0.25
nodata_value -9999 
[rows 0 to 35 of 66, columns 0 to 54 of 55]
47.6964 47.1227 47.1232 47.1238 47.1245 47.1253 47.1261 47.1269 47.2564 47.2553 47.3009 47.2165 47.1407 47.2219 47.0783 47.0748 47.0708 47.0665 47.4487 47.907 47.9547 48.3565 48.0808 48.8133 48.8429 48.5938 48.6169 48.1619 48.1246 48.0858 48.0481 48.0135 46.434 46.3744 46.3223 46.2778 46.2402 46.2089 46.183 46.1617 46.1442 42.9336 42.9 42.8715 42.8474 42.8271 42.8099 42.7955 42.7834 38.0782 38.0419 38.0101 37.9822 31.4451 31.4007
47.1181 47.6892 47.1228 47.1234 47.1242 47.125 47.1259 47.1269 47.1279 47.2556 47.2543 47.3014 47.2528 47.2246 47.2187 47.0763 47.0717 47.0665 47.0611 47.4554 47.9307 48.3398 48.0767 48.8109 48.8488 48.611 48.6386 48.1822 48.1351 48.0866 48.0404 47.9993 46.4205 46.353 46.2961 46.2489 46.2103 46.1792 46.1541 46.1341 42.9291 42.8907 42.8587 42.832 42.81 42.7917 42.7766 38.0982 38.054 38.0156 37.9822 31.4703 31.4175 31.3708 27.4762
47.129 47.1131 46.5864 47.1229 47.1237 47.1247 47.1257 47.1268 47.128 47.2561 47.2546 47.2998 47.326 47.2531 47.2217 47.0786 47.0731 47.0668 47.0601 47.4398 47.8974 47.6562 48.0682 48.1296 48.8572 48.6347 49.074 48.2072 48.1461 48.0839 48.0265 46.4863 46.396 46.3207 46.2597 46.2112 46.173 46.1432 42.9756 42.9214 42.8771 42.841 42.8117 42.7878 42.7686 38.1251 38.07 38.0228 37.9823 37.9476 31.4387 31.3828 27.487 27.4435 27.4053
47.1423 47.1252 47.1061 46.59 47.1231 47.1242 47.1253 47.1266 47.128 47.1295 47.2549 47.253 47.3006 47.2549 47.2261 47.2169 47.0755 47.0677 47.0592 47.4184 47.081 47.6305 48.052 48.1339 48.8695 48.6686 48.3095 48.2389 48.1565 48.0745 46.5853 46.459 46.3555 46.2737 46.2107 46.1629 46.1271 42.9731 42.9087 42.8573 42.8165 42.7843 42.7588 42.7389 38.0918 38.0325 37.9824 37.9401 31.466 31.3979 27.4999 27.4482 27.4033 27.3642 27.3301
47.1585 47.1402 47.1194 46.5842 46.5945 47.1234 47.1247 47.1262 47.1279 47.1297 47.2556 47.2532 47.2982 47.3254 47.2563 47.2219 47.2086 47.0697 47.0584 47.047 47.0773 47.0987 48.0214 48.134 48.8885 49.1152 48.3787 48.2795 48.163 48.052 46.5578 46.4072 46.2921 46.2073 46.1461 46.1025 42.9655 42.8878 42.8279 42.782 42.7469 42.7203 38.1227 38.046 37.9824 37.9298 32.3644 31.4175 27.5153 27.4529 27.3994 27.3535 27.314 27.2801 27.2509
47.1783 47.1589 47.1364 47.1108 46.5875 46.6002 47.1239 47.1256 47.1276 47.1298 47.132 47.2537 47.2949 47.2995 47.2598 47.23 47.214 47.0736 47.0583 47.0423 47.1789 47.0994 47.1646 48.1226 48.919 49.1447 48.9319 48.3319 48.1571 46.7264 46.4907 46.3177 46.1976 46.1168 43.0759 42.9484 42.8534 42.7834 42.7322 42.695 38.1681 38.0655 37.9825 37.9153 32.3885 32.3143 27.5342 27.4574 27.3927 27.338 27.2919 27.2528 22.3446 22.3306 21.1279
47.2025 47.1824 47.1582 47.1299 47.098 46.5915 46.6076 47.1246 47.127 47.1297 47.1327 47.1354 47.2504 47.2953 47.3251 47.2647 47.2243 47.1978 47.0598 47.036 47.1341 47.0959 47.0942 48.0823 48.3955 49.202 49.0129 48.3943 48.0248 46.6415 46.3552 46.1732 46.0631 43.0797 42.9129 42.7956 42.7144 42.6588 42.6215 38.095 37.9824 33.7909 32.42 32.324 27.5576 27.461 27.3813 27.3153 27.2607 22.3566 22.3373 22.321 22.3073 21.0994 18.3707
47.2322 47.2119 47.1865 47.1555 47.1192 47.0787 46.5966 46.6176 47.1257 47.1292 47.1331 47.137 47.251 47.2888 47.3185 47.1472 47.2428 47.2099 47.0658 47.0265 46.5455 47.1743 46.7356 47.044 48.4745 49.3369 49.1754 48.4333 46.9656 46.4166 46.1102 45.9561 43.0653 42.8404 42.695 42.6034 42.5473 38.1422 37.9819 33.8335 32.4625 32.334 27.5873 27.4625 27.3621 27.2812 22.3784 22.3502 22.3269 22.3078 22.2919 18.3749 18.3682 18.3625 14.9794
44.8811 46.055 47.2233 47.1901 47.1493 47.1017 45.99 46.6033 46.6318 47.1277 47.1331 47.1389 47.1436 47.2433 47.2882 47.3267 47.173 47.2385 47.1694 47.0096 46.5966 47.0723 46.8101 47.0779 47.9847 49.4364 49.2893 48.3179 46.5636 45.9277 43.5089 43.0 42.6881 42.511 42.417 38.222 34.0979 33.8928 33.7417 32.3423 29.4553 27.4592 27.3295 22.42 22.3756 22.3402 22.3117 22.289 18.3826 18.3729 18.3649 18.3581 18.3524 14.953 14.9262
44.8853 44.9195 46.0856 47.237 47.1921 47.1366 47.0726 46.0044 46.6124 46.6533 47.1317 47.1408 47.149 47.1519 47.2705 47.1111 47.1771 47.2015 47.2195 46.9187 46.7454 46.5371 46.7898 48.048 47.6953 48.7769 48.5105 47.4444 45.1737 43.5888 42.7957 42.3475 42.1504 39.2831 34.3148 33.9784 33.7465 33.5862 29.4324 27.4451 27.2724 22.4293 22.3699 22.3241 22.2888 22.2614 18.3822 18.3701 18.3602 18.3521 18.3455 14.952 14.92 11.9131 11.8932
44.6829 44.7245 44.969 45.0118 47.2537 47.1904 47.1118 45.9761 46.0226 46.0884 46.6889 47.1408 47.1572 47.1647 47.2712 47.0974 47.0242 47.2058 47.2743 47.006 46.5973 45.7126 45.6401 45.2915 47.0999 47.3287 47.4089 44.5537 43.5359 42.2132 40.021 37.3429 35.5844 34.0969 33.7146 30.8072 29.3635 25.9124 23.6584 22.4414 22.3582 22.2973 22.2524 18.401 18.3813 18.3658 18.3534 18.3437 18.3359 14.9503 14.9115 11.9104 11.8867 8.601 8.5845
44.0711 44.7297 44.7817 45.0356 45.0866 46.6822 47.1797 47.0636 45.9768 46.045 46.152 46.7557 47.1672 47.1926 46.9578 46.9526 46.9669 47.4052 47.097 46.4284 44.6506 44.5228 43.3114 42.5502 46.8338 42.8118 42.2116 39.4507 38.7464 36.6188 36.3616 34.9413 33.5318 30.6052 26.1344 25.9531 24.4489 22.4572 22.3337 22.2494 22.1916 18.4069 18.3797 18.359 18.3433 18.3313 18.3222 14.9475 11.9409 11.9063 8.6255 8.6021 8.5823 8.5654 6.8144
44.1006 44.1512 44.2051 44.8619 44.931 45.1893 45.9534 46.544 45.9062 45.9621 46.0682 46.2653 46.8825 47.2561 47.0677 46.9323 46.3704 46.2741 45.7353 44.6607 43.1547 41.9442 39.8716 39.8411 38.7997 38.1471 36.4503 36.0242 33.5563 32.9388 30.5394 28.5273 28.0109 26.02 25.8084 24.2939 22.2791 22.1573 18.4724 18.4164 18.3764 18.3477 18.327 18.3121 18.3015 14.9427 11.9437 11.8999 8.6316 8.6026 8.5784 8.5583 6.8085 6.7957 6.7849
41.4788 44.1899 44.2635 44.3438 44.423 44.4841 45.6876 45.8306 46.4504 45.8318 45.8935 46.0717 46.4702 47.3731 46.6684 45.6918 44.5374 45.029 43.7841 41.7916 41.3733 38.7856 38.5559 37.2638 35.8987 35.4214 33.845 32.1577 30.3253 29.8839 28.0628 27.4987 25.6381 22.9911 20.8325 20.6849 20.6005 18.4335 18.3692 18.3268 18.2988 18.2804 18.2685 12.019 11.9468 11.8898 8.6389 8.6019 8.5718 6.8174 6.7994 6.7846 6.7724 6.7623 7.0587
41.4803 41.6513 43.1716 44.4309 44.5617 44.6898 44.7675 45.232 45.7567 45.4911 45.6221 45.6033 46.1016 45.4044 44.0328 43.8519 43.4292 41.4446 39.9375 39.8491 37.9942 36.5464 36.7338 35.0003 32.7948 31.8369 30.5836 28.5836 28.3881 26.5047 24.825 23.1723 22.815 20.7612 20.5483 18.4692 18.3509 18.2831 18.2445 18.223 18.2118 12.0519 11.9502 8.9344 8.6475 8.5987 8.5604 6.8064 6.7849 6.7678 6.7542 6.7432 7.0397 5.9671 5.9811
41.4522 41.6385 41.8783 42.1896 44.7033 44.9475 45.1797 45.2244 45.32 45.3497 44.1526 44.7821 44.1943 44.1971 43.0125 41.5612 39.9136 38.2419 37.9993 36.3588 35.5129 34.6697 32.2558 30.7462 29.6209 28.6679 27.5698 26.38 25.5358 24.7331 23.3579 21.2161 20.5094 18.5632 18.2905 18.1711 18.1215 18.1046 15.3508 15.2819 11.9539 8.9669 8.6571 8.5901 6.8206 6.7869 6.7613 6.7418 6.7269 6.7154 5.6504 5.9625 5.9797 5.9943 6.0067
41.387 41.5756 41.8292 42.1806 42.6822 44.3492 45.7728 46.225 45.6817 44.3422 42.7162 43.4008 42.4326 41.3157 40.333 38.3603 37.2438 35.4961 34.2898 33.0771 32.4423 31.4097 30.2731 28.6004 27.8288 25.7319 24.273 23.637 23.1196 20.4328 19.9954 19.1912 17.1324 16.8469 16.7799 16.0611 16.0244 14.0025 10.6591 9.0178 8.8893 8.5695 6.7938 6.7514 6.7213 6.6998 6.6845 5.6245 5.6402 5.9566 5.9783 5.9964 6.0114 6.0239 6.0343
41.2807 41.453 41.6906 42.0342 42.5621 43.4399 45.0306 48.0901 47.4717 44.2635 41.9221 42.0591 40.7892 41.2934 37.065 36.174 34.7844 33.288 32.1192 30.273 29.5862 28.8479 26.8628 25.5007 23.5836 23.2184 21.8199 21.0864 20.2318 18.8178 17.3672 15.9782 16.044 15.2907 13.654 13.906 10.8484 9.105 8.8846 6.8174 6.7351 6.6829 6.6498 6.6288 6.616 5.6035 5.6255 5.9486 5.977 5.9999 6.0184 6.0335 6.6274 8.5867 8.6205
41.1357 41.2716 41.4582 41.7274 42.1422 42.8431 44.1984 47.1253 46.0543 43.1943 41.7602 40.9338 38.4883 37.0369 34.6371 33.4138 32.6091 30.7838 29.7589 29.2916 26.8497 25.4146 23.8174 23.1384 21.578 20.578 20.0967 19.3135 17.2498 16.1015 15.4669 13.7738 14.3759 13.2825 12.0951 10.676 8.8337 6.7074 6.5968 6.54 6.5124 6.5011 5.5297 5.5705 5.6032 5.9376 5.9759 6.0059 6.0294 6.6259 6.6403 8.5904 9.4364 11.5896 11.6314
40.9615 41.0463 41.1556 41.2999 41.4942 41.7494 42.0025 41.7322 40.8895 39.7758 37.3219 36.7663 34.9323 32.6294 32.1724 31.0893 29.0447 28.2762 26.2383 25.2758 24.8146 23.2474 21.8243 21.2162 19.9668 18.6658 17.4049 15.6985 15.5843 14.9054 13.4685 12.737 11.8356 11.4047 6.5562 6.1194 5.9524 5.9005 5.1502 5.1569 5.4448 5.5133 5.5665 5.9211 5.9758 6.0166 6.6205 6.6431 6.6602 9.397 9.4407 11.5889 11.64 14.4531 14.4746
40.7732 40.8017 40.8267 40.8384 40.8123 40.6875 40.3326 39.6269 37.5492 35.3959 32.9319 34.2229 32.7728 29.8003 27.7394 27.3842 26.5111 24.8712 24.7759 23.8647 21.396 21.6151 20.3942 18.8482 17.5183 16.4654 15.8094 14.9839 12.9634 13.1232 12.0963 10.2844 8.3388 6.011 5.1479 4.9639 4.9601 4.9958 5.2696 5.4012 5.7746 5.8947 5.9786 6.6039 6.6441 6.6725 6.6925 9.3921 9.4482 11.5897 11.6534 14.4441 14.4712 14.4937 15.018
40.5869 40.5643 40.5169 40.4241 40.247 39.9127 36.0711 35.7497 34.2157 33.094 29.9777 28.0537 27.1179 27.2287 26.0479 24.1646 23.1011 23.8896 22.1565 20.822 20.1651 19.3373 18.0416 16.5998 14.9438 15.1087 13.2947 12.8526 11.6426 9.5085 8.5217 8.2936 6.2252 4.3478 4.2324 4.5106 4.585 4.7594 5.2137 5.8466 6.5476 6.6356 6.6911 6.7262 6.7483 9.3873 9.4612 9.519 14.3879 14.4317 14.467 14.4957 15.0226 17.0783 17.0971
38.7199 38.6424 38.5164 37.2572 35.5533 35.3456 34.9195 33.0701 30.7071 27.9757 27.1003 26.1794 24.1815 23.5725 22.6349 21.83 20.7693 19.2395 20.2998 18.3042 16.6799 16.3524 15.0549 14.7002 12.9819 12.0171 10.2252 9.6703 8.7495 7.6047 6.1298 3.5871 4.1709 2.3574 3.3724 3.7694 4.9523 5.3254 6.5731 6.7197 6.7962 6.835 6.8531 9.3844 9.4845 12.224 14.3524 14.4138 14.4618 14.4994 14.529 17.0834 17.1066 18.3799 18.3833
38.401 37.1879 32.0521 31.962 31.7943 31.4832 28.1266 27.5992 26.2086 25.5799 23.2369 22.9944 21.8028 20.7586 19.8342 19.1116 18.3646 17.6898 16.521 15.9757 14.9056 13.8892 11.896 9.9155 9.6687 9.509 7.9993 6.1967 5.2197 5.1682 3.6339 0.676 2.2264 3.4098 3.9886 5.2574 6.7299 6.9856 7.0711 7.0858 8.7427 8.8002 11.5846 12.1781 14.2948 14.3865 14.4551 14.5066 14.5454 16.3426 18.3738 18.3793 18.3838 18.3874 18.3903
31.8601 31.7786 31.6541 31.4613 28.9604 25.0309 24.8246 24.4351 22.3603 22.2114 21.7136 19.6857 18.899 18.5121 17.4165 16.5114 15.8319 16.1055 14.6246 12.5715 9.8616 10.297 8.1665 7.1947 6.5822 5.8639 4.0543 4.3632 1.196 0.8432 1.4199 1.561 3.7195 4.9444 7.0633 7.7412 7.8945 8.5927 10.1489 10.2418 11.4439 11.6218 13.3667 14.3412 14.4464 14.5207 14.5734 16.3632 18.3706 18.3783 18.3843 18.389 18.3927 18.3956 19.4949
28.5262 28.4021 28.2207 24.8059 24.6754 24.461 21.6057 21.5033 21.2134 19.6568 18.4085 17.9849 16.8454 16.4701 15.375 14.917 13.7006 11.6738 11.8473 9.7143 8.1368 6.5786 5.9985 4.1909 4.4015 3.1441 0.8787 1.1526 1.5447 2.7017 3.8712 5.0836 4.8089 6.802 8.1788 9.5885 9.5848 10.1522 10.2769 11.4733 13.2454 13.431 14.4357 14.5509 14.6256 18.3498 18.3648 18.3762 18.3848 18.3912 18.3961 18.3997 19.491 19.5005 19.5085
28.1922 24.7228 24.6364 21.4491 21.4152 20.5242 20.3998 20.155 18.3875 18.1186 17.4099 16.2752 14.8501 14.1771 13.3857 12.476 10.8044 8.07 6.6994 6.1329 5.3726 3.5259 2.5434 3.0536 3.0627 2.0431 2.2292 4.4833 4.5241 6.2436 6.2322 7.7062 8.8044 8.9507 9.7577 9.9207 10.2193 11.3988 12.6175 13.3628 13.5874 14.624 16.4069 18.3279 18.3535 18.3719 18.385 18.3944 18.401 18.4057 19.4859 19.4984 19.5086 19.5168 19.5235
23.6627 23.5689 20.4884 20.449 20.3835 20.2755 18.2917 18.2176 16.4979 16.4468 16.0726 14.4087 13.8245 11.4043 10.4051 8.498 7.092 5.7373 4.1652 2.9584 1.2956 2.1244 2.4358 2.9774 3.8759 5.5306 5.9427 6.4393 8.4533 7.8026 8.6777 8.3474 10.0132 10.5864 10.721 10.9868 11.7938 12.9874 14.7192 16.3828 16.4616 17.4149 18.3282 18.3619 18.3843 18.3991 18.4088 18.4152 19.479 19.4961 19.5094 19.5199 19.5282 19.5347 20.5264
20.4434 20.4164 20.3765 20.3177 17.7313 17.6802 17.5886 16.2467 16.1207 15.2911 13.99 12.6753 11.4829 8.7044 8.3153 5.9247 3.9686 2.2216 2.2718 2.0708 3.0857 4.3078 4.0787 6.0165 6.5305 7.366 8.1297 8.2726 9.1967 9.6763 10.0952 10.6216 11.2058 11.6403 12.1752 13.813 15.246 16.0113 16.4679 17.389 18.259 18.3349 18.3803 18.407 18.4225 18.4313 19.4693 19.4937 19.512 19.5258 19.5361 20.5203 20.5321 20.5413 21.1288
20.3725 19.3805 17.6759 17.6405 17.5858 17.5006 16.1594 16.0572 13.7745 10.4626 8.601 7.5849 5.4135 5.3141 2.1749 1.8906 2.6073 2.4912 3.7499 4.8009 6.0193 6.7583 8.5671 7.8964 8.4596 8.998 10.1747 11.2547 11.1208 11.1482 12.0199 12.2786 12.7055 13.1162 15.0241 15.2154 16.0909 17.0179 17.6741 18.2388 18.3615 18.4221 18.4506 18.463 19.4547 19.4924 19.5187 19.5372 19.5502 20.5265 20.5416 21.2582 21.738 21.7639 21.588
17.6499 17.6247 17.5891 17.5387 16.1785 16.1311 11.554 8.7377 7.9949 7.5804 5.8916 5.0911 3.6862 3.4149 1.551 5.0884 5.7771 5.9052 7.0283 8.4791 8.9962 9.6221 9.8336 11.7277 11.2463 12.0057 11.6712 12.3446 12.706 12.4385 13.7268 13.9161 14.5723 15.2464 15.8375 16.0414 16.8273 17.624 18.0539 18.4561 18.7951 18.8223 19.4335 19.496 19.5361 19.5615 20.4447 20.5389 21.2572 21.8885 21.8939 21.7677 21.5922 21.5929 21.5933
17.5929 17.5599 17.5158 13.4257 11.4578 8.6782 8.4813 6.8827 6.7793 6.5743 6.1917 4.7128 4.3861 4.5989 5.4863 7.0372 9.2394 8.6268 10.6832 10.7055 11.1085 11.9191 13.0728 13.6299 14.0969 13.7277 13.9812 13.6749 14.5863 15.2999 15.2173 15.3836 15.742 16.2096 17.3397 18.1827 18.1625 18.5518 18.8823 18.961 18.9393 19.5242 19.5863 20.4349 20.4724 21.2519 21.8827 21.8927 21.8995 21.7747 21.5992 21.9751 21.5824 21.5754 21.5697
14.7788 11.4951 11.4171 8.6556 6.9145 6.8914 6.8528 6.7897 6.6901 5.1227 5.2291 7.6495 8.2582 9.5449 9.008 10.1277 11.5205 12.8145 13.1638 14.2069 14.5565 15.5083 15.3414 15.8151 15.607 15.4218 16.1923 16.6198 15.7867 16.352 17.0231 17.2497 18.2015 18.0917 18.3498 18.7847 19.2611 19.4077 19.8774 20.0121 20.2845 20.504 21.208 21.866 21.8899 21.9037 21.9118 22.1409 21.9832 21.9762 21.971 21.5774 21.5697 21.4191 21.4154
8.7028 8.6438 6.9057 6.8937 6.8756 6.8489 6.8107 6.8388 7.8054 7.9466 8.2609 8.6973 9.8588 11.1725 11.3351 14.075 15.5016 16.4011 15.96 15.9942 16.8661 17.1099 17.3925 17.207 17.4251 17.7362 17.4286 17.7741 18.1984 18.1288 18.627 19.6033 19.6545 19.4992 19.7746 19.8805 20.3481 20.8794 20.9575 21.3834 21.6798 21.8858 21.9196 21.9348 21.9412 22.1488 21.9901 21.9785 21.9704 21.5804 21.4263 21.4198 21.4148 21.4111 21.4082
6.8995 6.8925 6.8826 6.8688 8.2992 6.9232 7.8993 7.9882 8.1304 8.4051 11.0899 13.3621 12.5864 12.9152 14.6225 16.1698 18.0452 18.2644 18.4707 18.1928 18.4778 18.6295 18.9942 19.1019 19.3469 19.1189 19.1789 19.4439 19.6134 20.4948 20.4933 20.4347 20.7264 21.1575 21.1662 21.2458 21.2041 21.3902 21.8908 22.0453 22.1667 22.1818 22.3164 22.1682 22.1493 21.9839 21.9695 21.8087 21.4304 21.4207 21.4137 21.4086 21.4049 20.6942 20.681
8.3406 8.3404 8.3408 9.6772 7.9258 7.9844 11.1575 11.2267 11.3428 14.0844 14.1532 14.3458 14.8293 16.4027 18.9136 19.4445 19.2904 19.7223 20.0637 20.728 19.9215 19.849 20.9061 21.2103 20.8599 21.1547 21.2729 21.3953 22.0144 21.7476 22.3371 22.1776 22.1117 21.8995 21.9107 21.8447 22.1442 22.1329 22.1732 22.2685 22.3378 22.3328 22.1811 22.0008 21.8248 21.4626 21.4379 21.4217 21.4111 21.404 21.3993 20.4905 20.4756 20.0726 20.0611
