normal_rasters/0772100001000768.ascii
ncols 77 
nrows 78 
xllcorner 158368.867996
yllcorner 383895.269989
cellsize 0.25
nodata_value -9999 
[rows 31 to 61 of 78, columns 0 to 68 of 77]
23.25 23.2133 23.1933 23.2007 23.2498 23.3574 23.5398 24.9057 25.5136 26.2961 28.5965 29.9102 31.3541 32.3943 33.1404 36.1624 40.897 32.6748 24.4719 24.2272 22.5012 19.6085 18.7004 17.1269 15.6762 14.5717 13.6978 12.7944 12.1626 11.3978 10.5738 10.0554 9.535 8.9576 8.6235 8.1732 7.6067 6.9916 6.6292 5.5964 4.8839 4.2886 3.1442 2.0023 1.5497 0.8718 0.5404 0.394 0.3107 0.2854 0.2506 0.2403 0.3129 0.7097 0.8309 2.281 2.466 3.5648 4.9476 5.0147 6.0713 7.2646 7.3184 8.1015 8.1445 8.8415 10.2998 10.6877 11.551
23.3533 23.3358 23.3357 23.3611 23.4214 24.687 25.0322 25.5093 26.1491 28.5051 29.6291 30.7756 31.2736 31.1539 32.0697 34.2061 38.443 27.7262 23.8197 22.5739 20.88 19.1154 17.4496 15.8315 14.9016 13.8391 12.9296 12.1101 11.4834 10.8329 9.9122 9.4217 8.8951 8.672 7.9367 7.6376 6.9067 6.6465 5.6647 5.1611 4.0704 3.1213 2.3973 1.5716 0.8036 0.5551 0.291 0.2973 0.2761 0.2422 0.238 0.2648 0.3111 0.8087 2.206 2.4887 3.6756 4.9027 5.0031 6.043 7.2242 7.2998 8.0897 8.146 8.8472 10.2985 10.6891 11.5522 12.7625
23.4483 23.4443 23.4569 24.7208 24.9168 25.1946 25.5762 26.0893 28.4439 29.4487 30.4385 30.6573 30.1312 30.2408 30.2451 29.6644 27.2337 25.5222 22.1795 20.8791 19.291 17.8091 16.5552 15.7193 13.8046 13.2847 12.3454 11.5057 10.665 10.3071 9.4148 8.9053 8.3872 7.7407 7.567 7.1696 6.2365 5.4762 5.0628 4.2475 3.2131 2.377 1.4689 0.8634 0.5177 0.3824 0.2549 0.1827 0.1876 0.1728 0.2169 0.424 0.8237 1.6984 2.5163 3.6429 4.8152 4.9735 5.9918 6.0983 7.2715 8.0739 8.1506 8.2038 10.2972 11.5318 11.5536 12.762 13.4476
23.5338 23.5391 24.9541 25.1211 25.3516 25.6625 26.0751 26.6177 29.3394 29.6355 30.3483 29.222 29.1698 28.9991 28.5513 27.5383 24.6687 23.7986 21.1653 19.4795 18.0017 16.5078 15.5689 14.2751 13.4962 12.5182 11.5145 10.8934 10.3984 9.6244 9.1649 8.6197 7.9091 7.3675 6.9003 6.1317 5.7491 4.6979 3.9095 2.7127 2.4034 1.4484 0.8699 0.5807 0.3698 0.2888 0.2537 0.1676 0.1135 0.0949 0.2863 0.7851 1.4296 2.5528 3.1197 4.6412 4.8977 5.8861 6.0704 7.2254 8.0524 8.1616 9.654 10.2961 11.5262 11.5553 12.7605 13.4484 13.47
25.0445 25.1504 25.2956 25.4906 25.748 26.0835 26.5168 29.2753 29.4821 29.1223 28.8907 28.7905 28.6064 28.2746 27.6984 26.7805 23.344 21.4209 20.437 18.3485 16.851 15.4563 14.4947 13.6375 12.9786 11.7687 11.3685 10.3469 9.7906 8.9836 8.7609 7.9829 7.5054 6.9477 6.0037 5.7201 4.4934 3.8659 2.8418 2.2821 1.2632 0.8813 0.6147 0.398 0.2974 0.241 0.1826 0.1724 0.1369 0.3501 0.8915 1.357 2.6665 3.0196 3.9639 4.7106 5.6244 6.0004 7.1445 7.3507 8.1873 9.6379 10.2959 11.5169 11.5575 12.7572 13.4486 13.477 13.4979
25.3146 25.4424 25.6097 22.5701 22.6657 22.7745 29.2388 29.3896 28.9604 28.9165 28.606 28.4459 28.1979 27.8188 25.902 22.4335 21.7578 20.8755 18.449 17.2906 16.194 14.7869 13.5214 12.9834 11.9432 11.5401 10.2738 9.7903 9.3518 8.6747 7.8482 7.4162 6.7476 6.0202 5.3567 4.437 3.5998 3.0745 1.9514 0.8543 0.2701 0.3591 0.31 0.261 0.1865 0.0979 0.1672 0.3261 0.5034 0.8725 1.1967 2.0965 2.7667 3.5655 4.2016 4.8377 5.7651 7.0051 7.3694 8.2464 9.6104 10.298 11.5001 11.5605 12.7501 13.4477 13.4865 13.5137 14.2019
22.419 22.4757 22.5424 22.6199 22.7082 29.2188 29.333 28.8626 28.8118 28.5124 28.3798 28.1919 26.3564 25.9239 25.3159 21.1443 20.5773 18.6454 17.4329 16.7771 15.4778 13.9878 13.3415 12.1689 11.5036 10.5601 10.0644 9.3122 8.5524 8.0197 7.4247 6.6788 5.864 5.1647 4.3537 3.4904 3.0107 1.6183 1.2782 0.3567 0.2126 0.2227 0.2361 0.1699 0.1448 0.0943 0.1116 0.5405 0.9188 1.4767 2.2669 2.7911 2.8732 3.9063 4.7584 5.5832 6.5931 7.4642 8.609 9.5628 10.3068 11.4673 11.5644 12.7355 13.4438 13.4998 14.1921 14.2187 14.236
22.4683 22.5236 22.5874 22.6601 29.2088 29.2978 28.8023 28.7523 28.4645 26.7124 26.537 26.2964 25.9691 21.1704 20.9488 20.5763 19.9902 18.1684 16.6554 15.6849 15.1086 13.9111 12.3951 11.8591 10.896 10.0482 9.4845 8.8813 8.342 7.2889 6.7294 6.0177 5.3292 4.2149 3.752 2.7778 1.6886 1.3166 0.6067 0.1017 0.2548 0.2475 0.1681 0.0887 0.0933 0.1129 0.1419 0.8215 1.4888 2.0463 2.7978 3.0856 4.0537 4.9818 5.9079 6.6822 7.4863 8.5246 9.4967 10.5081 11.3976 11.57 12.2696 13.4327 13.5195 14.2098 14.245 15.2964 15.327
22.5103 22.5637 22.6243 24.6692 28.7994 28.7647 28.7184 26.7337 26.6205 26.4717 26.2767 26.0228 21.0124 20.8424 20.5825 20.1986 18.4111 16.753 16.4224 15.2136 14.67 13.2051 12.2916 11.0713 10.5635 9.7464 8.9177 8.5919 7.513 6.5891 6.1608 5.7084 4.2029 3.6514 2.8572 2.1111 1.2106 0.5776 0.14 0.0974 0.1866 0.1903 0.1602 0.0867 0.0793 0.2741 1.1559 1.3928 1.7946 2.5061 3.2378 4.0674 4.3965 5.6852 7.0334 8.1593 8.6778 9.7255 10.3461 10.7778 11.5824 12.3002 13.4024 13.5506 14.241 14.2891 15.3071 15.3464 20.8094
22.5459 22.5971 24.6512 28.7742 28.7414 28.6995 26.664 26.5641 26.4376 26.2776 21.0095 20.9179 20.7848 20.5951 20.3302 18.5556 16.798 16.6104 15.6882 14.2692 12.9815 12.3899 11.1319 10.4463 10.2713 9.4701 8.6293 7.8298 7.4756 6.4338 5.9676 4.4957 3.5047 3.1587 2.0782 1.5885 0.8374 0.2377 0.1206 0.1874 0.178 0.1679 0.1774 0.1563 0.129 0.6601 1.3296 2.0586 2.4869 3.3233 3.7881 4.9183 6.025 7.2201 7.9615 8.8199 9.5097 10.1911 10.89 11.6795 12.3418 13.3228 13.6017 14.3019 14.3706 15.3302 15.3805 20.7522 22.676
22.5761 24.6373 24.6024 28.7272 28.6896 26.6175 26.5297 26.4215 26.2885 20.9367 20.8593 20.7532 20.6096 20.4181 20.168 17.9782 15.9867 15.7988 14.0807 13.8234 12.4043 11.2552 10.1414 10.0282 9.7323 9.0488 8.321 7.3938 6.7938 5.766 5.1355 3.9847 3.3814 2.2445 1.8865 0.9065 0.5099 0.3032 0.239 0.2722 0.1941 0.1683 0.1536 0.2327 0.6022 1.1077 1.7108 2.7892 3.3582 3.6948 5.0226 6.4507 7.0339 7.6686 8.579 9.4279 9.9312 10.5363 11.7193 12.1827 13.2321 13.6609 14.4341 15.2703 15.3846 16.2114 21.4735 23.8611 25.0074
24.6263 24.5906 28.7189 28.6853 26.5864 26.5091 26.416 20.9371 20.8874 20.8218 20.7357 20.6238 20.4798 20.2975 18.0732 15.9827 15.8532 13.9577 13.2482 12.916 11.3161 10.0681 9.9551 9.6589 9.3336 8.6207 7.558 6.6898 5.9386 5.3952 4.0305 2.9542 2.3748 1.891 0.8311 0.3608 0.2348 0.2735 0.226 0.209 0.1776 0.1406 0.1882 0.5618 1.106 1.3573 2.5523 3.0919 3.787 4.8471 5.8033 6.628 7.7961 8.3629 8.8534 9.5129 10.2709 11.1104 11.8098 13.1672 13.5938 14.8895 15.2431 15.5296 16.2761 17.6757 23.841 24.31 26.1499
24.5812 28.7146 28.6845 26.5657 26.4975 26.4168 20.8969 20.8531 20.7972 20.7262 20.6367 20.525 20.387 18.133 15.6255 15.4909 13.8807 13.2053 12.9818 11.3342 10.5745 9.4007 9.3792 8.7731 8.5285 7.9553 6.4638 5.7547 5.3453 4.3383 3.3968 2.5648 1.3436 0.8398 0.3148 0.3123 0.2865 0.2839 0.1986 0.1874 0.1824 0.2377 0.3759 0.9255 1.4415 2.3799 2.7581 3.6829 4.4439 5.3877 6.793 7.9005 8.4573 8.8255 9.5172 10.2033 10.8138 11.3144 12.4955 13.1724 14.3031 16.1969 16.3288 16.5844 17.6622 23.8509 26.3957 26.6202 26.7138
28.7129 23.4 26.5521 26.4916 20.8983 20.8673 20.8286 20.7806 20.7213 20.6483 20.5592 20.4515 20.323 15.5737 15.1513 14.9958 13.1774 12.4287 11.3377 10.6517 9.0667 9.0305 8.5311 8.4014 7.6909 6.5703 5.9344 5.1729 4.1414 3.0333 2.5261 1.5441 0.964 0.4248 0.2832 0.2856 0.2906 0.2592 0.2354 0.1943 0.2189 0.3791 0.9335 1.7478 2.0837 2.6604 3.5277 4.4412 4.6616 6.3735 7.4283 8.1359 8.8203 9.5267 9.7442 10.5877 11.5879 12.2374 12.942 13.9856 15.3066 15.782 16.7778 17.7654 24.0543 26.5404 26.9354 27.0369 30.1466
23.3902 23.347 20.8961 20.8732 20.8451 20.8109 20.7694 20.7191 20.6585 20.5859 20.4997 17.5068 17.3682 15.1283 15.0049 12.8162 12.4215 10.8228 10.6952 8.9894 8.4541 8.4214 8.3444 7.6708 6.5187 6.1896 5.0272 4.0771 2.7404 2.1183 1.471 0.9058 0.5228 0.3091 0.3846 0.3118 0.3149 0.2795 0.2361 0.2485 0.4901 0.6654 1.5736 1.8145 2.6361 3.3479 4.3268 4.7447 6.4324 7.1298 8.0342 8.6077 9.0106 9.8963 10.919 11.3663 12.1404 12.9972 14.1801 15.2442 15.8478 17.231 17.9742 22.5339 26.7508 27.6753 27.7012 30.2554 30.526
23.3439 20.8748 20.8537 20.8283 20.7979 20.7616 20.7185 20.6674 20.6073 20.5368 17.492 17.3759 15.1115 15.012 12.7804 12.416 12.2662 10.72 9.749 8.3937 8.367 8.3169 7.4372 6.4593 6.3004 5.2566 4.0273 2.992 2.0699 1.5505 0.5847 0.4347 0.4845 0.4344 0.3972 0.3327 0.3316 0.2865 0.2391 0.4093 0.8074 1.2256 1.6758 2.5188 3.0455 3.7359 4.8521 6.9214 7.3333 8.3389 8.9956 9.6189 10.3265 11.0424 11.368 12.299 12.9831 14.1322 14.8331 16.2619 20.8642 22.0876 20.5881 24.1404 30.0204 29.3822 30.5367 30.8156 34.6347
20.8577 20.8382 20.8152 20.7881 20.7563 20.719 20.6754 20.6247 20.5661 17.481 17.3826 15.0989 14.4123 12.755 12.4117 12.295 10.7346 9.7661 8.3581 8.3367 7.4759 7.3997 6.9127 6.3387 5.3363 4.0214 3.7878 1.9521 1.543 0.6278 0.1936 0.3471 0.4302 0.3861 0.3523 0.3927 0.3447 0.2618 0.3354 0.9439 1.211 1.7348 2.2835 3.3869 3.7535 5.2611 6.0812 7.4261 8.3655 9.3879 9.6995 10.2827 10.9849 11.7105 12.305 13.1966 13.4666 14.5902 18.7999 22.7691 19.9355 27.799 25.4068 26.6408 34.0759 31.3449 31.2275 34.7416 35.5432
20.826 20.8051 20.7808 20.7526 20.72 20.6824 20.6392 20.5897 17.473 17.3887 14.4919 14.3974 14.2831 12.4083 12.3151 9.8657 9.7773 8.3354 8.3183 7.4305 7.3753 6.9212 6.7974 5.3694 4.0156 2.998 1.8941 1.6919 0.9283 0.4906 0.3595 0.4079 0.4175 0.3768 0.3423 0.3334 0.3278 0.4564 0.9366 1.1948 1.7807 2.3964 3.1985 3.9191 5.2072 6.0003 6.9779 8.3622 9.0581 9.5623 10.6103 11.0642 11.6365 12.2823 12.8432 13.4627 14.8654 15.5917 18.0361 23.4191 25.6361 26.5409 30.6236 30.6781 32.1866 34.7383 34.822 35.9712 36.7387
20.7971 20.7752 20.7502 20.7214 20.6887 20.6513 20.609 17.4671 17.3942 14.4677 14.3866 14.29 12.4055 11.4576 9.8562 9.7848 8.3201 8.3063 7.4003 7.3585 6.9229 6.8374 5.383 4.0112 3.0005 1.8668 1.7567 0.9944 0.5783 0.3566 0.3822 0.4169 0.4453 0.398 0.3235 0.3112 0.4929 0.8256 1.3387 1.4924 2.377 3.2487 3.9925 4.6656 5.8478 7.2658 8.7546 8.9615 9.7553 10.4422 10.8406 11.5078 12.1634 13.0156 13.5474 14.6788 15.265 16.529 17.4638 20.7298 21.7625 31.7485 32.7417 40.6584 40.2746 36.989 37.5749 37.4729 39.2251
20.771 20.7485 20.7231 20.6942 20.6617 17.5178 17.4628 17.3992 14.4489 14.3787 14.2961 12.4031 11.4528 9.8485 9.7899 9.7209 7.4029 7.3791 7.3465 6.9219 6.8598 5.3883 4.0081 3.0 1.8522 1.7848 1.0188 0.6105 0.3602 0.3731 0.4228 0.4388 0.4484 0.3663 0.3293 0.5304 0.887 1.3598 1.7921 2.2562 2.5593 3.8242 4.6232 5.6258 6.5662 8.3437 9.2503 10.3165 10.7686 11.1466 11.6536 12.3989 12.9433 13.5429 14.5269 15.3845 18.5114 21.8957 21.5184 26.2152 30.4453 32.6607 38.598 47.6539 42.8113 40.1349 37.4632 37.4927 41.3771
20.7475 20.7248 20.6993 20.6707 17.5085 17.4597 17.4038 14.4341 14.3728 14.3015 11.5223 11.449 11.3631 9.7933 9.4561 7.3835 7.3637 6.9565 6.9197 6.8729 4.7104 4.6421 2.9986 2.9346 1.8573 1.0309 0.6338 0.3614 0.3688 0.4154 0.4167 0.4033 0.3866 0.3306 0.4167 0.603 1.1728 2.024 2.3509 2.7914 4.2071 5.0729 5.9396 7.0428 8.4964 9.5488 10.1372 10.545 11.2318 12.1522 12.7667 13.0565 13.892 14.6117 15.3797 17.6087 19.6551 24.0092 25.5383 31.6373 42.796 35.7528 40.203 41.8398 40.9813 39.5347 38.697 40.6346 42.8808
20.7266 20.7038 20.6784 17.501 17.4575 17.4081 14.4223 14.3683 14.3062 11.5092 11.4459 11.3726 9.7957 9.4658 7.3688 7.3521 6.9465 6.9172 6.8807 4.7051 4.6532 2.997 2.9502 1.8611 1.0378 0.6402 0.3617 0.3663 0.4121 0.4115 0.4091 0.3875 0.3898 0.3813 0.8795 1.1862 2.0977 2.431 3.1985 4.2699 5.0524 6.0568 7.1603 8.3278 9.3423 9.8913 10.8801 11.3225 12.3199 12.5372 13.3679 14.16 14.7663 15.4731 16.6469 23.9422 20.2839 23.0289 38.842 32.8781 40.297 39.5081 38.1363 36.2788 36.31 37.7915 38.9939 40.4449 41.4658
20.7079 20.6853 17.495 17.4559 17.4119 14.4127 14.3649 14.3104 11.4985 11.4434 11.3802 9.7973 8.8373 7.3574 7.3432 6.9385 6.9146 6.8855 4.7004 4.6597 2.9954 2.9598 1.8638 1.0423 0.6438 0.3616 0.4104 0.4104 0.4098 0.4083 0.3893 0.4086 0.71 1.0521 1.3882 2.3521 2.7135 3.3304 4.1821 4.9943 6.4149 7.1665 8.2244 9.127 9.9741 10.6805 11.1172 12.1375 12.6973 13.6547 13.9606 14.6935 15.4003 16.575 18.9579 19.0089 26.4483 23.9864 28.6629 40.8947 45.5713 38.9957 34.3998 33.1266 34.1284 36.18 38.0037 39.3553 40.152
20.6913 17.4901 17.4549 17.4155 14.405 14.3623 14.3141 11.4897 11.4414 11.3863 9.7984 8.8367 7.3484 7.3361 6.932 6.9122 6.8884 6.1658 4.6636 2.994 2.9661 1.8657 0.6542 0.6462 0.3615 0.4097 0.4096 0.4092 0.4081 0.3897 0.7291 0.7988 0.8849 1.9359 2.2469 2.7077 2.8519 3.9948 5.0149 6.7158 7.1579 7.8018 9.3285 9.855 10.4507 11.0337 12.0833 12.539 13.5569 14.2663 14.722 15.5964 16.2998 17.8375 20.786 26.03 33.594 35.4986 41.2345 45.0244 42.7917 35.4083 31.496 33.5669 34.2934 35.5789 37.1642 38.3895 39.1611
17.4862 17.4543 17.4187 14.3986 14.3604 14.3174 11.4825 11.4397 11.3913 8.877 8.8359 8.7894 6.9404 6.9265 6.9099 6.3219 6.1706 4.6659 2.9928 2.9703 1.8671 0.6541 0.6478 0.3421 0.3437 0.4091 0.4089 0.4081 0.3897 0.7701 0.8366 0.8967 2.0041 2.2007 2.8935 3.6183 4.0431 4.6074 6.2216 7.3219 8.371 9.106 9.8762 10.3576 11.0012 11.7283 12.5202 13.3398 14.2947 14.9409 16.0305 16.1591 17.4852 21.0604 22.9585 33.4875 33.116 41.1069 43.1229 42.3633 39.9743 35.8173 33.6808 33.8796 34.5356 35.5248 36.7314 37.744 38.4594
17.4539 17.4217 14.3933 14.3588 14.3203 11.4764 11.4383 11.3954 8.8714 8.8352 8.7944 6.934 6.922 6.9077 6.3203 6.1738 4.6672 2.9917 2.9732 1.8683 0.654 0.649 0.3418 0.343 0.4089 0.4087 0.4082 0.7802 0.7921 0.8533 1.6185 1.7347 2.1692 3.3127 3.932 4.0934 4.8476 6.0021 7.2279 7.9129 9.183 10.0129 10.8346 11.4341 11.8157 12.4857 13.2268 14.3295 14.9065 17.7306 16.8892 18.305 19.9984 21.9901 22.6713 29.434 35.8199 42.8196 42.7622 34.2077 36.1652 37.1794 35.1328 34.857 34.9308 35.0539 34.7073 37.3765 37.9985
17.4245 14.3889 14.3577 14.323 11.4712 11.437 11.3989 8.8665 8.8344 8.7985 6.9286 6.9181 6.9058 6.2032 6.1759 4.6679 2.9907 2.5559 1.8692 0.654 0.6499 0.3415 0.3425 0.4087 0.4085 0.4082 0.7952 0.8033 1.5414 1.605 1.7345 2.1488 3.3539 4.0591 4.1636 5.2831 5.9861 6.6085 7.7509 9.5392 9.9977 10.9526 11.4329 12.0586 12.7071 13.3847 14.0481 15.1558 18.4705 24.2436 20.692 19.2903 19.8718 21.7541 30.5804 39.9548 40.4709 41.9396 39.166 33.6439 35.2132 36.9077 35.5089 35.4466 35.4245 35.2282 34.538 35.1324 37.7155
14.3852 14.3568 14.3254 11.4668 11.436 11.4018 8.8623 8.8336 8.8017 6.924 6.9147 6.904 6.2009 6.1773 4.6681 4.2267 2.5562 1.87 1.4567 0.6991 0.3413 0.3421 0.4086 0.4084 0.7923 0.8051 0.8225 1.5719 1.6225 1.7319 2.9623 3.3741 3.5131 5.2934 5.4199 6.0138 6.3679 7.9484 9.337 9.7866 10.8957 11.6037 12.2094 12.7534 13.583 14.3894 15.0523 16.1319 17.7052 21.318 24.0707 22.035 23.8332 33.7374 38.4747 41.5372 45.1736 44.5939 40.2343 38.2145 37.154 37.5088 35.9099 35.7418 35.7593 35.7924 35.7489 34.9123 35.3476
14.3561 14.3275 11.463 11.4351 11.4043 8.8586 8.8329 8.8044 6.92 6.9118 6.9024 6.1987 6.1781 6.1548 4.229 2.5564 1.4708 1.4583 0.6992 0.3411 0.3418 0.4085 0.4084 0.8007 0.8118 0.8263 1.6046 1.6329 1.7288 2.9704 3.3856 3.4903 5.4076 5.4998 6.0438 6.9519 7.3454 8.5471 10.1308 10.7023 11.465 12.2528 12.9588 13.3796 14.8549 15.9299 16.5034 16.8239 20.2021 20.6356 26.6018 27.5427 32.8117 41.2502 41.0623 40.3569 42.2183 43.2807 40.8285 40.2448 39.3263 38.4531 38.3048 36.097 35.9719 35.9528 35.784 34.7671 35.1312
14.3295 11.4598 11.4344 11.4065 11.3759 8.8322 8.8066 8.7784 6.9092 6.2126 6.1967 6.1786 6.1582 4.2307 2.5565 1.4704 1.4596 0.6993 0.3409 0.3415 0.4085 0.4084 0.8069 0.8165 1.5825 1.6155 1.6394 2.9017 2.98 3.3928 4.7212 4.8551 5.5476 6.7954 6.9778 7.2414 9.0433 9.3777 10.618 10.9456 11.9183 12.9276 13.7008 15.0881 16.0068 16.698 17.498 19.5865 19.8561 27.9969 27.5973 30.6797 38.8893 42.3472 40.469 39.567 40.7981 40.2441 40.3845 39.4947 38.7551 40.0289 39.4845 36.7261 36.4408 36.1636 35.7228 36.0894 34.9797
11.4569 11.4337 11.4083 11.3806 8.8315 8.8083 8.783 6.9069 6.209 6.1948 6.1788 6.1609 4.232 2.5566 1.4702 1.4607 0.6994 0.3408 0.3413 0.3418 0.4084 0.8112 0.8199 1.5953 1.6233 1.6435 2.9231 2.9869 3.0662 4.7525 4.8597 5.5775 6.8695 7.0019 7.1863 9.0721 9.2973 10.5886 10.7863 12.4654 12.7232 13.7748 14.8454 15.3761 16.7511 17.6327 18.636 19.8186 26.9926 34.4544 36.7429 38.6713 41.9669 40.9156 40.5132 38.093 38.8814 39.5894 41.6348 41.9164 39.0975 38.7579 38.5384 37.7386 36.8482 36.6249 36.4726 35.9974 34.8735
