normal_rasters/0772100001000768.ascii
ncols 77 
nrows 78 
xllcorner 158368.867996
yllcorner 383895.269989
cellsize 0.25
nodata_value -9999 
[rows 0 to 30 of 78, columns 0 to 68 of 77]
9.8145 9.8188 9.8238 9.8295 13.5501 12.0816 13.3641 17.0443 18.598 18.6103 21.7361 22.8887 22.3263 22.6562 23.1523 23.2054 22.3192 22.4213 22.5356 22.659 22.7864 25.9905 25.9563 25.9239 25.8957 27.7606 27.7729 27.7998 27.8394 28.6171 28.7993 28.9777 29.1455 32.087 32.2347 32.3661 32.1046 34.8667 34.9635 31.5543 31.4999 28.355 27.5696 27.4394 26.9428 26.8072 24.5623 19.1967 19.1819 19.1681 19.1554 18.1238 18.1002 18.0787 18.0591 15.9812 15.9573 15.9354 15.9154 15.8972 15.8806 15.8656 15.8519 15.8396 13.341 13.3318 11.0574 8.7401 6.4726
8.6599 9.8127 9.8176 9.8233 13.5069 13.5505 13.3538 13.374 18.5865 18.6005 21.7391 21.7102 22.8551 22.608 22.6315 23.1426 23.2122 22.3619 22.4936 22.6389 22.7914 22.9427 25.9388 25.8979 25.862 27.6679 27.6822 27.7164 27.7674 28.578 28.7965 29.007 31.9248 32.1121 32.2779 32.0509 34.7912 34.909 31.6055 31.5429 28.421 28.3052 27.4859 26.966 26.8084 24.5654 20.0984 19.1915 19.1757 19.1612 18.1354 18.1087 18.0843 18.0622 15.9909 15.9642 15.9399 15.9177 15.8977 15.8795 15.8631 15.8483 15.835 13.3393 13.3293 11.0566 8.74 6.4729 4.0215
8.6608 8.6596 9.8106 9.8162 9.8229 13.5006 13.5516 13.3626 16.221 18.5882 18.6053 21.7132 21.6769 22.8124 22.571 23.0633 23.1367 22.2796 22.4313 22.604 22.7892 22.9748 25.9201 25.8673 25.8203 27.5532 27.5697 27.6144 27.6824 28.5425 28.8084 31.7023 31.946 32.1609 31.9813 34.6995 34.8456 34.9681 31.6037 31.5242 28.3682 27.5476 26.9979 26.8126 26.6539 20.1101 19.2033 19.185 19.1682 18.1493 18.1188 18.0911 18.0661 16.002 15.972 15.9448 15.9202 15.898 15.8781 15.8601 15.844 13.3491 13.3372 13.3265 11.0557 8.74 6.4734 4.0225 2.499
8.9769 8.6606 8.6593 9.8082 9.8147 9.8225 13.4934 13.5537 13.3748 16.2268 18.5927 18.6139 21.6799 21.6331 22.7566 22.5246 23.0375 23.1394 22.3386 22.5453 22.7739 23.0066 25.9015 25.8315 25.7674 27.407 27.4255 27.4868 27.5811 28.5167 28.8455 31.7116 31.9996 32.2434 34.5857 34.7715 34.9233 31.6895 31.5941 28.4531 28.2955 27.0417 26.8213 28.3681 20.125 19.2179 19.1964 19.1768 19.1591 18.1311 18.0993 18.0707 18.0452 15.981 15.9504 15.9229 15.8982 15.8761 15.8564 15.8389 13.3477 13.3347 11.285 11.0546 8.7399 6.474 4.0238 4.0142 2.4927
8.9809 8.976 8.6604 8.6588 9.8054 9.8131 9.8224 13.485 13.5576 13.3919 16.2365 18.6016 18.6283 21.6356 21.5732 22.6809 22.4646 23.013 23.1612 22.4478 22.7353 23.035 26.2388 25.7907 25.699 27.2132 27.2323 27.3222 28.0793 28.513 31.3644 31.7665 32.1028 34.4413 34.6847 34.8771 31.8113 31.6965 28.5697 28.3728 27.1027 26.8365 28.3445 20.1444 20.1121 19.2107 19.1876 19.1668 18.1462 18.1094 18.0764 18.0472 15.9914 15.9567 15.9257 15.8981 15.8736 15.8519 15.8327 13.3459 13.3317 11.2843 11.0532 8.7397 6.4747 4.0252 4.0147 2.4937 2.4859
15.7529 8.9806 8.9749 8.6601 8.6583 9.8021 9.8113 9.8225 13.4751 13.5641 13.4798 16.2523 18.6181 18.6521 22.3474 21.4872 22.5735 22.8364 22.9975 23.2257 22.6527 23.0522 26.2259 25.748 27.0399 26.9415 26.9556 27.1031 27.9771 30.8187 31.4083 33.8203 34.2527 34.5839 34.8342 35.0229 31.8479 28.7334 28.482 27.1886 26.8619 28.3216 23.9201 20.1311 19.229 19.2013 19.1765 18.1651 18.1219 18.0836 18.0498 16.0035 15.9639 15.9287 15.8977 15.8703 15.8463 15.8252 13.3437 13.3281 11.2834 9.582 8.7396 7.7944 4.027 4.0154 2.4948 2.4863 1.1767
15.7823 15.747 8.9802 10.8157 8.6597 8.6576 9.7981 9.8093 9.8232 13.4635 13.5748 13.5143 16.2786 18.6475 18.6911 22.2587 22.5045 22.8211 22.7486 23.0135 23.3885 23.04 26.2336 25.7145 26.7644 26.5261 26.5177 26.8094 29.9012 30.8164 33.3447 33.9974 34.4706 34.8066 35.0444 32.0741 31.8658 28.6401 30.4954 26.9025 28.301 23.9179 20.1567 19.2525 19.219 19.189 19.1625 18.1377 18.0926 18.0531 16.0177 15.9721 15.9319 15.8968 15.866 15.8393 13.3603 13.3408 13.3236 11.2822 9.5821 9.5719 7.7941 5.8436 4.0163 2.4962 2.4868 1.1773 1.173
17.9848 15.7812 15.7395 8.9797 10.8093 8.6592 8.6566 9.7933 9.8071 9.8248 13.4494 13.5926 16.2776 18.6332 18.7006 22.2796 22.125 22.2902 22.6151 22.6459 23.1307 23.7761 26.2703 27.1384 26.4709 25.8144 25.7341 26.4707 29.7656 32.5696 33.6349 34.3564 34.8245 35.1255 35.3211 32.1437 31.2829 30.596 28.714 23.9926 23.9214 23.8629 20.1391 19.2424 19.2055 19.1731 18.158 18.1041 18.0573 16.0348 15.9816 15.9353 15.8951 15.8604 15.8305 13.3588 13.3371 13.3181 11.2806 9.5821 9.5708 7.7937 5.844 4.0174 2.4978 2.4874 1.178 1.1733 1.169
17.9964 17.9835 15.7798 16.0636 8.9791 10.8012 8.6586 8.6553 9.7873 9.8049 9.8278 13.4322 13.6225 16.3277 18.6979 18.799 22.16 21.9033 22.5965 22.2655 22.5736 23.5665 24.5745 25.925 26.5847 24.8315 24.6046 27.9584 31.1877 33.0678 34.2833 34.9678 35.3403 35.5455 32.5823 31.5875 30.7596 29.6142 24.0292 23.9348 23.8572 20.1742 19.2739 19.2277 19.1873 18.1845 18.1191 18.063 16.0554 15.9928 15.9388 15.8925 15.853 15.8194 13.3568 13.3324 13.3112 11.2785 9.5821 7.8071 7.7932 5.8445 4.0188 2.4998 2.4882 2.4777 1.1736 1.1688 1.1646
20.8952 17.9973 17.982 15.7781 16.0531 8.9783 11.3686 8.6577 9.7632 9.7797 9.8027 9.8337 13.4106 13.6746 16.4197 18.8303 18.9906 21.9457 21.4775 22.1887 21.5928 22.8679 24.7423 25.4535 26.4643 26.7971 26.4811 28.3641 31.7607 34.3677 35.473 35.8754 36.0116 35.2124 34.6405 31.0286 29.6833 24.0941 23.9658 23.8601 23.7768 19.3177 19.2585 19.2069 19.1631 18.1392 18.0706 17.3137 16.006 15.9424 15.8885 15.8431 15.8051 13.3539 13.3263 11.5769 11.2759 9.5819 7.8083 7.7926 5.8452 4.0206 2.5022 2.4893 2.4775 1.174 1.1687 1.164 1.1597
20.9521 20.8936 17.9987 17.9802 15.7759 16.0392 10.8316 11.3577 11.3028 9.7482 9.7696 9.8009 9.8451 13.3829 18.8159 21.6611 19.1214 19.3912 21.6575 20.4337 20.1591 21.1121 25.3517 27.0903 28.0585 33.1012 30.5388 28.8779 35.2316 37.273 37.2719 37.0039 36.7655 35.2875 31.4739 29.8172 29.0526 24.0288 23.88 23.7629 20.2012 19.3026 19.235 19.178 18.1665 17.3829 17.3216 16.0218 15.9458 15.8824 15.8299 15.7866 13.3498 13.3183 11.5751 11.2723 9.5816 7.8098 7.792 5.8462 4.0229 4.0046 2.4906 2.4775 1.1745 1.1687 1.1634 1.1587 1.1545
21.0192 20.9622 20.892 18.0008 17.9779 15.7728 16.0203 10.8293 11.3443 11.2711 9.7268 9.7556 9.8007 14.5215 13.3452 21.273 21.7571 19.832 22.4524 21.1924 17.1094 12.3663 28.0686 29.1342 34.5547 41.7074 39.3566 40.3475 44.3612 42.1081 40.7517 40.1457 38.9789 32.2952 30.0644 29.0076 24.1506 23.9338 23.7625 20.692 19.3685 19.2767 19.2001 19.1384 17.4089 17.3315 16.0409 15.9486 15.8732 15.8118 13.3872 13.3439 13.3078 11.5724 10.0984 9.5812 7.8116 7.7913 5.8476 4.0259 4.005 2.4923 2.4775 1.1752 1.1686 1.1628 1.1576 1.1529 1.1489
22.3485 21.044 20.976 20.8904 18.0041 17.9751 17.9376 15.9934 13.5581 11.3274 11.2253 9.6945 9.7348 9.8047 14.3837 18.1801 21.0935 22.2016 23.7817 23.8493 23.2651 22.3435 28.374 34.9291 39.9404 40.9522 39.774 42.9317 45.0128 42.9512 41.4554 39.8367 35.3908 30.4836 27.3817 27.0006 24.0568 23.7937 23.6006 19.4714 19.342 19.2345 19.1496 17.4446 17.3441 16.0643 15.9504 15.8592 15.7868 13.3865 13.3355 11.594 11.5685 10.0985 9.5804 8.6384 7.7904 5.8494 4.0297 4.0058 2.4945 2.4776 1.1761 1.1687 1.1621 1.1563 1.1511 1.1466 1.1427
22.3398 22.3655 21.078 20.9956 20.8889 18.0092 17.9716 17.9207 13.953 13.5496 11.3057 11.1536 9.641 9.7005 9.8211 14.2216 17.8194 21.0163 26.2723 26.9428 23.9826 29.3324 34.5717 36.8946 38.231 41.9607 42.0319 42.2422 42.3463 42.0867 41.4042 38.376 34.1236 27.8979 27.3043 26.7554 23.8983 23.585 20.7277 19.4506 19.2912 19.168 17.4952 17.3603 16.6665 15.9497 15.8378 15.7515 13.3842 13.3235 11.5929 11.563 10.0984 9.5792 8.638 7.1763 5.8519 4.0346 4.0069 2.4974 2.478 1.1772 1.1688 1.1613 1.1548 1.1491 1.1441 1.1398 1.2813
20.0057 22.3564 22.3899 21.1257 21.0241 20.8877 18.0178 17.9668 17.894 13.9505 13.5442 11.2772 11.0279 9.5411 9.6314 13.1921 13.9714 18.8305 25.5565 29.4797 28.0393 32.7942 37.0755 37.9505 39.0815 40.503 41.2994 42.0157 42.475 42.7765 38.4617 33.8902 29.41 28.1173 27.1831 24.1907 23.6267 20.8541 20.2768 19.3921 19.2004 17.5696 17.3814 16.6657 15.9443 15.8046 14.0176 13.5964 13.3059 11.5907 11.555 10.098 10.0794 8.6375 7.1778 5.8554 5.5345 4.0087 2.5011 2.4787 1.1787 1.169 1.1605 1.1531 1.1467 1.1412 1.1365 1.2768 1.2893
20.0438 20.0465 22.3811 22.4264 21.1953 21.0673 20.8873 18.0329 17.9601 16.0971 13.9596 13.5507 11.2386 10.7672 9.3184 9.4183 12.4526 9.1434 34.9414 35.9559 33.7164 39.6785 41.4548 40.1327 40.5268 40.7048 41.2595 41.8011 42.1217 39.0329 33.627 29.6832 29.8785 28.6031 26.9799 24.0042 23.1699 20.4841 19.5905 19.2618 19.0474 17.4085 16.6553 15.9293 15.7519 14.0092 13.5782 11.8652 11.5863 11.5432 10.0969 9.157 8.6366 7.1798 7.1606 5.5356 4.0114 2.5061 2.4798 2.4572 1.1693 1.1596 1.1512 1.144 1.1378 1.1326 1.2714 1.2855 1.2985
20.0798 20.093 20.1047 20.1111 22.4836 21.3012 21.1359 20.8886 18.0621 17.9502 18.6117 14.0085 13.5965 11.1675 12.0835 9.6792 9.7175 17.508 27.0601 36.1438 36.5051 41.3778 42.1156 45.7403 44.5529 43.0958 42.9898 42.8769 35.5904 28.8353 29.495 29.9096 30.6117 29.7309 26.5769 23.1506 21.4822 20.4424 19.3809 18.3119 17.4399 16.6234 16.4287 14.1128 13.9919 13.5472 11.8665 11.8118 10.6373 10.0948 9.1576 8.6353 7.1827 7.1594 5.5376 4.0152 2.5126 2.4815 2.4549 1.1699 1.1586 1.1489 1.1407 1.1338 1.128 1.265 1.2809 1.2956 1.6098
23.9191 20.1338 20.1611 20.1906 20.2165 22.5787 21.4711 21.2504 20.8927 18.1261 17.9338 18.3542 14.2106 15.3905 11.9953 12.3069 19.5478 29.6663 32.2868 36.3589 38.3904 43.7616 45.0248 46.3035 45.2305 43.9681 43.3257 40.2329 25.9 28.0687 28.6043 29.7486 31.6376 33.4109 23.9903 21.8674 21.2617 19.9305 18.324 17.9777 16.5439 15.2638 14.1244 13.9568 12.5086 11.8653 11.7945 10.6362 10.091 9.1581 8.6333 7.187 7.158 5.5408 4.021 3.9736 2.484 2.4525 1.1708 1.1575 1.1463 1.1369 1.1291 1.1226 1.2574 1.2755 1.2921 1.6073 2.5038
22.1795 22.2149 23.8668 23.9994 24.1995 20.3938 22.7502 21.7616 21.451 20.8965 18.2969 17.9021 17.443 16.1456 18.3022 26.1839 32.6461 31.6273 39.7352 42.2144 44.7978 44.6559 45.3413 45.5768 45.3497 44.3461 40.642 27.0477 23.442 25.4792 25.6683 26.8605 31.1867 25.6557 22.6906 20.7849 19.338 18.2234 17.0037 15.5999 15.2491 14.6545 13.885 12.5078 11.8578 10.677 10.6331 10.084 9.1583 8.3047 7.1935 7.1564 5.546 4.0295 3.9713 2.4879 2.4498 1.1721 1.1562 1.1431 1.1322 1.1234 1.1162 1.2482 1.2689 1.2878 1.6044 2.4979 2.5344
22.0787 22.0966 22.1363 22.2116 23.8546 24.1435 24.581 23.0972 22.3007 21.7955 20.8432 18.9016 17.8227 14.0132 21.9519 35.9882 39.3315 42.5747 44.2583 43.9683 45.9859 45.264 45.2868 45.7213 45.8393 38.5845 26.8863 22.5003 22.5692 23.3341 23.7888 23.7793 24.2287 22.1477 19.6093 18.8177 17.7552 17.23 15.9032 15.1829 14.5043 13.2495 12.4933 12.3804 10.6895 10.6257 10.0711 9.1579 8.307 7.2037 7.1549 5.5546 5.2559 3.7347 2.4937 2.4468 1.174 1.1549 1.1393 1.1266 1.1164 1.1084 0.4553 1.2608 1.2827 1.601 1.6218 3.0311 3.2199
21.9643 21.956 21.9632 22.0008 22.0964 22.2997 24.086 24.8539 23.9356 24.3176 22.748 20.5587 30.0035 18.9877 25.5415 36.4979 43.3378 42.1807 43.6802 44.4772 44.7734 45.1097 45.2935 45.3327 45.7651 32.1284 23.8543 23.4363 22.3238 22.3658 22.7175 22.1998 20.8588 19.2036 18.4395 17.0101 16.628 15.5046 15.2218 13.86 13.1989 12.4385 12.2728 10.7074 10.6082 9.702 9.156 8.311 8.2808 7.1535 5.5687 5.2547 3.7403 2.5026 2.4437 1.177 1.1534 1.1346 1.1196 1.1078 1.0987 0.454 1.2508 1.2763 1.1912 1.6208 3.0256 3.2185 3.2497
21.8427 21.8007 21.7615 21.7351 21.7458 21.8498 22.1744 22.9752 25.7802 26.6683 27.5589 20.4824 21.6428 21.1984 24.5032 26.2655 37.4488 41.6864 44.5421 44.8439 45.1934 45.327 44.9561 41.7229 24.1283 23.9599 24.2186 23.6514 22.836 21.8435 21.3619 20.3113 19.4621 17.1942 17.1127 15.8857 15.5783 14.5006 13.7116 12.7451 12.1686 11.6303 10.7326 10.5668 9.711 9.1504 8.3187 8.2734 6.6376 6.5904 5.2551 3.751 3.6729 2.4404 1.1815 1.1518 1.1286 1.1107 1.097 0.4557 0.4524 1.2383 1.1612 1.1874 1.6196 3.0189 3.2169 3.2525 4.4449
21.7233 21.6445 21.5512 21.4424 21.324 21.2256 21.2577 21.7729 23.6292 28.0561 33.7096 28.7768 23.8378 22.0229 27.3937 29.9728 35.6668 43.4002 48.379 46.1737 45.7536 45.556 42.0574 32.0029 24.0079 24.0269 24.5154 23.677 22.6145 21.2326 19.4047 18.7144 17.4215 16.121 15.3462 14.9009 13.7534 13.3802 12.988 12.4544 11.4169 10.7873 10.4785 9.7241 9.1353 8.3345 8.2605 6.658 6.5855 5.2595 3.7711 3.0963 2.4371 2.3619 1.1501 1.121 1.0991 1.083 0.4541 0.4503 0.4473 1.1515 1.1825 1.6182 3.0108 3.215 3.2559 4.4463 5.6881
22.9006 22.712 22.4758 22.1742 21.7826 21.2739 20.1409 19.8544 20.8886 24.3967 28.2718 27.9103 25.1516 26.4445 30.2372 32.8799 36.4392 43.2107 46.3182 46.1471 45.6555 43.3124 32.2607 22.8225 23.2617 23.6431 24.6882 30.3537 21.6181 19.0566 18.1139 17.2895 16.1012 15.2465 14.1257 13.6449 13.1451 12.5985 11.7344 11.2277 10.7317 10.2587 9.6977 9.1036 8.3689 8.2349 6.7027 6.5805 5.2734 4.3723 3.0979 2.4342 2.3343 1.1482 1.1108 1.0838 1.0647 0.4707 0.4474 0.4441 1.1387 1.176 1.7012 2.2929 3.2128 4.417 4.4483 4.4748 7.345
22.8138 22.6012 22.3292 21.9713 21.4841 20.7955 19.7833 18.2033 18.7998 22.0377 24.6693 26.3369 27.6863 25.9479 27.6858 34.3695 36.6702 42.1094 43.272 44.9852 42.2768 32.3252 26.3978 23.1115 22.4356 22.2818 22.3628 20.3885 20.094 18.0144 16.7172 15.5188 15.1476 14.17 13.4768 12.8183 12.2434 11.5565 11.3497 10.5216 10.0244 9.4926 9.1365 8.4182 8.174 6.8101 6.58 5.3103 4.3754 3.1052 2.9745 1.7505 1.1461 1.0967 1.0626 0.4729 0.4671 0.4435 0.3371 1.1218 1.1672 1.6955 2.291 3.2103 4.4145 4.451 4.4814 7.339 7.3524
22.7771 22.5617 22.2887 21.9343 21.463 20.8244 19.9789 19.2861 20.1227 22.6557 23.6826 25.0171 25.8378 25.7991 29.585 35.0709 36.5662 38.1311 41.4044 38.2423 32.8474 27.8026 26.8234 25.4642 22.5372 21.8385 20.127 18.9701 17.6782 16.3598 15.7194 14.8497 13.6622 13.3143 12.623 11.8106 11.2616 10.8496 10.0537 9.8679 9.3927 9.0972 8.3094 8.0127 7.0578 6.6105 5.6879 4.3936 3.1259 2.9202 1.7443 1.2594 1.076 1.0325 0.4691 0.4618 0.438 0.3357 0.3385 1.155 1.6879 2.2889 3.2074 3.7591 4.4547 4.49 7.3316 7.3474 8.1207
22.7897 22.5914 22.3485 22.0492 21.6824 21.2527 20.837 20.7646 21.8134 23.1862 24.9811 25.9836 25.8105 26.3636 26.7585 33.2422 37.5352 30.4633 31.7963 31.6565 27.5737 28.3134 28.1568 27.266 22.5572 20.6352 18.8051 17.8627 16.2456 15.6817 14.3157 13.8429 12.9117 12.5705 11.8293 11.2093 10.3793 9.9378 9.591 8.9698 8.4975 8.2517 7.8493 7.4711 6.7688 5.5303 4.4419 4.0506 2.8303 1.7377 1.2316 1.0437 0.5802 0.463 0.4539 0.4299 0.334 0.3375 1.1378 1.6774 1.7288 2.3365 3.7581 4.4598 4.5013 7.3222 7.3412 8.1144 8.1329
22.844 22.6766 22.4831 22.2645 22.0323 21.8266 21.7548 22.049 23.001 24.8199 27.8225 27.2776 26.2086 28.9102 29.835 30.5948 29.3051 27.4242 23.1841 25.706 26.9809 28.7153 31.3202 27.8673 20.9372 19.4273 17.8051 16.5363 15.7392 14.3469 13.7046 13.4089 12.1918 11.4591 11.2484 10.53 9.8951 9.3679 8.9682 8.2427 8.0558 7.6679 7.2038 6.5533 6.251 4.194 3.8213 2.0618 1.7685 1.178 0.6062 0.4886 0.4526 0.4414 0.2572 0.3315 0.3362 0.8111 1.6625 1.7285 2.3465 3.7568 4.4671 6.0921 7.3102 7.3334 8.1067 8.1288 8.1476
22.9286 22.7981 22.6593 22.5217 22.4082 22.3661 22.4848 22.9036 23.7842 25.2536 26.7293 26.732 27.1556 29.7471 31.0175 31.542 30.0305 27.8435 23.2416 22.6525 25.0843 25.4457 36.6184 27.6827 19.9507 17.4622 16.816 15.6104 14.4542 13.7328 13.0674 11.9624 11.2483 10.8168 10.3223 9.8016 9.4169 8.9934 8.4941 7.9258 7.4776 7.173 6.2296 5.865 3.9944 3.4947 2.2608 1.5785 0.7753 0.6127 0.4746 0.4336 0.4207 0.2574 0.3278 0.3343 0.7992 1.6404 1.7278 2.4365 3.7553 4.4775 6.0816 6.1069 7.3233 7.3478 8.1239 8.1463 8.8358
23.0311 22.9371 22.848 22.777 22.7478 22.8002 22.9932 23.3986 24.0684 24.9441 26.307 26.9833 29.4324 31.0218 32.6888 32.4987 31.4029 29.2176 23.4513 23.2495 22.5285 22.3388 21.8766 20.8542 17.5133 16.501 15.5693 14.6711 13.6496 13.2522 12.0543 11.7104 10.9319 10.0371 9.7717 9.4728 8.647 8.3242 7.7818 7.249 6.9315 6.1715 4.613 4.1287 3.4518 2.9145 1.3079 0.8658 0.4942 0.4335 0.2783 0.2748 0.2576 0.2552 0.3315 0.782 1.6067 1.7262 2.4424 3.7534 4.9851 6.0667 6.0994 7.3098 7.3407 8.118 8.1453 8.8366 8.8684
23.1409 23.0787 23.0295 23.0062 23.0284 23.1237 23.3254 23.662 24.9293 25.7099 26.5854 28.7128 30.616 32.1419 32.9115 34.3079 34.4705 30.683 24.196 23.5553 22.8513 21.4981 19.2332 17.9322 16.5991 15.662 14.2508 13.8893 12.8653 12.2838 11.4708 10.5668 10.4444 9.7708 9.1415 8.5502 8.033 7.676 7.0827 6.6818 6.1045 4.8038 4.2942 3.3812 2.7926 1.1543 0.9703 0.4981 0.3322 0.2958 0.2764 0.2576 0.3099 0.3258 0.7552 0.8302 2.3271 2.4515 3.7512 4.9716 5.0189 6.0884 7.2913 7.3313 8.1107 8.1445 8.8383 8.8762 10.6867
