normal_rasters/0772100000296471.ascii
ncols 115 
nrows 99 
xllcorner 159510.528015
yllcorner 383964.716003
cellsize 0.25
nodata_value -9999 
[rows 62 to 92 of 99, columns 0 to 70 of 115]
2.6719 2.6665 2.659 2.6482 2.6321 2.429 2.4661 2.3994 2.2848 1.9867 2.0258 1.9657 1.9584 1.9241 1.57 1.404 1.0702 0.8055 0.653 0.6266 0.6418 0.6382 0.6294 0.6948 0.739 0.7396 0.7412 0.7463 0.8199 0.8516 0.8623 0.8855 0.9429 0.9829 0.9972 1.008 1.0122 1.0124 1.0129 1.0139 1.0094 1.0055 1.0058 0.9478 0.9389 0.9241 0.8957 0.8217 0.7601 0.7587 0.758 0.7576 0.7502 0.7577 0.7562 0.7526 0.718 0.7267 0.726 0.7692 0.8593 0.9114 0.881 0.7604 0.8114 0.8201 0.7458 0.7344 0.7289 0.7361 0.7629
2.0251 2.1542 2.1479 2.2807 2.2573 1.5869 1.7899 1.7935 1.7905 1.7553 1.735 1.8058 1.6448 1.6167 1.5009 1.3434 1.1376 0.7953 0.6262 0.6624 0.7174 0.6507 0.6897 0.7292 0.7432 0.7526 0.744 0.7594 0.8464 0.8707 0.875 0.9423 0.9842 0.9903 1.006 1.009 0.9777 0.9875 0.9714 0.9212 0.919 0.9607 0.9511 0.9119 0.9088 0.889 0.8144 0.7595 0.7414 0.753 0.752 0.6982 0.6838 0.7335 0.698 0.6732 0.6496 0.6951 0.7047 0.8419 0.8938 0.8449 0.7816 0.7576 0.7525 0.7068 0.6354 0.6452 0.6338 0.7386 0.8004
1.3778 1.3807 1.3844 1.3892 1.3957 1.4047 1.5384 1.5444 1.5514 1.5315 1.511 1.4785 1.4271 1.3809 1.2977 1.1847 0.8929 0.6539 0.662 0.7353 0.7297 0.7257 0.7399 0.7468 0.755 0.7631 0.8187 0.8626 0.8858 0.9094 0.9557 0.977 0.9607 0.9769 0.9797 0.9818 0.913 0.9174 0.9165 0.9101 0.9031 0.9067 0.9029 0.8973 0.8716 0.8056 0.7575 0.7035 0.6616 0.6986 0.6844 0.6487 0.647 0.6606 0.6531 0.647 0.6561 0.7447 0.7964 0.8984 0.8538 0.7591 0.7283 0.6854 0.639 0.6374 0.6202 0.6203 0.63 0.7618 0.9539
1.3542 1.3518 1.3484 1.3433 1.3356 1.1978 1.1943 1.1884 1.1792 1.1793 1.2357 1.2978 1.2502 1.2193 1.1651 1.0016 0.76 0.6464 0.6533 0.6824 0.7325 0.7287 0.7479 0.7594 0.7793 0.8321 0.87 0.8809 0.9002 0.9365 1.0066 0.9294 0.8931 0.8814 0.8899 0.9043 0.9171 0.9013 0.8916 0.9023 0.8973 0.8674 0.8073 0.814 0.7597 0.6943 0.669 0.6485 0.6434 0.6466 0.6343 0.6469 0.6462 0.6462 0.6299 0.63 0.6525 0.7587 0.7937 0.7961 0.793 0.7543 0.6583 0.6244 0.5863 0.5466 0.5725 0.5332 0.6586 0.8711 1.074
1.3313 1.3241 1.3142 1.1763 1.1664 1.1511 1.1263 1.0836 1.0063 0.8523 0.7252 0.9268 1.0642 1.0346 0.9348 0.7216 0.7233 0.6586 0.6538 0.6682 0.6795 0.7 0.7237 0.7675 0.8281 0.8273 0.8503 0.9014 0.9029 0.9112 0.9059 0.8726 0.8721 0.8721 0.8718 0.8215 0.8208 0.8556 0.843 0.8913 0.8316 0.7942 0.7776 0.7029 0.6535 0.6302 0.5997 0.5808 0.6333 0.6426 0.5902 0.6025 0.6387 0.6162 0.5729 0.5517 0.689 0.7885 0.7864 0.7748 0.7552 0.7043 0.6545 0.5792 0.514 0.5119 0.5027 0.6077 0.7849 0.9569 1.1552
1.3104 1.1736 1.0234 1.0145 1.0015 0.9821 0.776 0.7627 0.7421 0.7095 0.7294 0.6082 0.5925 0.6452 0.7407 0.6807 0.6666 0.6557 0.7187 0.6815 0.6707 0.6859 0.6902 0.7417 0.7723 0.7723 0.7614 0.8366 0.8354 0.885 0.8452 0.8149 0.8579 0.8652 0.8226 0.7672 0.7868 0.8351 0.8305 0.8592 0.795 0.7494 0.7365 0.6794 0.6291 0.5424 0.5433 0.5472 0.574 0.5756 0.5367 0.5361 0.5427 0.5384 0.5297 0.5165 0.6159 0.7499 0.7475 0.7216 0.6708 0.6488 0.6149 0.4866 0.4973 0.5087 0.5014 0.5317 0.9029 1.1997 1.2061
0.8862 0.8813 0.8746 0.6975 0.6975 0.6975 0.6974 0.664 0.6671 0.6698 0.6538 0.6397 0.6 0.6293 0.5901 0.6496 0.6475 0.6649 0.7049 0.7215 0.6914 0.708 0.6879 0.6938 0.7018 0.7056 0.7201 0.7438 0.7771 0.7824 0.7849 0.767 0.7083 0.8088 0.8175 0.7894 0.8621 0.8986 0.8894 0.9006 0.7967 0.6942 0.7076 0.7386 0.6665 0.6307 0.6251 0.6326 0.5534 0.5042 0.4895 0.5092 0.4816 0.4539 0.4259 0.5086 0.6192 0.672 0.6941 0.6602 0.6198 0.5577 0.4623 0.3999 0.4143 0.4082 0.4197 0.5653 0.9167 1.1079 1.2054
0.9164 0.9138 0.6982 0.6984 0.6985 0.6988 0.6991 0.6996 0.7002 0.6998 0.6728 0.67 0.6878 0.6741 0.6636 0.6504 0.6508 0.6524 0.6575 0.7203 0.7476 0.7495 0.6979 0.7042 0.6894 0.74 0.7465 0.7369 0.7043 0.7012 0.7352 0.7259 0.6803 0.7099 0.8004 0.8182 0.8474 0.8442 0.8936 0.8362 0.7684 0.7206 0.7271 0.759 0.7448 0.662 0.5731 0.5916 0.5167 0.4831 0.4329 0.4057 0.3966 0.3951 0.4166 0.536 0.6707 0.6836 0.6738 0.5777 0.543 0.5058 0.4312 0.3988 0.3987 0.3755 0.3165 0.7177 0.9112 1.1304 1.2101
1.1629 1.163 1.163 1.1779 1.1746 1.169 1.1591 1.1398 1.0766 0.9755 0.7513 0.7329 0.8007 0.8146 0.6956 0.6555 0.6607 0.6874 0.7254 0.756 0.7579 0.7163 0.655 0.7147 0.7332 0.8312 0.7781 0.7453 0.7076 0.7292 0.7921 0.7773 0.7238 0.7441 0.8378 0.8872 0.8032 0.7844 0.7485 0.7398 0.7415 0.6836 0.6815 0.7475 0.7572 0.721 0.6479 0.6362 0.524 0.51 0.4694 0.3432 0.3064 0.3097 0.3959 0.5999 0.6313 0.6218 0.596 0.5692 0.4781 0.4282 0.3923 0.3928 0.3911 0.3195 0.3018 0.6646 1.119 1.2196 1.2217
1.2 1.2028 1.2063 1.211 1.217 1.2248 1.2345 1.3095 1.293 1.2332 1.0469 0.8611 1.1886 0.8995 1.0212 0.7875 0.6639 0.8704 1.0437 0.841 0.7576 0.7069 0.6473 0.6561 0.6827 0.7142 0.7693 0.7683 0.7018 0.7693 0.8113 0.8693 0.8393 0.8945 0.8264 0.8344 0.7835 0.7536 0.6568 0.65 0.667 0.6463 0.6579 0.6791 0.7289 0.6999 0.705 0.7216 0.6165 0.5147 0.5165 0.4855 0.3299 0.2773 0.2725 0.5335 0.5927 0.5845 0.5843 0.5497 0.45 0.3876 0.3144 0.3367 0.3412 0.2878 0.4678 0.8419 1.0499 1.2564 1.2531
1.2171 1.2234 1.2316 1.7685 1.7629 1.7561 1.7479 1.7388 1.7317 1.5295 1.6412 1.4862 1.3495 1.5657 1.5879 1.8037 1.3135 1.3964 1.4668 1.3387 0.9324 0.7386 0.6935 0.6511 0.7365 0.7827 0.7425 0.785 0.7428 0.8296 0.8428 0.811 0.7956 0.7207 0.7349 0.7684 0.7543 0.8474 0.7915 0.6636 0.6667 0.7353 0.6538 0.6331 0.5756 0.6128 0.6291 0.6235 0.6257 0.5988 0.6362 0.5688 0.3997 0.2975 0.2577 0.4944 0.5564 0.5821 0.5837 0.5752 0.462 0.3295 0.289 0.2924 0.2719 0.2561 0.2529 0.5685 1.1946 1.2517 1.3036
1.8039 1.8053 1.8074 1.8107 1.8159 1.8243 1.8377 1.8595 2.2127 2.1237 1.9329 2.4019 2.8187 2.1844 2.1717 3.0032 3.112 2.3198 1.9404 1.9503 1.8371 1.2008 1.0081 0.8718 0.9815 0.9005 1.0334 1.0307 0.9304 0.8613 0.907 0.9813 0.9886 0.9455 0.8976 0.8598 0.8642 0.8866 0.8616 0.8281 0.7327 0.8284 0.7826 0.5926 0.5432 0.5319 0.5309 0.5377 0.5959 0.5813 0.646 0.64 0.532 0.3781 0.3267 0.3466 0.5032 0.5426 0.5669 0.4813 0.4263 0.3094 0.2759 0.2832 0.2142 0.1965 0.253 0.5119 0.8702 1.1925 1.615
5.5925 5.5464 4.7192 4.6632 4.5863 4.4776 4.3207 3.1904 3.1015 3.0009 3.1003 3.8354 3.8445 4.6929 4.4884 3.6774 4.1877 4.5966 3.3579 3.073 2.6376 2.7175 2.3268 2.0501 1.3125 1.5868 1.4323 1.1572 1.5308 1.4568 1.0681 1.2137 1.4676 1.1348 1.0263 0.9157 0.9727 1.0293 0.8838 0.8415 0.8526 0.7797 0.8433 0.7027 0.6726 0.5464 0.5455 0.5185 0.5206 0.5423 0.5929 0.6191 0.6109 0.5037 0.3373 0.3534 0.5438 0.5045 0.4982 0.4546 0.3176 0.207 0.1997 0.1976 0.1287 0.1463 0.1334 0.3738 0.6866 1.0204 2.3299
6.2051 6.1891 6.1689 6.1429 6.1085 6.0618 4.783 4.7301 4.6677 3.6613 4.2237 5.7452 5.9057 5.82 5.9039 6.092 5.1637 5.2253 5.8099 4.7533 4.6648 3.8243 3.6529 3.5167 3.3282 2.0541 2.3872 2.4569 2.4173 2.3231 1.8577 1.9602 1.8254 1.5992 1.254 1.2497 1.1266 1.1329 1.0826 0.8184 0.828 0.8767 0.8703 0.869 0.8448 0.8103 0.6102 0.5503 0.5116 0.5114 0.5239 0.5865 0.6151 0.6076 0.4545 0.4387 0.5583 0.4996 0.4872 0.439 0.3283 0.186 0.1248 0.1139 0.0957 0.115 0.1429 0.3125 0.657 0.9794 2.4405
6.3629 6.3801 6.4043 6.4393 6.4912 6.5707 6.6966 6.9001 7.4653 8.2199 7.9184 7.4 7.3408 8.1974 7.8206 7.2078 7.6882 7.2796 7.2533 7.4564 6.9983 6.8361 5.3676 4.3258 4.9509 5.0301 3.7769 3.5329 3.1225 3.0156 2.4858 2.3191 2.2717 1.924 1.7962 1.7098 1.4637 1.4094 1.1465 1.0619 1.0213 1.0257 0.8921 0.8703 0.8642 0.8561 0.8319 0.6852 0.5186 0.4829 0.4563 0.5176 0.5644 0.5612 0.3944 0.3713 0.4775 0.4918 0.4769 0.4435 0.3288 0.2224 0.1224 0.1033 0.1097 0.1213 0.2087 0.276 0.6396 0.7677 2.2722
6.5159 6.5639 6.6286 6.7179 6.8445 9.1314 9.2646 9.6904 9.8452 10.9151 10.8179 10.4328 9.6713 9.2736 9.7838 10.0522 8.9554 9.4913 9.4545 9.3597 9.1172 9.19 9.1635 6.8713 5.6375 6.4023 5.7908 5.0115 4.2268 3.5635 3.6541 3.059 2.7536 2.6104 2.2132 1.9209 1.9965 1.6988 1.5259 1.2707 1.1508 1.1441 1.0754 0.894 0.868 0.8626 0.8573 0.8293 0.7134 0.4428 0.4021 0.4299 0.4526 0.4576 0.3294 0.2287 0.2825 0.4384 0.4851 0.4076 0.3406 0.2618 0.1777 0.1297 0.1129 0.1259 0.139 0.2758 0.6468 0.7417 2.2315
8.1876 9.0805 9.1392 9.218 12.3529 11.3567 11.3525 11.3478 11.3341 11.2665 10.9922 11.3205 13.3872 11.3239 11.2855 11.8932 11.1435 11.4481 11.9934 11.3197 11.4437 10.1289 10.3297 10.2073 8.0698 7.1378 7.3331 6.7244 6.0462 5.1153 4.2045 4.2729 3.5586 3.0162 2.8851 2.4924 2.0681 2.0754 1.9085 1.8358 1.5005 1.2225 1.2108 1.1286 0.8911 0.8627 0.8652 0.856 0.8541 0.7504 0.4719 0.3984 0.4038 0.3886 0.2735 0.1798 0.218 0.3582 0.4452 0.4258 0.3749 0.3081 0.2224 0.1446 0.1217 0.117 0.1389 0.2767 0.4807 0.7318 2.2108
15.4005 15.3507 15.2882 15.2081 15.1028 13.881 13.7629 13.5918 13.3414 13.0115 12.7703 14.1981 14.8679 15.7027 13.9401 13.7539 14.2005 14.0216 13.5782 13.0428 12.7471 12.067 10.9444 11.1369 11.1281 9.782 8.0037 7.7529 7.4942 6.7762 5.656 4.923 4.9946 3.8926 3.3155 3.2747 2.8372 2.2049 2.1648 2.2326 2.236 1.6053 1.2381 1.3072 1.2056 0.9358 0.8842 0.8554 0.8553 0.8173 0.4597 0.411 0.399 0.391 0.248 0.219 0.2329 0.3273 0.3826 0.4233 0.3855 0.3286 0.2801 0.1844 0.1278 0.1222 0.139 0.2596 0.2992 0.7295 0.7801
15.5431 15.5217 15.497 15.4684 15.4355 15.3985 15.3598 15.3288 15.3355 15.4629 14.821 17.1601 17.5613 17.4033 16.969 16.1158 15.8064 15.094 14.6544 14.2013 13.5462 13.6057 12.8543 11.7076 11.9469 11.7772 9.9102 8.5268 7.9929 7.559 7.4465 6.0251 5.7333 5.5215 4.6254 3.8654 3.5516 3.1441 2.4833 2.2978 2.4183 2.3653 1.6017 1.3435 1.3579 1.2657 0.9619 0.8553 0.8553 0.784 0.5144 0.4325 0.3987 0.3669 0.2944 0.2342 0.2667 0.3193 0.3567 0.3798 0.4096 0.3374 0.3178 0.2404 0.1659 0.1258 0.1499 0.258 0.2778 0.5186 0.7696
17.4786 17.478 17.4815 17.4923 17.5162 17.5638 15.9783 16.2072 18.7115 18.4403 20.2079 20.5703 20.3337 19.2743 18.7989 17.7347 17.1336 16.8711 15.8411 15.2454 15.0109 14.0216 14.0495 13.5097 12.4983 12.4098 12.167 11.2046 9.9579 8.889 8.3098 8.1568 6.7999 6.3765 5.9371 4.8847 4.3554 4.3895 3.5147 2.8215 2.4828 2.3758 1.9628 1.5512 1.4176 1.3818 1.0272 0.8708 0.8552 0.7793 0.6252 0.5137 0.3987 0.3638 0.3059 0.2518 0.2869 0.3195 0.3442 0.3209 0.4125 0.3412 0.3268 0.2512 0.1727 0.1627 0.152 0.2574 0.2732 0.514 0.7638
17.7029 17.7449 17.8033 20.55 20.6062 20.6913 20.8191 22.6801 22.5883 22.4045 22.0136 21.4693 21.6711 20.8714 20.2456 19.545 17.9401 17.4953 17.453 16.4968 15.5575 15.8779 14.8455 14.4868 14.2753 13.0616 13.0902 12.6509 11.7623 10.9726 9.5813 8.8229 8.8129 7.6574 6.9363 5.4701 4.9127 4.8234 4.5699 3.5383 2.8119 2.1206 1.9228 1.7267 1.552 1.2684 1.0827 0.9322 0.9137 0.7748 0.6608 0.5492 0.465 0.3622 0.348 0.2935 0.2994 0.3216 0.3386 0.3113 0.3645 0.3428 0.332 0.3226 0.2461 0.1684 0.1536 0.1551 0.2704 0.2823 0.7607
20.6554 20.7028 20.7662 20.8516 22.8421 22.8436 22.8452 22.8466 22.8476 22.8487 22.8525 22.7426 22.1387 21.9617 21.5319 20.9558 20.1333 18.1029 17.8975 18.1265 17.3076 16.1863 16.4612 15.7978 15.0944 14.8699 14.4392 13.9323 12.6216 11.994 11.4839 10.3287 9.5344 8.8538 8.32 7.7047 5.7669 5.153 5.421 4.0125 3.5522 2.5718 2.048 1.8724 1.6247 1.3829 1.1035 1.0374 0.9394 0.7742 0.6775 0.5675 0.5458 0.361 0.3515 0.3006 0.3073 0.3127 0.3361 0.3055 0.3101 0.3435 0.3351 0.3276 0.252 0.1724 0.1549 0.1559 0.2687 0.2787 0.7592
20.8209 22.8706 22.879 22.8902 22.9056 22.9277 22.9613 23.0157 23.1118 23.2974 23.6641 23.9792 23.8143 22.7581 22.3339 22.1526 22.2479 21.6089 18.5553 18.4223 18.7149 18.046 17.3814 16.9076 17.2073 16.4775 15.2956 15.4621 14.7636 12.6373 12.6364 12.1618 11.4322 10.4454 8.8833 8.3263 7.9265 6.3719 6.5952 9.1598 11.8653 10.1988 8.5775 3.7611 1.5826 1.4811 1.2654 1.0657 0.9561 0.7734 0.6848 0.5831 0.559 0.4387 0.3533 0.3057 0.3123 0.3154 0.3351 0.3019 0.306 0.2911 0.3371 0.331 0.2561 0.1753 0.1698 0.1565 0.1575 0.2762 0.5162
23.7973 23.8008 23.8064 23.8152 23.8292 23.8514 23.8876 23.9473 24.5534 25.1513 25.0419 25.0986 24.7683 24.3516 23.4954 22.8649 22.5187 22.9272 21.5294 19.3633 19.5969 19.3398 19.2771 18.7502 17.8465 17.953 17.4578 15.8498 16.025 15.7874 13.2602 13.039 12.9452 12.0209 11.3038 9.0016 8.3781 8.2254 9.6462 8.7722 19.8053 14.2024 13.1597 11.6726 6.5944 2.7419 1.2941 1.2371 1.0555 0.8697 0.6877 0.5915 0.5717 0.4453 0.3543 0.3089 0.3016 0.3175 0.3216 0.2996 0.3031 0.3055 0.2858 0.3333 0.259 0.2526 0.1725 0.1571 0.1578 0.2744 0.2812
23.8512 23.8641 23.8814 23.9053 23.9388 24.9524 25.3946 25.3877 25.3865 25.4064 25.4974 25.8024 26.4252 25.9956 25.0967 24.2691 23.6236 23.1057 23.34 22.353 20.2881 20.3714 20.2393 20.2112 19.8674 19.2004 18.7548 18.0087 17.0146 16.9778 16.5584 14.3725 14.0677 13.9445 12.652 11.9072 9.455 9.1456 8.2107 11.6405 8.4715 11.926 11.9667 12.3621 8.3718 8.1037 5.3369 2.4188 1.0681 0.877 0.857 0.596 0.5799 0.4497 0.4371 0.3109 0.305 0.319 0.3221 0.298 0.301 0.3033 0.285 0.335 0.2609 0.2554 0.1744 0.1707 0.1581 0.1588 0.2791
23.9024 24.7812 24.7998 25.4466 25.4482 25.4526 25.4623 25.4827 25.5255 25.6175 25.8214 26.592 27.0932 27.1722 26.8098 25.0122 24.8874 24.4388 24.1893 24.1928 23.3779 21.9506 21.4314 21.1726 21.1381 21.3187 20.7787 20.177 19.312 18.4062 17.9945 16.8817 15.4432 14.9528 14.5168 13.6108 12.9746 10.3162 9.2185 8.0527 8.92 8.6664 9.1926 11.6029 12.1357 8.3938 8.0046 6.5945 2.5114 0.8816 0.8652 0.5983 0.5851 0.5741 0.4418 0.3121 0.3072 0.3204 0.3226 0.297 0.2995 0.3016 0.2843 0.2821 0.3329 0.2574 0.1759 0.1726 0.1584 0.1589 0.2776
25.465 25.467 25.4704 25.4757 25.4843 25.4981 25.5207 25.5584 25.6226 26.2508 26.9082 26.9688 27.1656 27.6869 27.7915 27.6046 26.2298 25.9259 25.0606 25.0493 24.4974 24.2878 23.1066 22.7998 22.6361 22.8028 23.11 22.0005 21.6793 19.8411 19.5387 18.9532 17.6565 16.8107 16.3345 14.6175 14.0968 12.7657 10.1344 8.6915 8.4258 8.7443 9.0137 9.1403 9.1915 9.2109 8.3671 7.8956 6.5359 2.3725 0.8709 0.5992 0.5885 0.579 0.4451 0.437 0.3088 0.3219 0.3231 0.3252 0.2984 0.3002 0.2836 0.2818 0.3342 0.2589 0.2548 0.1741 0.1586 0.1591 0.2765
25.4809 25.4856 25.4923 25.5018 25.5154 25.5355 25.5651 26.1716 26.8593 26.9112 26.9915 27.5126 27.6155 28.0295 28.4884 28.6064 28.2302 27.515 26.8374 25.9931 26.2645 26.2599 25.9478 25.114 24.9367 24.3791 24.7501 24.4497 24.0229 23.0954 21.2992 21.3994 21.104 19.0743 18.2375 17.8269 14.549 13.2959 11.6775 10.3255 8.3283 8.8275 8.9726 9.0743 9.1334 9.1655 9.1825 8.0993 7.8295 6.5098 2.3749 0.7838 0.5906 0.5825 0.4475 0.4404 0.31 0.3068 0.3235 0.3252 0.2976 0.2992 0.3006 0.2816 0.28 0.2601 0.2564 0.1752 0.1728 0.1592 0.1596
25.4955 25.5023 25.5114 25.5237 26.1233 26.1484 26.1848 26.8743 26.9099 27.5158 27.5443 27.9314 28.0082 28.3703 28.5307 28.4398 28.9287 28.1682 27.7215 27.2682 27.2987 26.934 27.033 27.111 26.5218 26.4858 25.2758 25.1796 25.6814 25.8559 23.6446 22.6244 23.4844 21.0727 19.1215 17.6624 15.584 13.8916 12.4593 10.901 9.3885 8.2737 8.9789 9.049 9.0999 9.1336 9.155 9.1683 7.9955 7.7894 6.4986 3.6114 0.5919 0.585 0.5789 0.443 0.3108 0.308 0.3237 0.3253 0.297 0.2984 0.2997 0.2813 0.28 0.2609 0.2577 0.2543 0.1739 0.1593 0.1597
25.5084 25.5167 26.1248 26.1402 26.1614 26.1901 26.8815 26.9072 27.5385 27.5592 27.9526 27.9947 28.0638 28.4422 28.5522 28.5709 28.6079 28.0686 27.8217 27.2584 27.0882 27.0947 27.0624 27.0676 27.0376 27.139 26.0504 25.4581 25.9652 26.0282 24.7454 23.3162 22.9291 21.5149 19.972 16.9745 15.8691 14.2038 13.773 11.1207 10.6845 9.3686 9.3552 9.3877 9.0829 9.1133 9.135 9.1501 9.1604 7.9247 7.7649 3.8361 3.6246 0.5867 0.5813 0.445 0.4401 0.309 0.3244 0.3254 0.2965 0.2978 0.2989 0.281 0.2799 0.2788 0.2586 0.2556 0.1748 0.173 0.1597
26.1268 26.1371 26.1508 26.1685 26.8703 26.8849 26.9043 27.5513 27.5666 27.9645 27.9902 28.0293 28.4146 28.4742 28.6464 28.5071 28.4979 27.9206 27.8209 27.2251 27.1945 27.0054 27.3248 26.9963 26.6925 26.737 26.3729 26.1361 25.7593 25.4639 24.6942 24.0825 22.4613 21.7205 20.3801 17.8409 15.9363 15.5375 13.9774 12.7301 10.8952 9.5197 9.3876 9.4188 9.441 9.1011 9.1212 9.1364 9.1476 9.1558 7.876 6.7023 3.8076 2.165 0.5832 0.4465 0.4421 0.3097 0.3249 0.3255 0.3265 0.2973 0.2983 0.2992 0.2798 0.2789 0.2594 0.2566 0.2541 0.1739 0.1598
